6.947847844486457286e-310 6.947847844486457286e-310
0.000000000000000000e+00 -5.487271341822539394e-01
0.000000000000000000e+00 -5.487271341822539394e-01
0.000000000000000000e+00 -9.951527116155279851e-01
0.000000000000000000e+00 -9.951527116155279851e-01
0.000000000000000000e+00 -9.951527116155279851e-01
0.000000000000000000e+00 -9.951527116155279851e-01
0.000000000000000000e+00 -9.951527116155279851e-01
0.000000000000000000e+00 -9.951527116155279851e-01
0.000000000000000000e+00 -9.951527116155279851e-01
0.000000000000000000e+00 -1.688565041093674335e+00
