6.905975027517310017e-310 5.690604235770126993e-315
0.000000000000000000e+00 1.948115161458667615e+02
0.000000000000000000e+00 5.705574910977869729e-01
0.000000000000000000e+00 5.705574910977869729e-01
0.000000000000000000e+00 5.705574910977869729e-01
0.000000000000000000e+00 5.705574910977869729e-01
0.000000000000000000e+00 5.705574910977869729e-01
0.000000000000000000e+00 5.705574910977869729e-01
0.000000000000000000e+00 5.705574910977869729e-01
0.000000000000000000e+00 5.705574910977869729e-01
0.000000000000000000e+00 5.705574910977869729e-01
0.000000000000000000e+00 5.705574910977869729e-01
0.000000000000000000e+00 5.705574910977869729e-01
0.000000000000000000e+00 5.705574910977869729e-01
0.000000000000000000e+00 5.705574910977869729e-01
0.000000000000000000e+00 5.705574910977869729e-01
0.000000000000000000e+00 5.705574910977869729e-01
0.000000000000000000e+00 5.705574910977869729e-01
0.000000000000000000e+00 5.705574910977869729e-01
0.000000000000000000e+00 5.705574910977869729e-01
0.000000000000000000e+00 5.705574910977869729e-01
0.000000000000000000e+00 5.705574910977869729e-01
0.000000000000000000e+00 5.705574910977869729e-01
0.000000000000000000e+00 5.705574910977869729e-01
0.000000000000000000e+00 5.705574910977869729e-01
0.000000000000000000e+00 5.705574910977869729e-01
0.000000000000000000e+00 5.705574910977869729e-01
0.000000000000000000e+00 5.705574910977869729e-01
0.000000000000000000e+00 5.705574910977869729e-01
1.000000000000000000e+00 1.038564849256118805e+01
1.000000000000000000e+00 3.263259937569816138e+00
1.000000000000000000e+00 3.263259937569816138e+00
1.000000000000000000e+00 3.263259937569816138e+00
1.000000000000000000e+00 3.263259937569816138e+00
1.000000000000000000e+00 3.263259937569816138e+00
1.000000000000000000e+00 3.263259937569816138e+00
1.000000000000000000e+00 3.263259937569816138e+00
1.000000000000000000e+00 3.263259937569816138e+00
1.000000000000000000e+00 3.263259937569816138e+00
1.000000000000000000e+00 3.263259937569816138e+00
1.000000000000000000e+00 3.263259937569816138e+00
1.000000000000000000e+00 3.263259937569816138e+00
1.000000000000000000e+00 3.263259937569816138e+00
1.000000000000000000e+00 3.263259937569816138e+00
1.000000000000000000e+00 3.263259937569816138e+00
1.000000000000000000e+00 3.263259937569816138e+00
1.000000000000000000e+00 3.263259937569816138e+00
1.000000000000000000e+00 3.263259937569816138e+00
1.000000000000000000e+00 3.263259937569816138e+00
1.000000000000000000e+00 3.263259937569816138e+00
1.000000000000000000e+00 3.263259937569816138e+00
1.000000000000000000e+00 3.263259937569816138e+00
1.000000000000000000e+00 3.263259937569816138e+00
1.000000000000000000e+00 3.263259937569816138e+00
1.000000000000000000e+00 3.263259937569816138e+00
1.000000000000000000e+00 3.263259937569816138e+00
1.000000000000000000e+00 3.263259937569816138e+00
2.000000000000000000e+00 4.047898402919002336e+01
2.000000000000000000e+00 2.604001135433447800e+01
2.000000000000000000e+00 1.462191812022157755e+01
2.000000000000000000e+00 1.462191812022157755e+01
2.000000000000000000e+00 4.558259891641307071e+00
2.000000000000000000e+00 4.558259891641307071e+00
2.000000000000000000e+00 4.558259891641307071e+00
2.000000000000000000e+00 4.558259891641307071e+00
2.000000000000000000e+00 4.558259891641307071e+00
2.000000000000000000e+00 4.558259891641307071e+00
2.000000000000000000e+00 4.558259891641307071e+00
2.000000000000000000e+00 2.480718955063399900e+00
2.000000000000000000e+00 2.480718955063399900e+00
2.000000000000000000e+00 2.480718955063399900e+00
2.000000000000000000e+00 2.480718955063399900e+00
2.000000000000000000e+00 2.480718955063399900e+00
2.000000000000000000e+00 2.480718955063399900e+00
2.000000000000000000e+00 2.480718955063399900e+00
2.000000000000000000e+00 2.480718955063399900e+00
2.000000000000000000e+00 2.480718955063399900e+00
2.000000000000000000e+00 2.480718955063399900e+00
2.000000000000000000e+00 2.480718955063399900e+00
2.000000000000000000e+00 2.480718955063399900e+00
2.000000000000000000e+00 2.480718955063399900e+00
2.000000000000000000e+00 2.480718955063399900e+00
2.000000000000000000e+00 9.125159386489749558e-01
2.000000000000000000e+00 9.125159386489749558e-01
2.000000000000000000e+00 7.398426796992102483e-01
3.000000000000000000e+00 8.992576776211805623e+01
3.000000000000000000e+00 1.691127438097020885e+01
3.000000000000000000e+00 1.691127438097020885e+01
3.000000000000000000e+00 1.691127438097020885e+01
3.000000000000000000e+00 1.691127438097020885e+01
3.000000000000000000e+00 1.691127438097020885e+01
3.000000000000000000e+00 1.691127438097020885e+01
3.000000000000000000e+00 1.691127438097020885e+01
3.000000000000000000e+00 1.691127438097020885e+01
3.000000000000000000e+00 1.691127438097020885e+01
3.000000000000000000e+00 6.444641315445925223e+00
3.000000000000000000e+00 6.444641315445925223e+00
3.000000000000000000e+00 6.444641315445925223e+00
3.000000000000000000e+00 6.444641315445925223e+00
3.000000000000000000e+00 6.444641315445925223e+00
3.000000000000000000e+00 6.444641315445925223e+00
3.000000000000000000e+00 5.647679706999496396e+00
3.000000000000000000e+00 5.647679706999496396e+00
3.000000000000000000e+00 5.647679706999496396e+00
3.000000000000000000e+00 5.647679706999496396e+00
3.000000000000000000e+00 5.647679706999496396e+00
3.000000000000000000e+00 5.647679706999496396e+00
3.000000000000000000e+00 5.647679706999496396e+00
3.000000000000000000e+00 5.647679706999496396e+00
3.000000000000000000e+00 5.647679706999496396e+00
3.000000000000000000e+00 5.647679706999496396e+00
3.000000000000000000e+00 3.263113253935056690e+00
3.000000000000000000e+00 3.263113253935056690e+00
4.000000000000000000e+00 5.189168832145050203e+00
4.000000000000000000e+00 5.189168832145050203e+00
4.000000000000000000e+00 5.189168832145050203e+00
4.000000000000000000e+00 5.189168832145050203e+00
4.000000000000000000e+00 5.189168832145050203e+00
4.000000000000000000e+00 5.189168832145050203e+00
4.000000000000000000e+00 5.189168832145050203e+00
4.000000000000000000e+00 1.477352182953073134e+00
4.000000000000000000e+00 1.477352182953073134e+00
4.000000000000000000e+00 1.477352182953073134e+00
4.000000000000000000e+00 1.477352182953073134e+00
4.000000000000000000e+00 1.477352182953073134e+00
4.000000000000000000e+00 1.477352182953073134e+00
4.000000000000000000e+00 1.477352182953073134e+00
4.000000000000000000e+00 1.477352182953073134e+00
4.000000000000000000e+00 1.477352182953073134e+00
4.000000000000000000e+00 1.477352182953073134e+00
4.000000000000000000e+00 1.477352182953073134e+00
4.000000000000000000e+00 1.477352182953073134e+00
4.000000000000000000e+00 1.477352182953073134e+00
4.000000000000000000e+00 1.477352182953073134e+00
4.000000000000000000e+00 1.477352182953073134e+00
4.000000000000000000e+00 1.477352182953073134e+00
4.000000000000000000e+00 1.477352182953073134e+00
4.000000000000000000e+00 1.477352182953073134e+00
4.000000000000000000e+00 1.477352182953073134e+00
4.000000000000000000e+00 1.477352182953073134e+00
4.000000000000000000e+00 1.477352182953073134e+00
5.000000000000000000e+00 1.097044081417773498e+01
5.000000000000000000e+00 1.097044081417773498e+01
5.000000000000000000e+00 1.097044081417773498e+01
5.000000000000000000e+00 6.613086068693582176e-01
5.000000000000000000e+00 6.613086068693582176e-01
5.000000000000000000e+00 6.613086068693582176e-01
5.000000000000000000e+00 6.613086068693582176e-01
5.000000000000000000e+00 6.613086068693582176e-01
5.000000000000000000e+00 6.613086068693582176e-01
5.000000000000000000e+00 6.613086068693582176e-01
5.000000000000000000e+00 6.613086068693582176e-01
5.000000000000000000e+00 6.613086068693582176e-01
5.000000000000000000e+00 6.613086068693582176e-01
5.000000000000000000e+00 6.613086068693582176e-01
5.000000000000000000e+00 6.613086068693582176e-01
5.000000000000000000e+00 6.613086068693582176e-01
5.000000000000000000e+00 6.613086068693582176e-01
5.000000000000000000e+00 6.613086068693582176e-01
5.000000000000000000e+00 6.613086068693582176e-01
5.000000000000000000e+00 6.613086068693582176e-01
5.000000000000000000e+00 6.613086068693582176e-01
5.000000000000000000e+00 6.613086068693582176e-01
5.000000000000000000e+00 6.613086068693582176e-01
5.000000000000000000e+00 6.613086068693582176e-01
5.000000000000000000e+00 6.613086068693582176e-01
5.000000000000000000e+00 6.613086068693582176e-01
5.000000000000000000e+00 6.613086068693582176e-01
5.000000000000000000e+00 6.613086068693582176e-01
6.000000000000000000e+00 2.037568252063164209e+01
6.000000000000000000e+00 2.037568252063164209e+01
6.000000000000000000e+00 2.037568252063164209e+01
6.000000000000000000e+00 2.037568252063164209e+01
6.000000000000000000e+00 2.037568252063164209e+01
6.000000000000000000e+00 2.037568252063164209e+01
6.000000000000000000e+00 2.037568252063164209e+01
6.000000000000000000e+00 2.037568252063164209e+01
6.000000000000000000e+00 2.037568252063164209e+01
6.000000000000000000e+00 2.037568252063164209e+01
6.000000000000000000e+00 1.340349563167547275e+00
6.000000000000000000e+00 1.340349563167547275e+00
6.000000000000000000e+00 1.340349563167547275e+00
6.000000000000000000e+00 1.340349563167547275e+00
6.000000000000000000e+00 1.340349563167547275e+00
6.000000000000000000e+00 1.340349563167547275e+00
6.000000000000000000e+00 1.340349563167547275e+00
6.000000000000000000e+00 1.340349563167547275e+00
6.000000000000000000e+00 1.340349563167547275e+00
6.000000000000000000e+00 1.340349563167547275e+00
6.000000000000000000e+00 1.340349563167547275e+00
6.000000000000000000e+00 1.340349563167547275e+00
6.000000000000000000e+00 1.340349563167547275e+00
6.000000000000000000e+00 1.340349563167547275e+00
6.000000000000000000e+00 1.340349563167547275e+00
6.000000000000000000e+00 1.340349563167547275e+00
6.000000000000000000e+00 1.340349563167547275e+00
6.000000000000000000e+00 1.304010978632355933e+00
7.000000000000000000e+00 3.505944172542848492e+01
7.000000000000000000e+00 4.568574524769496215e+00
7.000000000000000000e+00 4.568574524769496215e+00
7.000000000000000000e+00 4.568574524769496215e+00
7.000000000000000000e+00 4.568574524769496215e+00
7.000000000000000000e+00 4.568574524769496215e+00
7.000000000000000000e+00 4.568574524769496215e+00
7.000000000000000000e+00 4.568574524769496215e+00
7.000000000000000000e+00 4.568574524769496215e+00
7.000000000000000000e+00 4.568574524769496215e+00
7.000000000000000000e+00 4.568574524769496215e+00
7.000000000000000000e+00 4.568574524769496215e+00
7.000000000000000000e+00 4.568574524769496215e+00
7.000000000000000000e+00 4.568574524769496215e+00
7.000000000000000000e+00 4.568574524769496215e+00
7.000000000000000000e+00 4.568574524769496215e+00
7.000000000000000000e+00 4.568574524769496215e+00
7.000000000000000000e+00 4.568574524769496215e+00
7.000000000000000000e+00 4.568574524769496215e+00
7.000000000000000000e+00 4.568574524769496215e+00
7.000000000000000000e+00 4.568574524769496215e+00
7.000000000000000000e+00 4.568574524769496215e+00
7.000000000000000000e+00 4.568574524769496215e+00
7.000000000000000000e+00 4.568574524769496215e+00
7.000000000000000000e+00 4.568574524769496215e+00
7.000000000000000000e+00 4.568574524769496215e+00
7.000000000000000000e+00 4.568574524769496215e+00
7.000000000000000000e+00 3.439147953015625259e+00
8.000000000000000000e+00 6.225005287691283229e+01
8.000000000000000000e+00 1.778346758091635849e+01
8.000000000000000000e+00 1.778346758091635849e+01
8.000000000000000000e+00 1.778346758091635849e+01
8.000000000000000000e+00 1.778346758091635849e+01
8.000000000000000000e+00 1.778346758091635849e+01
8.000000000000000000e+00 1.778346758091635849e+01
8.000000000000000000e+00 1.778346758091635849e+01
8.000000000000000000e+00 1.778346758091635849e+01
8.000000000000000000e+00 1.778346758091635849e+01
8.000000000000000000e+00 9.533086584936107499e+00
8.000000000000000000e+00 9.533086584936107499e+00
8.000000000000000000e+00 9.533086584936107499e+00
8.000000000000000000e+00 5.774724663866594554e+00
8.000000000000000000e+00 5.774724663866594554e+00
8.000000000000000000e+00 5.774724663866594554e+00
8.000000000000000000e+00 5.774724663866594554e+00
8.000000000000000000e+00 5.774724663866594554e+00
8.000000000000000000e+00 5.774724663866594554e+00
8.000000000000000000e+00 5.774724663866594554e+00
8.000000000000000000e+00 5.774724663866594554e+00
8.000000000000000000e+00 5.774724663866594554e+00
8.000000000000000000e+00 5.774724663866594554e+00
8.000000000000000000e+00 5.774724663866594554e+00
8.000000000000000000e+00 5.774724663866594554e+00
8.000000000000000000e+00 3.332709205784367690e+00
8.000000000000000000e+00 3.332709205784367690e+00
8.000000000000000000e+00 3.332709205784367690e+00
9.000000000000000000e+00 3.177543789728535018e+01
9.000000000000000000e+00 3.177543789728535018e+01
9.000000000000000000e+00 3.177543789728535018e+01
9.000000000000000000e+00 3.177543789728535018e+01
9.000000000000000000e+00 3.177543789728535018e+01
9.000000000000000000e+00 1.790472373574411336e+01
9.000000000000000000e+00 1.790472373574411336e+01
9.000000000000000000e+00 1.790472373574411336e+01
9.000000000000000000e+00 1.790472373574411336e+01
9.000000000000000000e+00 1.790472373574411336e+01
9.000000000000000000e+00 1.790472373574411336e+01
9.000000000000000000e+00 1.790472373574411336e+01
9.000000000000000000e+00 1.790472373574411336e+01
9.000000000000000000e+00 1.790472373574411336e+01
9.000000000000000000e+00 1.790472373574411336e+01
9.000000000000000000e+00 1.790472373574411336e+01
9.000000000000000000e+00 1.790472373574411336e+01
9.000000000000000000e+00 1.790472373574411336e+01
9.000000000000000000e+00 1.790472373574411336e+01
9.000000000000000000e+00 5.755050886738518834e+00
9.000000000000000000e+00 5.755050886738518834e+00
9.000000000000000000e+00 5.755050886738518834e+00
9.000000000000000000e+00 5.755050886738518834e+00
9.000000000000000000e+00 5.755050886738518834e+00
9.000000000000000000e+00 5.755050886738518834e+00
9.000000000000000000e+00 5.755050886738518834e+00
9.000000000000000000e+00 5.755050886738518834e+00
9.000000000000000000e+00 5.755050886738518834e+00
1.000000000000000000e+01 1.496836396761229935e+02
1.000000000000000000e+01 5.816557408993433853e+01
1.000000000000000000e+01 5.816557408993433853e+01
1.000000000000000000e+01 5.816557408993433853e+01
1.000000000000000000e+01 5.226297630787709636e+01
1.000000000000000000e+01 3.233312095184324164e+01
1.000000000000000000e+01 3.233312095184324164e+01
1.000000000000000000e+01 2.396497436442606244e+01
1.000000000000000000e+01 2.396497436442606244e+01
1.000000000000000000e+01 2.396497436442606244e+01
1.000000000000000000e+01 2.396497436442606244e+01
1.000000000000000000e+01 2.396497436442606244e+01
1.000000000000000000e+01 2.396497436442606244e+01
1.000000000000000000e+01 2.396497436442606244e+01
1.000000000000000000e+01 2.396497436442606244e+01
1.000000000000000000e+01 2.396497436442606244e+01
1.000000000000000000e+01 2.396497436442606244e+01
1.000000000000000000e+01 2.396497436442606244e+01
1.000000000000000000e+01 7.479508171812865314e-01
1.000000000000000000e+01 7.479508171812865314e-01
1.000000000000000000e+01 7.479508171812865314e-01
1.000000000000000000e+01 7.479508171812865314e-01
1.000000000000000000e+01 7.479508171812865314e-01
1.000000000000000000e+01 7.479508171812865314e-01
1.000000000000000000e+01 7.479508171812865314e-01
1.000000000000000000e+01 7.479508171812865314e-01
1.000000000000000000e+01 7.479508171812865314e-01
1.000000000000000000e+01 7.479508171812865314e-01
1.100000000000000000e+01 2.276901302032788266e+01
1.100000000000000000e+01 2.276901302032788266e+01
1.100000000000000000e+01 2.276901302032788266e+01
1.100000000000000000e+01 2.276901302032788266e+01
1.100000000000000000e+01 1.299670369818339277e-01
1.100000000000000000e+01 1.299670369818339277e-01
1.100000000000000000e+01 1.299670369818339277e-01
1.100000000000000000e+01 1.299670369818339277e-01
1.100000000000000000e+01 1.299670369818339277e-01
1.100000000000000000e+01 1.299670369818339277e-01
1.100000000000000000e+01 1.299670369818339277e-01
1.100000000000000000e+01 1.299670369818339277e-01
1.100000000000000000e+01 1.299670369818339277e-01
1.100000000000000000e+01 1.299670369818339277e-01
1.100000000000000000e+01 1.299670369818339277e-01
1.100000000000000000e+01 1.299670369818339277e-01
1.100000000000000000e+01 1.299670369818339277e-01
1.100000000000000000e+01 1.299670369818339277e-01
1.100000000000000000e+01 1.299670369818339277e-01
1.100000000000000000e+01 1.299670369818339277e-01
1.100000000000000000e+01 1.299670369818339277e-01
1.100000000000000000e+01 1.299670369818339277e-01
1.100000000000000000e+01 1.299670369818339277e-01
1.100000000000000000e+01 1.299670369818339277e-01
1.100000000000000000e+01 1.299670369818339277e-01
1.100000000000000000e+01 1.299670369818339277e-01
1.100000000000000000e+01 1.299670369818339277e-01
1.100000000000000000e+01 1.299670369818339277e-01
1.200000000000000000e+01 4.777674448295913834e+01
1.200000000000000000e+01 4.777674448295913834e+01
1.200000000000000000e+01 3.133675412137809246e+01
1.200000000000000000e+01 2.488732650596382356e+01
1.200000000000000000e+01 2.488732650596382356e+01
1.200000000000000000e+01 2.334490483369554426e+01
1.200000000000000000e+01 5.692098089047949117e+00
1.200000000000000000e+01 5.692098089047949117e+00
1.200000000000000000e+01 5.692098089047949117e+00
1.200000000000000000e+01 5.692098089047949117e+00
1.200000000000000000e+01 5.692098089047949117e+00
1.200000000000000000e+01 5.692098089047949117e+00
1.200000000000000000e+01 5.692098089047949117e+00
1.200000000000000000e+01 5.692098089047949117e+00
1.200000000000000000e+01 5.692098089047949117e+00
1.200000000000000000e+01 5.692098089047949117e+00
1.200000000000000000e+01 5.692098089047949117e+00
1.200000000000000000e+01 5.692098089047949117e+00
1.200000000000000000e+01 5.692098089047949117e+00
1.200000000000000000e+01 5.692098089047949117e+00
1.200000000000000000e+01 5.692098089047949117e+00
1.200000000000000000e+01 5.692098089047949117e+00
1.200000000000000000e+01 5.692098089047949117e+00
1.200000000000000000e+01 5.692098089047949117e+00
1.200000000000000000e+01 5.692098089047949117e+00
1.200000000000000000e+01 5.692098089047949117e+00
1.200000000000000000e+01 5.692098089047949117e+00
1.200000000000000000e+01 4.020103076685255239e+00
1.300000000000000000e+01 1.238613628386920418e+01
1.300000000000000000e+01 1.238613628386920418e+01
1.300000000000000000e+01 2.113535509076954089e+00
1.300000000000000000e+01 2.113535509076954089e+00
1.300000000000000000e+01 2.113535509076954089e+00
1.300000000000000000e+01 2.113535509076954089e+00
1.300000000000000000e+01 2.113535509076954089e+00
1.300000000000000000e+01 2.113535509076954089e+00
1.300000000000000000e+01 2.113535509076954089e+00
1.300000000000000000e+01 2.113535509076954089e+00
1.300000000000000000e+01 2.113535509076954089e+00
1.300000000000000000e+01 2.113535509076954089e+00
1.300000000000000000e+01 2.113535509076954089e+00
1.300000000000000000e+01 2.113535509076954089e+00
1.300000000000000000e+01 2.113535509076954089e+00
1.300000000000000000e+01 2.113535509076954089e+00
1.300000000000000000e+01 2.113535509076954089e+00
1.300000000000000000e+01 2.113535509076954089e+00
1.300000000000000000e+01 2.113535509076954089e+00
1.300000000000000000e+01 2.113535509076954089e+00
1.300000000000000000e+01 2.113535509076954089e+00
1.300000000000000000e+01 2.113535509076954089e+00
1.300000000000000000e+01 2.113535509076954089e+00
1.300000000000000000e+01 2.113535509076954089e+00
1.300000000000000000e+01 2.113535509076954089e+00
1.300000000000000000e+01 2.113535509076954089e+00
1.300000000000000000e+01 2.113535509076954089e+00
1.300000000000000000e+01 2.113535509076954089e+00
1.400000000000000000e+01 6.045531017529980744e+01
1.400000000000000000e+01 7.311970877872632002e+00
1.400000000000000000e+01 7.311970877872632002e+00
1.400000000000000000e+01 7.080758955982936698e+00
1.400000000000000000e+01 7.080758955982936698e+00
1.400000000000000000e+01 7.080758955982936698e+00
1.400000000000000000e+01 1.810901162764774863e+00
1.400000000000000000e+01 1.810901162764774863e+00
1.400000000000000000e+01 1.810901162764774863e+00
1.400000000000000000e+01 1.810901162764774863e+00
1.400000000000000000e+01 9.822932645453085199e-01
1.400000000000000000e+01 9.822932645453085199e-01
1.400000000000000000e+01 9.822932645453085199e-01
1.400000000000000000e+01 9.822932645453085199e-01
1.400000000000000000e+01 9.822932645453085199e-01
1.400000000000000000e+01 9.822932645453085199e-01
1.400000000000000000e+01 9.822932645453085199e-01
1.400000000000000000e+01 9.822932645453085199e-01
1.400000000000000000e+01 9.822932645453085199e-01
1.400000000000000000e+01 9.822932645453085199e-01
1.400000000000000000e+01 9.822932645453085199e-01
1.400000000000000000e+01 9.822932645453085199e-01
1.400000000000000000e+01 9.822932645453085199e-01
1.400000000000000000e+01 9.822932645453085199e-01
1.400000000000000000e+01 9.822932645453085199e-01
1.400000000000000000e+01 9.822932645453085199e-01
1.400000000000000000e+01 9.822932645453085199e-01
1.400000000000000000e+01 9.822932645453085199e-01
