6.947847844488038296e-310 3.650585445203202997e-316
0.000000000000000000e+00 -5.487271341822539394e-01
0.000000000000000000e+00 -5.487271341822539394e-01
0.000000000000000000e+00 -9.951527116155279851e-01
0.000000000000000000e+00 -9.951527116155279851e-01
0.000000000000000000e+00 -9.951527116155279851e-01
0.000000000000000000e+00 -9.951527116155279851e-01
0.000000000000000000e+00 -9.951527116155279851e-01
0.000000000000000000e+00 -9.951527116155279851e-01
0.000000000000000000e+00 -9.951527116155279851e-01
0.000000000000000000e+00 -1.271421326675534980e+00
