6.905975027517310017e-310 4.152518197136308879e-316
0.000000000000000000e+00 5.148091016244887852e-01
0.000000000000000000e+00 -1.092596840682404036e+00
0.000000000000000000e+00 -1.092596840682404036e+00
0.000000000000000000e+00 -1.092596840682404036e+00
0.000000000000000000e+00 -1.092596840682404036e+00
0.000000000000000000e+00 -1.092596840682404036e+00
0.000000000000000000e+00 -1.092596840682404036e+00
0.000000000000000000e+00 -1.092596840682404036e+00
0.000000000000000000e+00 -1.092596840682404036e+00
0.000000000000000000e+00 -1.092596840682404036e+00
0.000000000000000000e+00 -1.092596840682404036e+00
0.000000000000000000e+00 -1.092596840682404036e+00
0.000000000000000000e+00 -1.092596840682404036e+00
0.000000000000000000e+00 -1.092596840682404036e+00
0.000000000000000000e+00 -1.092596840682404036e+00
0.000000000000000000e+00 -1.092596840682404036e+00
0.000000000000000000e+00 -1.092596840682404036e+00
0.000000000000000000e+00 -1.092596840682404036e+00
0.000000000000000000e+00 -1.092596840682404036e+00
0.000000000000000000e+00 -1.092596840682404036e+00
0.000000000000000000e+00 -1.092596840682404036e+00
0.000000000000000000e+00 -1.092596840682404036e+00
0.000000000000000000e+00 -1.092596840682404036e+00
0.000000000000000000e+00 -1.092596840682404036e+00
0.000000000000000000e+00 -1.092596840682404036e+00
0.000000000000000000e+00 -1.092596840682404036e+00
0.000000000000000000e+00 -1.092596840682404036e+00
0.000000000000000000e+00 -1.092596840682404036e+00
