6.919627387298722553e-310 4.378492914574634873e-315
0.000000000000000000e+00 4.608334862288084821e+01
0.000000000000000000e+00 6.520635577305731623e+00
0.000000000000000000e+00 6.520635577305731623e+00
0.000000000000000000e+00 6.520635577305731623e+00
0.000000000000000000e+00 6.520635577305731623e+00
0.000000000000000000e+00 6.520635577305731623e+00
0.000000000000000000e+00 6.520635577305731623e+00
0.000000000000000000e+00 6.520635577305731623e+00
0.000000000000000000e+00 6.520635577305731623e+00
0.000000000000000000e+00 6.520635577305731623e+00
0.000000000000000000e+00 6.520635577305731623e+00
0.000000000000000000e+00 6.520635577305731623e+00
0.000000000000000000e+00 6.520635577305731623e+00
0.000000000000000000e+00 6.520635577305731623e+00
0.000000000000000000e+00 6.520635577305731623e+00
0.000000000000000000e+00 6.520635577305731623e+00
0.000000000000000000e+00 4.604529021871790917e+00
0.000000000000000000e+00 4.604529021871790917e+00
0.000000000000000000e+00 4.604529021871790917e+00
0.000000000000000000e+00 4.604529021871790917e+00
0.000000000000000000e+00 4.604529021871790917e+00
0.000000000000000000e+00 4.604529021871790917e+00
0.000000000000000000e+00 4.604529021871790917e+00
0.000000000000000000e+00 4.604529021871790917e+00
0.000000000000000000e+00 4.604529021871790917e+00
0.000000000000000000e+00 1.612089152767345546e+00
0.000000000000000000e+00 1.612089152767345546e+00
0.000000000000000000e+00 1.612089152767345546e+00
1.000000000000000000e+00 5.766925710765775648e+01
1.000000000000000000e+00 4.600766643366607411e+01
1.000000000000000000e+00 3.005504457529764650e+01
1.000000000000000000e+00 3.005504457529764650e+01
1.000000000000000000e+00 3.005504457529764650e+01
1.000000000000000000e+00 1.909511030952845090e+01
1.000000000000000000e+00 1.909511030952845090e+01
1.000000000000000000e+00 1.909511030952845090e+01
1.000000000000000000e+00 1.909511030952845090e+01
1.000000000000000000e+00 1.601524071501451374e+01
1.000000000000000000e+00 1.601524071501451374e+01
1.000000000000000000e+00 1.191868220584663618e+01
1.000000000000000000e+00 1.039368398035336405e+01
1.000000000000000000e+00 1.039368398035336405e+01
1.000000000000000000e+00 1.039368398035336405e+01
1.000000000000000000e+00 1.039368398035336405e+01
1.000000000000000000e+00 1.039368398035336405e+01
1.000000000000000000e+00 1.039368398035336405e+01
1.000000000000000000e+00 1.039368398035336405e+01
1.000000000000000000e+00 1.039368398035336405e+01
1.000000000000000000e+00 6.020571231426736780e-01
1.000000000000000000e+00 6.020571231426736780e-01
1.000000000000000000e+00 6.020571231426736780e-01
1.000000000000000000e+00 6.020571231426736780e-01
1.000000000000000000e+00 6.020571231426736780e-01
1.000000000000000000e+00 6.020571231426736780e-01
1.000000000000000000e+00 6.020571231426736780e-01
1.000000000000000000e+00 6.020571231426736780e-01
2.000000000000000000e+00 3.369943528989196579e+01
2.000000000000000000e+00 3.369943528989196579e+01
2.000000000000000000e+00 3.369943528989196579e+01
2.000000000000000000e+00 1.706530350967540954e+01
2.000000000000000000e+00 1.706530350967540954e+01
2.000000000000000000e+00 1.706530350967540954e+01
2.000000000000000000e+00 1.706530350967540954e+01
2.000000000000000000e+00 1.706530350967540954e+01
2.000000000000000000e+00 1.706530350967540954e+01
2.000000000000000000e+00 1.706530350967540954e+01
2.000000000000000000e+00 1.706530350967540954e+01
2.000000000000000000e+00 1.706530350967540954e+01
2.000000000000000000e+00 1.706530350967540954e+01
2.000000000000000000e+00 1.706530350967540954e+01
2.000000000000000000e+00 1.706530350967540954e+01
2.000000000000000000e+00 1.706530350967540954e+01
2.000000000000000000e+00 1.706530350967540954e+01
2.000000000000000000e+00 1.706530350967540954e+01
2.000000000000000000e+00 2.263770163346777942e+00
2.000000000000000000e+00 2.263770163346777942e+00
2.000000000000000000e+00 2.263770163346777942e+00
2.000000000000000000e+00 2.263770163346777942e+00
2.000000000000000000e+00 2.263770163346777942e+00
2.000000000000000000e+00 2.263770163346777942e+00
2.000000000000000000e+00 2.263770163346777942e+00
2.000000000000000000e+00 2.263770163346777942e+00
2.000000000000000000e+00 2.263770163346777942e+00
2.000000000000000000e+00 2.263770163346777942e+00
3.000000000000000000e+00 1.927640406514789007e+01
3.000000000000000000e+00 5.775214660527810295e+00
3.000000000000000000e+00 5.775214660527810295e+00
3.000000000000000000e+00 5.775214660527810295e+00
3.000000000000000000e+00 5.775214660527810295e+00
3.000000000000000000e+00 5.775214660527810295e+00
3.000000000000000000e+00 5.775214660527810295e+00
3.000000000000000000e+00 5.775214660527810295e+00
3.000000000000000000e+00 5.775214660527810295e+00
3.000000000000000000e+00 5.775214660527810295e+00
3.000000000000000000e+00 5.775214660527810295e+00
3.000000000000000000e+00 5.775214660527810295e+00
3.000000000000000000e+00 5.775214660527810295e+00
3.000000000000000000e+00 3.928287763301438140e+00
3.000000000000000000e+00 3.928287763301438140e+00
3.000000000000000000e+00 3.928287763301438140e+00
3.000000000000000000e+00 3.928287763301438140e+00
3.000000000000000000e+00 3.928287763301438140e+00
3.000000000000000000e+00 3.928287763301438140e+00
3.000000000000000000e+00 3.928287763301438140e+00
3.000000000000000000e+00 3.928287763301438140e+00
3.000000000000000000e+00 3.928287763301438140e+00
3.000000000000000000e+00 3.928287763301438140e+00
3.000000000000000000e+00 3.928287763301438140e+00
3.000000000000000000e+00 3.928287763301438140e+00
3.000000000000000000e+00 3.928287763301438140e+00
3.000000000000000000e+00 3.928287763301438140e+00
3.000000000000000000e+00 3.928287763301438140e+00
4.000000000000000000e+00 7.819695287443499865e+01
4.000000000000000000e+00 6.455865452731765686e+01
4.000000000000000000e+00 1.967339487432668221e+01
4.000000000000000000e+00 1.455566270773381987e+01
4.000000000000000000e+00 7.672918325650254445e+00
4.000000000000000000e+00 7.672918325650254445e+00
4.000000000000000000e+00 7.672918325650254445e+00
4.000000000000000000e+00 7.672918325650254445e+00
4.000000000000000000e+00 7.672918325650254445e+00
4.000000000000000000e+00 7.672918325650254445e+00
4.000000000000000000e+00 7.672918325650254445e+00
4.000000000000000000e+00 7.672918325650254445e+00
4.000000000000000000e+00 7.672918325650254445e+00
4.000000000000000000e+00 7.672918325650254445e+00
4.000000000000000000e+00 7.672918325650254445e+00
4.000000000000000000e+00 7.672918325650254445e+00
4.000000000000000000e+00 4.936811200092651397e+00
4.000000000000000000e+00 4.936811200092651397e+00
4.000000000000000000e+00 4.936811200092651397e+00
4.000000000000000000e+00 4.936811200092651397e+00
4.000000000000000000e+00 1.704403196446109936e+00
4.000000000000000000e+00 1.704403196446109936e+00
4.000000000000000000e+00 1.704403196446109936e+00
4.000000000000000000e+00 1.704403196446109936e+00
4.000000000000000000e+00 1.704403196446109936e+00
4.000000000000000000e+00 1.704403196446109936e+00
4.000000000000000000e+00 1.704403196446109936e+00
4.000000000000000000e+00 1.704403196446109936e+00
5.000000000000000000e+00 1.295871873154716347e+01
5.000000000000000000e+00 1.295871873154716347e+01
5.000000000000000000e+00 1.295871873154716347e+01
5.000000000000000000e+00 1.295871873154716347e+01
5.000000000000000000e+00 1.295871873154716347e+01
5.000000000000000000e+00 1.295871873154716347e+01
5.000000000000000000e+00 1.295871873154716347e+01
5.000000000000000000e+00 1.295871873154716347e+01
5.000000000000000000e+00 1.295871873154716347e+01
5.000000000000000000e+00 1.295871873154716347e+01
5.000000000000000000e+00 1.295871873154716347e+01
5.000000000000000000e+00 2.043524347343433689e+00
5.000000000000000000e+00 2.043524347343433689e+00
5.000000000000000000e+00 2.043524347343433689e+00
5.000000000000000000e+00 2.043524347343433689e+00
5.000000000000000000e+00 2.043524347343433689e+00
5.000000000000000000e+00 2.043524347343433689e+00
5.000000000000000000e+00 2.043524347343433689e+00
5.000000000000000000e+00 2.043524347343433689e+00
5.000000000000000000e+00 2.043524347343433689e+00
5.000000000000000000e+00 2.043524347343433689e+00
5.000000000000000000e+00 2.043524347343433689e+00
5.000000000000000000e+00 2.043524347343433689e+00
5.000000000000000000e+00 2.043524347343433689e+00
5.000000000000000000e+00 2.043524347343433689e+00
5.000000000000000000e+00 9.963764917190418569e-01
5.000000000000000000e+00 9.963764917190418569e-01
5.000000000000000000e+00 9.963764917190418569e-01
6.000000000000000000e+00 4.540882469633440621e+01
6.000000000000000000e+00 4.540882469633440621e+01
6.000000000000000000e+00 4.540882469633440621e+01
6.000000000000000000e+00 2.493278464968904373e+01
6.000000000000000000e+00 8.683631111892374577e+00
6.000000000000000000e+00 1.408979100193587408e+00
6.000000000000000000e+00 1.408979100193587408e+00
6.000000000000000000e+00 1.408979100193587408e+00
6.000000000000000000e+00 1.408979100193587408e+00
6.000000000000000000e+00 1.408979100193587408e+00
6.000000000000000000e+00 1.408979100193587408e+00
6.000000000000000000e+00 1.408979100193587408e+00
6.000000000000000000e+00 1.408979100193587408e+00
6.000000000000000000e+00 1.408979100193587408e+00
6.000000000000000000e+00 1.408979100193587408e+00
6.000000000000000000e+00 1.408979100193587408e+00
6.000000000000000000e+00 1.408979100193587408e+00
6.000000000000000000e+00 1.408979100193587408e+00
6.000000000000000000e+00 1.408979100193587408e+00
6.000000000000000000e+00 1.408979100193587408e+00
6.000000000000000000e+00 1.408979100193587408e+00
6.000000000000000000e+00 1.408979100193587408e+00
6.000000000000000000e+00 1.408979100193587408e+00
6.000000000000000000e+00 1.408979100193587408e+00
6.000000000000000000e+00 1.408979100193587408e+00
6.000000000000000000e+00 1.408979100193587408e+00
6.000000000000000000e+00 1.408979100193587408e+00
6.000000000000000000e+00 1.408979100193587408e+00
7.000000000000000000e+00 2.894215589666216726e+00
7.000000000000000000e+00 2.894215589666216726e+00
7.000000000000000000e+00 2.894215589666216726e+00
7.000000000000000000e+00 2.894215589666216726e+00
7.000000000000000000e+00 2.894215589666216726e+00
7.000000000000000000e+00 2.894215589666216726e+00
7.000000000000000000e+00 2.894215589666216726e+00
7.000000000000000000e+00 2.894215589666216726e+00
7.000000000000000000e+00 2.894215589666216726e+00
7.000000000000000000e+00 1.697520366434287498e+00
7.000000000000000000e+00 1.697520366434287498e+00
7.000000000000000000e+00 1.697520366434287498e+00
7.000000000000000000e+00 1.697520366434287498e+00
7.000000000000000000e+00 1.697520366434287498e+00
7.000000000000000000e+00 1.697520366434287498e+00
7.000000000000000000e+00 1.697520366434287498e+00
7.000000000000000000e+00 1.697520366434287498e+00
7.000000000000000000e+00 1.697520366434287498e+00
7.000000000000000000e+00 1.697520366434287498e+00
7.000000000000000000e+00 1.697520366434287498e+00
7.000000000000000000e+00 1.697520366434287498e+00
7.000000000000000000e+00 1.697520366434287498e+00
7.000000000000000000e+00 1.697520366434287498e+00
7.000000000000000000e+00 1.697520366434287498e+00
7.000000000000000000e+00 1.697520366434287498e+00
7.000000000000000000e+00 1.697520366434287498e+00
7.000000000000000000e+00 1.697520366434287498e+00
7.000000000000000000e+00 4.905966000380415637e-01
8.000000000000000000e+00 1.245911291167467283e+01
8.000000000000000000e+00 1.245911291167467283e+01
8.000000000000000000e+00 1.245911291167467283e+01
8.000000000000000000e+00 1.245911291167467283e+01
8.000000000000000000e+00 1.245911291167467283e+01
8.000000000000000000e+00 1.245911291167467283e+01
8.000000000000000000e+00 1.245911291167467283e+01
8.000000000000000000e+00 1.245911291167467283e+01
8.000000000000000000e+00 1.245911291167467283e+01
8.000000000000000000e+00 1.245911291167467283e+01
8.000000000000000000e+00 1.245911291167467283e+01
8.000000000000000000e+00 1.245911291167467283e+01
8.000000000000000000e+00 1.245911291167467283e+01
8.000000000000000000e+00 1.245911291167467283e+01
8.000000000000000000e+00 1.245911291167467283e+01
8.000000000000000000e+00 1.245911291167467283e+01
8.000000000000000000e+00 1.245911291167467283e+01
8.000000000000000000e+00 7.164789520335341777e+00
8.000000000000000000e+00 7.164789520335341777e+00
8.000000000000000000e+00 7.164789520335341777e+00
8.000000000000000000e+00 7.164789520335341777e+00
8.000000000000000000e+00 7.164789520335341777e+00
8.000000000000000000e+00 7.164789520335341777e+00
8.000000000000000000e+00 7.164789520335341777e+00
8.000000000000000000e+00 7.164789520335341777e+00
8.000000000000000000e+00 7.164789520335341777e+00
8.000000000000000000e+00 7.164789520335341777e+00
8.000000000000000000e+00 4.633750904842164786e+00
9.000000000000000000e+00 1.330221909853185878e+02
9.000000000000000000e+00 4.651193198159261044e+01
9.000000000000000000e+00 1.537750571175203795e+01
9.000000000000000000e+00 1.537750571175203795e+01
9.000000000000000000e+00 5.032182064171584202e+00
9.000000000000000000e+00 5.032182064171584202e+00
9.000000000000000000e+00 5.032182064171584202e+00
9.000000000000000000e+00 5.032182064171584202e+00
9.000000000000000000e+00 5.032182064171584202e+00
9.000000000000000000e+00 5.032182064171584202e+00
9.000000000000000000e+00 5.032182064171584202e+00
9.000000000000000000e+00 5.032182064171584202e+00
9.000000000000000000e+00 5.032182064171584202e+00
9.000000000000000000e+00 5.032182064171584202e+00
9.000000000000000000e+00 5.032182064171584202e+00
9.000000000000000000e+00 5.032182064171584202e+00
9.000000000000000000e+00 5.032182064171584202e+00
9.000000000000000000e+00 5.032182064171584202e+00
9.000000000000000000e+00 5.032182064171584202e+00
9.000000000000000000e+00 5.032182064171584202e+00
9.000000000000000000e+00 5.032182064171584202e+00
9.000000000000000000e+00 5.032182064171584202e+00
9.000000000000000000e+00 5.032182064171584202e+00
9.000000000000000000e+00 5.032182064171584202e+00
9.000000000000000000e+00 5.032182064171584202e+00
9.000000000000000000e+00 5.032182064171584202e+00
9.000000000000000000e+00 5.032182064171584202e+00
9.000000000000000000e+00 5.032182064171584202e+00
1.000000000000000000e+01 1.511960640935581921e+02
1.000000000000000000e+01 9.784157584365064508e+01
1.000000000000000000e+01 3.618212129139573818e+01
1.000000000000000000e+01 2.473243053283534110e+01
1.000000000000000000e+01 2.473243053283534110e+01
1.000000000000000000e+01 2.473243053283534110e+01
1.000000000000000000e+01 1.618722963518298386e+01
1.000000000000000000e+01 1.618722963518298386e+01
1.000000000000000000e+01 1.618722963518298386e+01
1.000000000000000000e+01 1.618722963518298386e+01
1.000000000000000000e+01 1.153896658490355165e+01
1.000000000000000000e+01 1.153896658490355165e+01
1.000000000000000000e+01 7.906662342106538510e+00
1.000000000000000000e+01 7.906662342106538510e+00
1.000000000000000000e+01 7.906662342106538510e+00
1.000000000000000000e+01 7.906662342106538510e+00
1.000000000000000000e+01 7.906662342106538510e+00
1.000000000000000000e+01 7.906662342106538510e+00
1.000000000000000000e+01 7.906662342106538510e+00
1.000000000000000000e+01 7.906662342106538510e+00
1.000000000000000000e+01 7.906662342106538510e+00
1.000000000000000000e+01 7.906662342106538510e+00
1.000000000000000000e+01 7.906662342106538510e+00
1.000000000000000000e+01 7.906662342106538510e+00
1.000000000000000000e+01 7.906662342106538510e+00
1.000000000000000000e+01 7.906662342106538510e+00
1.000000000000000000e+01 7.906662342106538510e+00
1.000000000000000000e+01 3.694154541724000040e+00
1.100000000000000000e+01 3.231579017941332399e+00
1.100000000000000000e+01 3.231579017941332399e+00
1.100000000000000000e+01 3.231579017941332399e+00
1.100000000000000000e+01 3.231579017941332399e+00
1.100000000000000000e+01 3.231579017941332399e+00
1.100000000000000000e+01 3.231579017941332399e+00
1.100000000000000000e+01 3.231579017941332399e+00
1.100000000000000000e+01 3.231579017941332399e+00
1.100000000000000000e+01 3.231579017941332399e+00
1.100000000000000000e+01 3.231579017941332399e+00
1.100000000000000000e+01 3.231579017941332399e+00
1.100000000000000000e+01 3.231579017941332399e+00
1.100000000000000000e+01 3.231579017941332399e+00
1.100000000000000000e+01 3.231579017941332399e+00
1.100000000000000000e+01 3.231579017941332399e+00
1.100000000000000000e+01 3.231579017941332399e+00
1.100000000000000000e+01 3.231579017941332399e+00
1.100000000000000000e+01 3.231579017941332399e+00
1.100000000000000000e+01 3.231579017941332399e+00
1.100000000000000000e+01 3.231579017941332399e+00
1.100000000000000000e+01 3.231579017941332399e+00
1.100000000000000000e+01 3.231579017941332399e+00
1.100000000000000000e+01 3.231579017941332399e+00
1.100000000000000000e+01 3.231579017941332399e+00
1.100000000000000000e+01 3.231579017941332399e+00
1.100000000000000000e+01 3.231579017941332399e+00
1.100000000000000000e+01 3.231579017941332399e+00
1.100000000000000000e+01 3.231579017941332399e+00
1.200000000000000000e+01 1.510650061393026533e+02
1.200000000000000000e+01 2.163706555898391315e+01
1.200000000000000000e+01 2.163706555898391315e+01
1.200000000000000000e+01 2.163706555898391315e+01
1.200000000000000000e+01 2.163706555898391315e+01
1.200000000000000000e+01 2.163706555898391315e+01
1.200000000000000000e+01 2.163706555898391315e+01
1.200000000000000000e+01 2.163706555898391315e+01
1.200000000000000000e+01 2.163706555898391315e+01
1.200000000000000000e+01 2.163706555898391315e+01
1.200000000000000000e+01 2.163706555898391315e+01
1.200000000000000000e+01 2.163706555898391315e+01
1.200000000000000000e+01 2.163706555898391315e+01
1.200000000000000000e+01 2.163706555898391315e+01
1.200000000000000000e+01 2.163706555898391315e+01
1.200000000000000000e+01 2.163706555898391315e+01
1.200000000000000000e+01 2.163706555898391315e+01
1.200000000000000000e+01 2.163706555898391315e+01
1.200000000000000000e+01 5.207701422880633757e+00
1.200000000000000000e+01 5.207701422880633757e+00
1.200000000000000000e+01 5.207701422880633757e+00
1.200000000000000000e+01 5.207701422880633757e+00
1.200000000000000000e+01 5.207701422880633757e+00
1.200000000000000000e+01 5.207701422880633757e+00
1.200000000000000000e+01 5.207701422880633757e+00
1.200000000000000000e+01 5.207701422880633757e+00
1.200000000000000000e+01 5.207701422880633757e+00
1.200000000000000000e+01 5.169346702327940690e+00
1.300000000000000000e+01 2.603755522381091225e+01
1.300000000000000000e+01 2.603755522381091225e+01
1.300000000000000000e+01 2.603755522381091225e+01
1.300000000000000000e+01 2.603755522381091225e+01
1.300000000000000000e+01 1.036302290490900013e+01
1.300000000000000000e+01 1.036302290490900013e+01
1.300000000000000000e+01 1.036302290490900013e+01
1.300000000000000000e+01 1.036302290490900013e+01
1.300000000000000000e+01 1.036302290490900013e+01
1.300000000000000000e+01 1.036302290490900013e+01
1.300000000000000000e+01 1.036302290490900013e+01
1.300000000000000000e+01 1.036302290490900013e+01
1.300000000000000000e+01 1.036302290490900013e+01
1.300000000000000000e+01 1.036302290490900013e+01
1.300000000000000000e+01 1.036302290490900013e+01
1.300000000000000000e+01 1.036302290490900013e+01
1.300000000000000000e+01 1.036302290490900013e+01
1.300000000000000000e+01 1.036302290490900013e+01
1.300000000000000000e+01 1.036302290490900013e+01
1.300000000000000000e+01 1.036302290490900013e+01
1.300000000000000000e+01 1.036302290490900013e+01
1.300000000000000000e+01 1.036302290490900013e+01
1.300000000000000000e+01 1.036302290490900013e+01
1.300000000000000000e+01 1.036302290490900013e+01
1.300000000000000000e+01 1.036302290490900013e+01
1.300000000000000000e+01 1.036302290490900013e+01
1.300000000000000000e+01 1.036302290490900013e+01
1.300000000000000000e+01 4.165954707936806223e+00
1.400000000000000000e+01 6.015909091843526824e+01
1.400000000000000000e+01 3.338767961545562102e+00
1.400000000000000000e+01 3.338767961545562102e+00
1.400000000000000000e+01 2.800068245978507342e+00
1.400000000000000000e+01 2.800068245978507342e+00
1.400000000000000000e+01 2.800068245978507342e+00
1.400000000000000000e+01 2.800068245978507342e+00
1.400000000000000000e+01 2.800068245978507342e+00
1.400000000000000000e+01 2.800068245978507342e+00
1.400000000000000000e+01 2.800068245978507342e+00
1.400000000000000000e+01 2.800068245978507342e+00
1.400000000000000000e+01 2.800068245978507342e+00
1.400000000000000000e+01 2.800068245978507342e+00
1.400000000000000000e+01 2.800068245978507342e+00
1.400000000000000000e+01 2.800068245978507342e+00
1.400000000000000000e+01 2.800068245978507342e+00
1.400000000000000000e+01 2.800068245978507342e+00
1.400000000000000000e+01 2.800068245978507342e+00
1.400000000000000000e+01 2.800068245978507342e+00
1.400000000000000000e+01 2.800068245978507342e+00
1.400000000000000000e+01 2.800068245978507342e+00
1.400000000000000000e+01 2.800068245978507342e+00
1.400000000000000000e+01 2.800068245978507342e+00
1.400000000000000000e+01 2.800068245978507342e+00
1.400000000000000000e+01 2.800068245978507342e+00
1.400000000000000000e+01 2.800068245978507342e+00
1.400000000000000000e+01 2.800068245978507342e+00
1.400000000000000000e+01 2.800068245978507342e+00
1.500000000000000000e+01 2.056868961452958331e+02
1.500000000000000000e+01 2.306017503669532953e+00
1.500000000000000000e+01 2.306017503669532953e+00
1.500000000000000000e+01 2.306017503669532953e+00
1.500000000000000000e+01 2.306017503669532953e+00
1.500000000000000000e+01 2.306017503669532953e+00
1.500000000000000000e+01 2.306017503669532953e+00
1.500000000000000000e+01 2.306017503669532953e+00
1.500000000000000000e+01 2.306017503669532953e+00
1.500000000000000000e+01 2.306017503669532953e+00
1.500000000000000000e+01 2.306017503669532953e+00
1.500000000000000000e+01 2.306017503669532953e+00
1.500000000000000000e+01 2.306017503669532953e+00
1.500000000000000000e+01 2.306017503669532953e+00
1.500000000000000000e+01 2.306017503669532953e+00
1.500000000000000000e+01 2.306017503669532953e+00
1.500000000000000000e+01 2.306017503669532953e+00
1.500000000000000000e+01 2.306017503669532953e+00
1.500000000000000000e+01 2.306017503669532953e+00
1.500000000000000000e+01 2.306017503669532953e+00
1.500000000000000000e+01 2.306017503669532953e+00
1.500000000000000000e+01 2.306017503669532953e+00
1.500000000000000000e+01 2.306017503669532953e+00
1.500000000000000000e+01 2.306017503669532953e+00
1.500000000000000000e+01 2.306017503669532953e+00
1.500000000000000000e+01 2.306017503669532953e+00
1.500000000000000000e+01 2.306017503669532953e+00
1.500000000000000000e+01 1.234395622577517893e+00
1.600000000000000000e+01 3.959819865914413839e+01
1.600000000000000000e+01 2.350533750256720822e+01
1.600000000000000000e+01 2.350533750256720822e+01
1.600000000000000000e+01 2.350533750256720822e+01
1.600000000000000000e+01 1.041320937665493140e+01
1.600000000000000000e+01 1.041320937665493140e+01
1.600000000000000000e+01 1.041320937665493140e+01
1.600000000000000000e+01 1.041320937665493140e+01
1.600000000000000000e+01 1.041320937665493140e+01
1.600000000000000000e+01 1.041320937665493140e+01
1.600000000000000000e+01 1.041320937665493140e+01
1.600000000000000000e+01 1.041320937665493140e+01
1.600000000000000000e+01 1.041320937665493140e+01
1.600000000000000000e+01 4.191285837703261130e+00
1.600000000000000000e+01 4.191285837703261130e+00
1.600000000000000000e+01 4.191285837703261130e+00
1.600000000000000000e+01 4.191285837703261130e+00
1.600000000000000000e+01 4.191285837703261130e+00
1.600000000000000000e+01 4.191285837703261130e+00
1.600000000000000000e+01 4.191285837703261130e+00
1.600000000000000000e+01 4.191285837703261130e+00
1.600000000000000000e+01 4.191285837703261130e+00
1.600000000000000000e+01 4.191285837703261130e+00
1.600000000000000000e+01 4.191285837703261130e+00
1.600000000000000000e+01 4.191285837703261130e+00
1.600000000000000000e+01 4.191285837703261130e+00
1.600000000000000000e+01 4.191285837703261130e+00
1.600000000000000000e+01 4.191285837703261130e+00
1.700000000000000000e+01 1.182160067075027285e+02
1.700000000000000000e+01 1.141455159331277400e+02
1.700000000000000000e+01 1.060820931331893888e+02
1.700000000000000000e+01 1.227465833930129513e+01
1.700000000000000000e+01 1.149979369829486586e+01
1.700000000000000000e+01 1.149979369829486586e+01
1.700000000000000000e+01 1.149979369829486586e+01
1.700000000000000000e+01 1.149979369829486586e+01
1.700000000000000000e+01 1.149979369829486586e+01
1.700000000000000000e+01 1.149979369829486586e+01
1.700000000000000000e+01 1.149979369829486586e+01
1.700000000000000000e+01 1.149979369829486586e+01
1.700000000000000000e+01 4.145283498053701443e+00
1.700000000000000000e+01 4.145283498053701443e+00
1.700000000000000000e+01 4.145283498053701443e+00
1.700000000000000000e+01 4.145283498053701443e+00
1.700000000000000000e+01 6.040577496952068692e-01
1.700000000000000000e+01 6.040577496952068692e-01
1.700000000000000000e+01 6.040577496952068692e-01
1.700000000000000000e+01 6.040577496952068692e-01
1.700000000000000000e+01 6.040577496952068692e-01
1.700000000000000000e+01 6.040577496952068692e-01
1.700000000000000000e+01 6.040577496952068692e-01
1.700000000000000000e+01 6.040577496952068692e-01
1.700000000000000000e+01 6.040577496952068692e-01
1.700000000000000000e+01 6.040577496952068692e-01
1.700000000000000000e+01 6.040577496952068692e-01
1.700000000000000000e+01 6.040577496952068692e-01
1.800000000000000000e+01 7.361236422680799585e+00
1.800000000000000000e+01 7.361236422680799585e+00
1.800000000000000000e+01 7.361236422680799585e+00
1.800000000000000000e+01 7.361236422680799585e+00
1.800000000000000000e+01 7.361236422680799585e+00
1.800000000000000000e+01 7.361236422680799585e+00
1.800000000000000000e+01 7.361236422680799585e+00
1.800000000000000000e+01 7.361236422680799585e+00
1.800000000000000000e+01 7.361236422680799585e+00
1.800000000000000000e+01 6.572203607265457492e+00
1.800000000000000000e+01 6.572203607265457492e+00
1.800000000000000000e+01 6.572203607265457492e+00
1.800000000000000000e+01 5.161778981446032866e+00
1.800000000000000000e+01 5.161778981446032866e+00
1.800000000000000000e+01 5.161778981446032866e+00
1.800000000000000000e+01 5.161778981446032866e+00
1.800000000000000000e+01 5.161778981446032866e+00
1.800000000000000000e+01 5.161778981446032866e+00
1.800000000000000000e+01 5.161778981446032866e+00
1.800000000000000000e+01 5.161778981446032866e+00
1.800000000000000000e+01 2.189500733916599717e+00
1.800000000000000000e+01 2.189500733916599717e+00
1.800000000000000000e+01 2.189500733916599717e+00
1.800000000000000000e+01 2.189500733916599717e+00
1.800000000000000000e+01 2.189500733916599717e+00
1.800000000000000000e+01 2.189500733916599717e+00
1.800000000000000000e+01 2.189500733916599717e+00
1.800000000000000000e+01 1.784001884996279985e+00
1.900000000000000000e+01 1.585197202642046399e+01
1.900000000000000000e+01 1.585197202642046399e+01
1.900000000000000000e+01 1.585197202642046399e+01
1.900000000000000000e+01 8.626713532691317354e+00
1.900000000000000000e+01 8.626713532691317354e+00
1.900000000000000000e+01 8.626713532691317354e+00
1.900000000000000000e+01 8.626713532691317354e+00
1.900000000000000000e+01 8.626713532691317354e+00
1.900000000000000000e+01 8.626713532691317354e+00
1.900000000000000000e+01 8.626713532691317354e+00
1.900000000000000000e+01 8.626713532691317354e+00
1.900000000000000000e+01 8.626713532691317354e+00
1.900000000000000000e+01 8.626713532691317354e+00
1.900000000000000000e+01 8.626713532691317354e+00
1.900000000000000000e+01 5.877739575433657215e+00
1.900000000000000000e+01 5.877739575433657215e+00
1.900000000000000000e+01 5.877739575433657215e+00
1.900000000000000000e+01 5.877739575433657215e+00
1.900000000000000000e+01 5.877739575433657215e+00
1.900000000000000000e+01 5.877739575433657215e+00
1.900000000000000000e+01 5.877739575433657215e+00
1.900000000000000000e+01 5.877739575433657215e+00
1.900000000000000000e+01 5.877739575433657215e+00
1.900000000000000000e+01 5.877739575433657215e+00
1.900000000000000000e+01 5.877739575433657215e+00
1.900000000000000000e+01 5.877739575433657215e+00
1.900000000000000000e+01 5.877739575433657215e+00
1.900000000000000000e+01 2.469309921952405507e+00
