6.917993639795437933e-310 3.287342058340451770e-316
0.000000000000000000e+00 5.148091016244887852e-01
0.000000000000000000e+00 -1.092596840682404036e+00
0.000000000000000000e+00 -1.092596840682404036e+00
0.000000000000000000e+00 -1.092596840682404036e+00
0.000000000000000000e+00 -1.092596840682404036e+00
0.000000000000000000e+00 -1.092596840682404036e+00
0.000000000000000000e+00 -1.092596840682404036e+00
0.000000000000000000e+00 -1.092596840682404036e+00
0.000000000000000000e+00 -1.092596840682404036e+00
0.000000000000000000e+00 -1.092596840682404036e+00
1.000000000000000000e+00 -3.955930719806264317e-01
1.000000000000000000e+00 -3.955930719806264317e-01
1.000000000000000000e+00 -3.955930719806264317e-01
1.000000000000000000e+00 -6.081148470486039681e-01
1.000000000000000000e+00 -6.081148470486039681e-01
1.000000000000000000e+00 -9.883507925790205872e-01
1.000000000000000000e+00 -9.883507925790205872e-01
1.000000000000000000e+00 -9.883507925790205872e-01
1.000000000000000000e+00 -9.883507925790205872e-01
1.000000000000000000e+00 -9.883507925790205872e-01
