6.919627387298722553e-310 3.410422111022356417e-316
0.000000000000000000e+00 5.148091016244887852e-01
0.000000000000000000e+00 -1.092596840682404036e+00
0.000000000000000000e+00 -1.092596840682404036e+00
0.000000000000000000e+00 -1.092596840682404036e+00
0.000000000000000000e+00 -1.092596840682404036e+00
0.000000000000000000e+00 -1.092596840682404036e+00
0.000000000000000000e+00 -1.092596840682404036e+00
0.000000000000000000e+00 -1.092596840682404036e+00
0.000000000000000000e+00 -1.092596840682404036e+00
0.000000000000000000e+00 -1.092596840682404036e+00
0.000000000000000000e+00 -1.092596840682404036e+00
0.000000000000000000e+00 -1.092596840682404036e+00
0.000000000000000000e+00 -1.092596840682404036e+00
0.000000000000000000e+00 -1.092596840682404036e+00
0.000000000000000000e+00 -1.092596840682404036e+00
0.000000000000000000e+00 -1.092596840682404036e+00
0.000000000000000000e+00 -1.092596840682404036e+00
0.000000000000000000e+00 -1.092596840682404036e+00
0.000000000000000000e+00 -1.092596840682404036e+00
0.000000000000000000e+00 -1.092596840682404036e+00
0.000000000000000000e+00 -1.092596840682404036e+00
0.000000000000000000e+00 -1.092596840682404036e+00
0.000000000000000000e+00 -1.092596840682404036e+00
0.000000000000000000e+00 -1.092596840682404036e+00
0.000000000000000000e+00 -1.092596840682404036e+00
0.000000000000000000e+00 -1.092596840682404036e+00
0.000000000000000000e+00 -1.092596840682404036e+00
0.000000000000000000e+00 -1.092596840682404036e+00
