6.917993639795437933e-310 3.803216947546680956e-316
0.000000000000000000e+00 2.353955884148630062e+01
0.000000000000000000e+00 2.353955884148630062e+01
0.000000000000000000e+00 2.353955884148630062e+01
0.000000000000000000e+00 2.488635556046717934e+00
0.000000000000000000e+00 2.488635556046717934e+00
0.000000000000000000e+00 7.492752265370764553e-01
0.000000000000000000e+00 7.492752265370764553e-01
0.000000000000000000e+00 7.492752265370764553e-01
0.000000000000000000e+00 7.492752265370764553e-01
0.000000000000000000e+00 5.556030973561274511e-01
1.000000000000000000e+00 1.276382981797828053e+00
1.000000000000000000e+00 1.276382981797828053e+00
1.000000000000000000e+00 1.276382981797828053e+00
1.000000000000000000e+00 1.276382981797828053e+00
1.000000000000000000e+00 1.276382981797828053e+00
1.000000000000000000e+00 1.276382981797828053e+00
1.000000000000000000e+00 1.276382981797828053e+00
1.000000000000000000e+00 1.276382981797828053e+00
1.000000000000000000e+00 1.276382981797828053e+00
1.000000000000000000e+00 1.276382981797828053e+00
