0.000000000000000000e+00 1.400000000000000000e+01
0.000000000000000000e+00 8.075952216204312917e-01
0.000000000000000000e+00 2.806653152748027624e-01
0.000000000000000000e+00 -1.075508581767272931e+00
0.000000000000000000e+00 -1.075508581767272931e+00
0.000000000000000000e+00 -1.075508581767272931e+00
0.000000000000000000e+00 -1.075508581767272931e+00
0.000000000000000000e+00 -1.075508581767272931e+00
0.000000000000000000e+00 -1.075508581767272931e+00
0.000000000000000000e+00 -1.075508581767272931e+00
0.000000000000000000e+00 -1.075508581767272931e+00
0.000000000000000000e+00 -1.075508581767272931e+00
0.000000000000000000e+00 -1.075508581767272931e+00
0.000000000000000000e+00 -1.075508581767272931e+00
0.000000000000000000e+00 -1.075508581767272931e+00
0.000000000000000000e+00 -1.337830442481730664e+00
0.000000000000000000e+00 -1.337830442481730664e+00
0.000000000000000000e+00 -1.337830442481730664e+00
0.000000000000000000e+00 -1.337830442481730664e+00
0.000000000000000000e+00 -1.352626485536322809e+00
0.000000000000000000e+00 -1.352626485536322809e+00
0.000000000000000000e+00 -1.352626485536322809e+00
0.000000000000000000e+00 -1.352626485536322809e+00
0.000000000000000000e+00 -1.352626485536322809e+00
0.000000000000000000e+00 -1.352626485536322809e+00
0.000000000000000000e+00 -1.352626485536322809e+00
0.000000000000000000e+00 -1.352626485536322809e+00
0.000000000000000000e+00 -1.352626485536322809e+00
0.000000000000000000e+00 -1.352626485536322809e+00
0.000000000000000000e+00 -1.352626485536322809e+00
0.000000000000000000e+00 -1.352626485536322809e+00
1.000000000000000000e+00 -6.401728927534844349e-01
1.000000000000000000e+00 -1.351733773570503727e+00
1.000000000000000000e+00 -1.351733773570503727e+00
1.000000000000000000e+00 -1.351733773570503727e+00
1.000000000000000000e+00 -1.351733773570503727e+00
1.000000000000000000e+00 -1.351733773570503727e+00
1.000000000000000000e+00 -1.469990559750314674e+00
1.000000000000000000e+00 -1.469990559750314674e+00
1.000000000000000000e+00 -1.469990559750314674e+00
1.000000000000000000e+00 -1.469990559750314674e+00
1.000000000000000000e+00 -1.469990559750314674e+00
1.000000000000000000e+00 -1.469990559750314674e+00
1.000000000000000000e+00 -1.469990559750314674e+00
1.000000000000000000e+00 -1.469990559750314674e+00
1.000000000000000000e+00 -1.469990559750314674e+00
1.000000000000000000e+00 -1.469990559750314674e+00
1.000000000000000000e+00 -1.469990559750314674e+00
1.000000000000000000e+00 -1.469990559750314674e+00
1.000000000000000000e+00 -1.469990559750314674e+00
1.000000000000000000e+00 -1.469990559750314674e+00
1.000000000000000000e+00 -1.469990559750314674e+00
1.000000000000000000e+00 -1.469990559750314674e+00
1.000000000000000000e+00 -1.469990559750314674e+00
1.000000000000000000e+00 -1.469990559750314674e+00
1.000000000000000000e+00 -1.469990559750314674e+00
1.000000000000000000e+00 -1.469990559750314674e+00
1.000000000000000000e+00 -1.469990559750314674e+00
1.000000000000000000e+00 -1.469990559750314674e+00
1.000000000000000000e+00 -1.469990559750314674e+00
1.000000000000000000e+00 -1.469990559750314674e+00
2.000000000000000000e+00 -4.643521219640492914e-01
2.000000000000000000e+00 -9.126912945697684965e-01
2.000000000000000000e+00 -9.126912945697684965e-01
2.000000000000000000e+00 -9.126912945697684965e-01
2.000000000000000000e+00 -9.178655288507902021e-01
2.000000000000000000e+00 -9.178655288507902021e-01
2.000000000000000000e+00 -9.178655288507902021e-01
2.000000000000000000e+00 -9.178655288507902021e-01
2.000000000000000000e+00 -9.178655288507902021e-01
2.000000000000000000e+00 -9.178655288507902021e-01
2.000000000000000000e+00 -9.178655288507902021e-01
2.000000000000000000e+00 -1.116525049062750963e+00
2.000000000000000000e+00 -1.210014280244524176e+00
2.000000000000000000e+00 -1.210014280244524176e+00
2.000000000000000000e+00 -1.210014280244524176e+00
2.000000000000000000e+00 -1.210014280244524176e+00
2.000000000000000000e+00 -1.459434619969039115e+00
2.000000000000000000e+00 -1.459434619969039115e+00
2.000000000000000000e+00 -1.459434619969039115e+00
2.000000000000000000e+00 -1.459434619969039115e+00
2.000000000000000000e+00 -1.459434619969039115e+00
2.000000000000000000e+00 -1.459434619969039115e+00
2.000000000000000000e+00 -1.658292020483529416e+00
2.000000000000000000e+00 -1.658292020483529416e+00
2.000000000000000000e+00 -1.658292020483529416e+00
2.000000000000000000e+00 -1.658292020483529416e+00
2.000000000000000000e+00 -1.658292020483529416e+00
2.000000000000000000e+00 -1.658292020483529416e+00
2.000000000000000000e+00 -1.658292020483529416e+00
2.000000000000000000e+00 -1.658292020483529416e+00
