6.920728861277184173e-310 6.920728861277184173e-310
0.000000000000000000e+00 -1.531434125479615993e-01
0.000000000000000000e+00 -6.678847238996328262e-01
0.000000000000000000e+00 -1.195311721180790432e+00
0.000000000000000000e+00 -1.195311721180790432e+00
0.000000000000000000e+00 -1.195311721180790432e+00
0.000000000000000000e+00 -1.195311721180790432e+00
0.000000000000000000e+00 -1.195311721180790432e+00
0.000000000000000000e+00 -2.261171361883431263e+00
0.000000000000000000e+00 -2.261171361883431263e+00
0.000000000000000000e+00 -4.076056986230360835e+00
0.000000000000000000e+00 -4.076056986230360835e+00
0.000000000000000000e+00 -4.076056986230360835e+00
0.000000000000000000e+00 -4.076056986230360835e+00
0.000000000000000000e+00 -4.076056986230360835e+00
0.000000000000000000e+00 -4.076056986230360835e+00
0.000000000000000000e+00 -4.076056986230360835e+00
0.000000000000000000e+00 -4.076056986230360835e+00
0.000000000000000000e+00 -4.076056986230360835e+00
0.000000000000000000e+00 -4.076056986230360835e+00
0.000000000000000000e+00 -4.076056986230360835e+00
0.000000000000000000e+00 -4.076056986230360835e+00
0.000000000000000000e+00 -4.076056986230360835e+00
0.000000000000000000e+00 -4.076056986230360835e+00
0.000000000000000000e+00 -4.076056986230360835e+00
0.000000000000000000e+00 -4.076056986230360835e+00
0.000000000000000000e+00 -4.076056986230360835e+00
0.000000000000000000e+00 -4.076056986230360835e+00
0.000000000000000000e+00 -4.076056986230360835e+00
0.000000000000000000e+00 -4.076056986230360835e+00
0.000000000000000000e+00 -4.076056986230360835e+00
1.000000000000000000e+00 1.951629361643204330e+00
1.000000000000000000e+00 -4.334979987984223015e+00
1.000000000000000000e+00 -4.334979987984223015e+00
1.000000000000000000e+00 -4.334979987984223015e+00
1.000000000000000000e+00 -4.334979987984223015e+00
1.000000000000000000e+00 -4.334979987984223015e+00
1.000000000000000000e+00 -4.334979987984223015e+00
1.000000000000000000e+00 -4.334979987984223015e+00
1.000000000000000000e+00 -4.334979987984223015e+00
1.000000000000000000e+00 -4.334979987984223015e+00
1.000000000000000000e+00 -4.334979987984223015e+00
1.000000000000000000e+00 -4.334979987984223015e+00
1.000000000000000000e+00 -4.334979987984223015e+00
1.000000000000000000e+00 -4.334979987984223015e+00
1.000000000000000000e+00 -4.334979987984223015e+00
1.000000000000000000e+00 -4.334979987984223015e+00
1.000000000000000000e+00 -4.334979987984223015e+00
1.000000000000000000e+00 -4.846489498663133944e+00
1.000000000000000000e+00 -4.846489498663133944e+00
1.000000000000000000e+00 -4.846489498663133944e+00
1.000000000000000000e+00 -4.846489498663133944e+00
1.000000000000000000e+00 -4.846489498663133944e+00
1.000000000000000000e+00 -4.846489498663133944e+00
1.000000000000000000e+00 -4.846489498663133944e+00
1.000000000000000000e+00 -4.846489498663133944e+00
1.000000000000000000e+00 -4.846489498663133944e+00
1.000000000000000000e+00 -4.846489498663133944e+00
1.000000000000000000e+00 -4.846489498663133944e+00
1.000000000000000000e+00 -4.846489498663133944e+00
1.000000000000000000e+00 -4.846489498663133944e+00
2.000000000000000000e+00 -8.957955409205393682e-01
2.000000000000000000e+00 -8.957955409205393682e-01
2.000000000000000000e+00 -8.957955409205393682e-01
2.000000000000000000e+00 -2.432896813423275351e+00
2.000000000000000000e+00 -2.432896813423275351e+00
2.000000000000000000e+00 -3.523867840583270183e+00
2.000000000000000000e+00 -3.523867840583270183e+00
2.000000000000000000e+00 -3.523867840583270183e+00
2.000000000000000000e+00 -3.523867840583270183e+00
2.000000000000000000e+00 -3.523867840583270183e+00
2.000000000000000000e+00 -3.523867840583270183e+00
2.000000000000000000e+00 -8.078138726026869776e+00
2.000000000000000000e+00 -8.078138726026869776e+00
2.000000000000000000e+00 -8.078138726026869776e+00
2.000000000000000000e+00 -8.078138726026869776e+00
2.000000000000000000e+00 -8.078138726026869776e+00
2.000000000000000000e+00 -8.078138726026869776e+00
2.000000000000000000e+00 -8.078138726026869776e+00
2.000000000000000000e+00 -8.078138726026869776e+00
2.000000000000000000e+00 -8.078138726026869776e+00
2.000000000000000000e+00 -8.078138726026869776e+00
2.000000000000000000e+00 -8.078138726026869776e+00
2.000000000000000000e+00 -8.078138726026869776e+00
2.000000000000000000e+00 -8.078138726026869776e+00
2.000000000000000000e+00 -8.078138726026869776e+00
2.000000000000000000e+00 -8.078138726026869776e+00
2.000000000000000000e+00 -8.078138726026869776e+00
2.000000000000000000e+00 -8.078138726026869776e+00
2.000000000000000000e+00 -8.078138726026869776e+00
2.000000000000000000e+00 -8.078138726026869776e+00
3.000000000000000000e+00 3.641314556274875547e-01
3.000000000000000000e+00 -1.423710171922168977e+00
3.000000000000000000e+00 -1.423710171922168977e+00
3.000000000000000000e+00 -1.423710171922168977e+00
3.000000000000000000e+00 -1.423710171922168977e+00
3.000000000000000000e+00 -1.423710171922168977e+00
3.000000000000000000e+00 -1.423710171922168977e+00
3.000000000000000000e+00 -5.006804380169215918e+00
3.000000000000000000e+00 -5.006804380169215918e+00
3.000000000000000000e+00 -5.006804380169215918e+00
3.000000000000000000e+00 -5.590711941132632923e+00
3.000000000000000000e+00 -5.590711941132632923e+00
3.000000000000000000e+00 -5.590711941132632923e+00
3.000000000000000000e+00 -5.590711941132632923e+00
3.000000000000000000e+00 -5.590711941132632923e+00
3.000000000000000000e+00 -5.590711941132632923e+00
3.000000000000000000e+00 -5.590711941132632923e+00
3.000000000000000000e+00 -5.590711941132632923e+00
3.000000000000000000e+00 -5.590711941132632923e+00
3.000000000000000000e+00 -5.590711941132632923e+00
3.000000000000000000e+00 -5.590711941132632923e+00
3.000000000000000000e+00 -5.590711941132632923e+00
3.000000000000000000e+00 -5.590711941132632923e+00
3.000000000000000000e+00 -5.590711941132632923e+00
3.000000000000000000e+00 -5.590711941132632923e+00
3.000000000000000000e+00 -5.590711941132632923e+00
3.000000000000000000e+00 -5.590711941132632923e+00
3.000000000000000000e+00 -5.590711941132632923e+00
3.000000000000000000e+00 -5.590711941132632923e+00
3.000000000000000000e+00 -5.590711941132632923e+00
4.000000000000000000e+00 -5.581362039796482044e+00
4.000000000000000000e+00 -5.581362039796482044e+00
4.000000000000000000e+00 -5.581362039796482044e+00
4.000000000000000000e+00 -5.581362039796482044e+00
4.000000000000000000e+00 -5.581362039796482044e+00
4.000000000000000000e+00 -5.581362039796482044e+00
4.000000000000000000e+00 -5.581362039796482044e+00
4.000000000000000000e+00 -5.581362039796482044e+00
4.000000000000000000e+00 -5.581362039796482044e+00
4.000000000000000000e+00 -5.581362039796482044e+00
4.000000000000000000e+00 -5.581362039796482044e+00
4.000000000000000000e+00 -5.581362039796482044e+00
4.000000000000000000e+00 -5.581362039796482044e+00
4.000000000000000000e+00 -5.581362039796482044e+00
4.000000000000000000e+00 -5.581362039796482044e+00
4.000000000000000000e+00 -5.581362039796482044e+00
4.000000000000000000e+00 -5.581362039796482044e+00
4.000000000000000000e+00 -5.581362039796482044e+00
4.000000000000000000e+00 -5.581362039796482044e+00
4.000000000000000000e+00 -5.581362039796482044e+00
4.000000000000000000e+00 -5.581362039796482044e+00
4.000000000000000000e+00 -5.581362039796482044e+00
4.000000000000000000e+00 -5.581362039796482044e+00
4.000000000000000000e+00 -5.581362039796482044e+00
4.000000000000000000e+00 -5.581362039796482044e+00
4.000000000000000000e+00 -5.581362039796482044e+00
4.000000000000000000e+00 -5.581362039796482044e+00
4.000000000000000000e+00 -5.581362039796482044e+00
4.000000000000000000e+00 -5.581362039796482044e+00
4.000000000000000000e+00 -7.099596390172102645e+00
5.000000000000000000e+00 -1.222474155553891384e+00
5.000000000000000000e+00 -1.222474155553891384e+00
5.000000000000000000e+00 -4.042294146209334471e+00
5.000000000000000000e+00 -4.042294146209334471e+00
5.000000000000000000e+00 -4.042294146209334471e+00
5.000000000000000000e+00 -4.042294146209334471e+00
5.000000000000000000e+00 -4.042294146209334471e+00
5.000000000000000000e+00 -4.042294146209334471e+00
5.000000000000000000e+00 -4.042294146209334471e+00
5.000000000000000000e+00 -4.042294146209334471e+00
5.000000000000000000e+00 -4.042294146209334471e+00
5.000000000000000000e+00 -4.042294146209334471e+00
5.000000000000000000e+00 -4.042294146209334471e+00
5.000000000000000000e+00 -4.042294146209334471e+00
5.000000000000000000e+00 -4.042294146209334471e+00
5.000000000000000000e+00 -4.042294146209334471e+00
5.000000000000000000e+00 -4.042294146209334471e+00
5.000000000000000000e+00 -4.042294146209334471e+00
5.000000000000000000e+00 -4.042294146209334471e+00
5.000000000000000000e+00 -4.042294146209334471e+00
5.000000000000000000e+00 -4.042294146209334471e+00
5.000000000000000000e+00 -4.042294146209334471e+00
5.000000000000000000e+00 -4.042294146209334471e+00
5.000000000000000000e+00 -4.042294146209334471e+00
5.000000000000000000e+00 -4.042294146209334471e+00
5.000000000000000000e+00 -4.042294146209334471e+00
5.000000000000000000e+00 -4.042294146209334471e+00
5.000000000000000000e+00 -4.042294146209334471e+00
5.000000000000000000e+00 -4.042294146209334471e+00
5.000000000000000000e+00 -4.042294146209334471e+00
6.000000000000000000e+00 -1.298359977571410973e+00
6.000000000000000000e+00 -1.298359977571410973e+00
6.000000000000000000e+00 -1.298359977571410973e+00
6.000000000000000000e+00 -1.298359977571410973e+00
6.000000000000000000e+00 -1.369336127887126331e+00
6.000000000000000000e+00 -2.750398572643105943e+00
6.000000000000000000e+00 -2.750398572643105943e+00
6.000000000000000000e+00 -2.750398572643105943e+00
6.000000000000000000e+00 -2.750398572643105943e+00
6.000000000000000000e+00 -3.309256585498804082e+00
6.000000000000000000e+00 -3.309256585498804082e+00
6.000000000000000000e+00 -3.309256585498804082e+00
6.000000000000000000e+00 -3.309256585498804082e+00
6.000000000000000000e+00 -3.309256585498804082e+00
6.000000000000000000e+00 -3.309256585498804082e+00
6.000000000000000000e+00 -6.176131055543507387e+00
6.000000000000000000e+00 -6.176131055543507387e+00
6.000000000000000000e+00 -6.176131055543507387e+00
6.000000000000000000e+00 -6.176131055543507387e+00
6.000000000000000000e+00 -6.176131055543507387e+00
6.000000000000000000e+00 -6.176131055543507387e+00
6.000000000000000000e+00 -6.176131055543507387e+00
6.000000000000000000e+00 -6.176131055543507387e+00
6.000000000000000000e+00 -7.370926000103348308e+00
6.000000000000000000e+00 -7.370926000103348308e+00
6.000000000000000000e+00 -7.370926000103348308e+00
6.000000000000000000e+00 -7.370926000103348308e+00
6.000000000000000000e+00 -7.370926000103348308e+00
6.000000000000000000e+00 -7.370926000103348308e+00
6.000000000000000000e+00 -7.370926000103348308e+00
7.000000000000000000e+00 -1.933439459947377537e-01
7.000000000000000000e+00 -1.933439459947377537e-01
7.000000000000000000e+00 -1.933439459947377537e-01
7.000000000000000000e+00 -1.933439459947377537e-01
7.000000000000000000e+00 -1.933439459947377537e-01
7.000000000000000000e+00 -1.933439459947377537e-01
7.000000000000000000e+00 -3.452619020252581272e+00
7.000000000000000000e+00 -3.452619020252581272e+00
7.000000000000000000e+00 -3.452619020252581272e+00
7.000000000000000000e+00 -3.452619020252581272e+00
7.000000000000000000e+00 -3.452619020252581272e+00
7.000000000000000000e+00 -3.452619020252581272e+00
7.000000000000000000e+00 -3.452619020252581272e+00
7.000000000000000000e+00 -5.717037255701653997e+00
7.000000000000000000e+00 -5.717037255701653997e+00
7.000000000000000000e+00 -5.717037255701653997e+00
7.000000000000000000e+00 -5.717037255701653997e+00
7.000000000000000000e+00 -5.717037255701653997e+00
7.000000000000000000e+00 -5.717037255701653997e+00
7.000000000000000000e+00 -5.717037255701653997e+00
7.000000000000000000e+00 -5.717037255701653997e+00
7.000000000000000000e+00 -5.717037255701653997e+00
7.000000000000000000e+00 -5.717037255701653997e+00
7.000000000000000000e+00 -5.717037255701653997e+00
7.000000000000000000e+00 -5.717037255701653997e+00
7.000000000000000000e+00 -5.717037255701653997e+00
7.000000000000000000e+00 -5.717037255701653997e+00
7.000000000000000000e+00 -5.717037255701653997e+00
7.000000000000000000e+00 -5.717037255701653997e+00
7.000000000000000000e+00 -5.717037255701653997e+00
8.000000000000000000e+00 -4.511389341949161857e-01
8.000000000000000000e+00 -4.511389341949161857e-01
8.000000000000000000e+00 -5.407971430991485029e-01
8.000000000000000000e+00 -5.407971430991485029e-01
8.000000000000000000e+00 -5.407971430991485029e-01
8.000000000000000000e+00 -6.686946475049506677e-01
8.000000000000000000e+00 -6.686946475049506677e-01
8.000000000000000000e+00 -2.735969125108650868e+00
8.000000000000000000e+00 -3.813127092281070940e+00
8.000000000000000000e+00 -3.813127092281070940e+00
8.000000000000000000e+00 -3.813127092281070940e+00
8.000000000000000000e+00 -3.813127092281070940e+00
8.000000000000000000e+00 -3.813127092281070940e+00
8.000000000000000000e+00 -3.813127092281070940e+00
8.000000000000000000e+00 -3.813127092281070940e+00
8.000000000000000000e+00 -3.813127092281070940e+00
8.000000000000000000e+00 -3.813127092281070940e+00
8.000000000000000000e+00 -3.813127092281070940e+00
8.000000000000000000e+00 -3.813127092281070940e+00
8.000000000000000000e+00 -3.813127092281070940e+00
8.000000000000000000e+00 -3.813127092281070940e+00
8.000000000000000000e+00 -3.813127092281070940e+00
8.000000000000000000e+00 -3.813127092281070940e+00
8.000000000000000000e+00 -6.896030609870533290e+00
8.000000000000000000e+00 -6.896030609870533290e+00
8.000000000000000000e+00 -6.896030609870533290e+00
8.000000000000000000e+00 -6.896030609870533290e+00
8.000000000000000000e+00 -6.896030609870533290e+00
8.000000000000000000e+00 -6.896030609870533290e+00
8.000000000000000000e+00 -6.896030609870533290e+00
9.000000000000000000e+00 3.542873938707605586e+00
9.000000000000000000e+00 -5.559880180234804126e-01
9.000000000000000000e+00 -3.564665480191160807e+00
9.000000000000000000e+00 -3.564665480191160807e+00
9.000000000000000000e+00 -3.564665480191160807e+00
9.000000000000000000e+00 -3.564665480191160807e+00
9.000000000000000000e+00 -3.564665480191160807e+00
9.000000000000000000e+00 -3.564665480191160807e+00
9.000000000000000000e+00 -3.564665480191160807e+00
9.000000000000000000e+00 -3.564665480191160807e+00
9.000000000000000000e+00 -6.569421468147440990e+00
9.000000000000000000e+00 -6.569421468147440990e+00
9.000000000000000000e+00 -6.569421468147440990e+00
9.000000000000000000e+00 -6.569421468147440990e+00
9.000000000000000000e+00 -6.569421468147440990e+00
9.000000000000000000e+00 -6.569421468147440990e+00
9.000000000000000000e+00 -6.569421468147440990e+00
9.000000000000000000e+00 -6.569421468147440990e+00
9.000000000000000000e+00 -6.569421468147440990e+00
9.000000000000000000e+00 -6.569421468147440990e+00
9.000000000000000000e+00 -6.569421468147440990e+00
9.000000000000000000e+00 -6.569421468147440990e+00
9.000000000000000000e+00 -6.569421468147440990e+00
9.000000000000000000e+00 -6.569421468147440990e+00
9.000000000000000000e+00 -6.569421468147440990e+00
9.000000000000000000e+00 -6.569421468147440990e+00
9.000000000000000000e+00 -6.569421468147440990e+00
9.000000000000000000e+00 -6.569421468147440990e+00
9.000000000000000000e+00 -6.569421468147440990e+00
9.000000000000000000e+00 -6.569421468147440990e+00
