0.000000000000000000e+00 6.916919041777451618e-323
0.000000000000000000e+00 8.075952216204312917e-01
0.000000000000000000e+00 2.806653152748027624e-01
0.000000000000000000e+00 -1.075508581767272931e+00
0.000000000000000000e+00 -1.075508581767272931e+00
0.000000000000000000e+00 -1.075508581767272931e+00
0.000000000000000000e+00 -1.075508581767272931e+00
0.000000000000000000e+00 -1.075508581767272931e+00
0.000000000000000000e+00 -1.075508581767272931e+00
0.000000000000000000e+00 -1.075508581767272931e+00
0.000000000000000000e+00 -1.075508581767272931e+00
0.000000000000000000e+00 -1.075508581767272931e+00
0.000000000000000000e+00 -1.075508581767272931e+00
0.000000000000000000e+00 -1.075508581767272931e+00
0.000000000000000000e+00 -1.075508581767272931e+00
0.000000000000000000e+00 -1.182278307281746432e+00
0.000000000000000000e+00 -1.182278307281746432e+00
0.000000000000000000e+00 -1.182278307281746432e+00
0.000000000000000000e+00 -1.182278307281746432e+00
0.000000000000000000e+00 -1.355436558101465794e+00
0.000000000000000000e+00 -1.355436558101465794e+00
0.000000000000000000e+00 -1.355436558101465794e+00
0.000000000000000000e+00 -1.728084307684148779e+00
0.000000000000000000e+00 -1.728084307684148779e+00
0.000000000000000000e+00 -1.850008959663693275e+00
0.000000000000000000e+00 -1.850008959663693275e+00
0.000000000000000000e+00 -1.850008959663693275e+00
0.000000000000000000e+00 -1.850008959663693275e+00
0.000000000000000000e+00 -1.850008959663693275e+00
0.000000000000000000e+00 -1.850008959663693275e+00
0.000000000000000000e+00 -1.850008959663693275e+00
1.000000000000000000e+00 -6.401728927534844349e-01
1.000000000000000000e+00 -1.351733773570503727e+00
1.000000000000000000e+00 -1.351733773570503727e+00
1.000000000000000000e+00 -1.351733773570503727e+00
1.000000000000000000e+00 -1.351733773570503727e+00
1.000000000000000000e+00 -1.351733773570503727e+00
1.000000000000000000e+00 -1.469990559750314674e+00
1.000000000000000000e+00 -1.469990559750314674e+00
1.000000000000000000e+00 -1.469990559750314674e+00
1.000000000000000000e+00 -1.469990559750314674e+00
1.000000000000000000e+00 -1.469990559750314674e+00
1.000000000000000000e+00 -1.469990559750314674e+00
1.000000000000000000e+00 -1.469990559750314674e+00
1.000000000000000000e+00 -1.469990559750314674e+00
1.000000000000000000e+00 -1.469990559750314674e+00
1.000000000000000000e+00 -1.469990559750314674e+00
1.000000000000000000e+00 -1.469990559750314674e+00
1.000000000000000000e+00 -1.469990559750314674e+00
1.000000000000000000e+00 -1.469990559750314674e+00
1.000000000000000000e+00 -1.469990559750314674e+00
1.000000000000000000e+00 -1.469990559750314674e+00
1.000000000000000000e+00 -1.486740397644064737e+00
1.000000000000000000e+00 -1.486740397644064737e+00
1.000000000000000000e+00 -1.486740397644064737e+00
1.000000000000000000e+00 -1.486740397644064737e+00
1.000000000000000000e+00 -1.486740397644064737e+00
1.000000000000000000e+00 -1.486740397644064737e+00
1.000000000000000000e+00 -1.486740397644064737e+00
1.000000000000000000e+00 -1.486740397644064737e+00
1.000000000000000000e+00 -1.486740397644064737e+00
2.000000000000000000e+00 -4.643521219640492914e-01
2.000000000000000000e+00 -9.126912945697684965e-01
2.000000000000000000e+00 -9.126912945697684965e-01
2.000000000000000000e+00 -9.126912945697684965e-01
2.000000000000000000e+00 -9.178655288507902021e-01
2.000000000000000000e+00 -9.178655288507902021e-01
2.000000000000000000e+00 -9.178655288507902021e-01
2.000000000000000000e+00 -9.178655288507902021e-01
2.000000000000000000e+00 -9.178655288507902021e-01
2.000000000000000000e+00 -9.178655288507902021e-01
2.000000000000000000e+00 -1.210468149848485275e+00
2.000000000000000000e+00 -1.210468149848485275e+00
2.000000000000000000e+00 -1.210468149848485275e+00
2.000000000000000000e+00 -1.210468149848485275e+00
2.000000000000000000e+00 -1.210468149848485275e+00
2.000000000000000000e+00 -1.210468149848485275e+00
2.000000000000000000e+00 -1.210468149848485275e+00
2.000000000000000000e+00 -1.210468149848485275e+00
2.000000000000000000e+00 -1.210468149848485275e+00
2.000000000000000000e+00 -1.210468149848485275e+00
2.000000000000000000e+00 -1.210468149848485275e+00
2.000000000000000000e+00 -1.210468149848485275e+00
2.000000000000000000e+00 -1.210468149848485275e+00
2.000000000000000000e+00 -1.210468149848485275e+00
2.000000000000000000e+00 -1.210468149848485275e+00
2.000000000000000000e+00 -1.210468149848485275e+00
2.000000000000000000e+00 -1.210468149848485275e+00
2.000000000000000000e+00 -1.210468149848485275e+00
2.000000000000000000e+00 -1.210468149848485275e+00
2.000000000000000000e+00 -1.210468149848485275e+00
