6.903322921530006705e-310 6.903322921530006705e-310
0.000000000000000000e+00 8.075952216204312917e-01
0.000000000000000000e+00 2.806653152748027624e-01
0.000000000000000000e+00 -1.075508581767272931e+00
0.000000000000000000e+00 -1.075508581767272931e+00
0.000000000000000000e+00 -1.075508581767272931e+00
0.000000000000000000e+00 -1.075508581767272931e+00
0.000000000000000000e+00 -1.075508581767272931e+00
0.000000000000000000e+00 -1.075508581767272931e+00
0.000000000000000000e+00 -1.075508581767272931e+00
0.000000000000000000e+00 -1.075508581767272931e+00
0.000000000000000000e+00 -1.075508581767272931e+00
0.000000000000000000e+00 -1.075508581767272931e+00
0.000000000000000000e+00 -1.075508581767272931e+00
0.000000000000000000e+00 -1.075508581767272931e+00
0.000000000000000000e+00 -1.075508581767272931e+00
0.000000000000000000e+00 -1.075508581767272931e+00
0.000000000000000000e+00 -1.075508581767272931e+00
0.000000000000000000e+00 -1.075508581767272931e+00
0.000000000000000000e+00 -1.075508581767272931e+00
0.000000000000000000e+00 -1.075508581767272931e+00
0.000000000000000000e+00 -1.075508581767272931e+00
0.000000000000000000e+00 -1.075508581767272931e+00
0.000000000000000000e+00 -1.075508581767272931e+00
0.000000000000000000e+00 -1.308288954169727347e+00
0.000000000000000000e+00 -1.308288954169727347e+00
0.000000000000000000e+00 -1.308288954169727347e+00
0.000000000000000000e+00 -1.308288954169727347e+00
0.000000000000000000e+00 -1.308288954169727347e+00
0.000000000000000000e+00 -1.494738404239380314e+00
0.000000000000000000e+00 -1.494738404239380314e+00
1.000000000000000000e+00 -6.401728927534844349e-01
1.000000000000000000e+00 -1.351733773570503727e+00
1.000000000000000000e+00 -1.351733773570503727e+00
1.000000000000000000e+00 -1.351733773570503727e+00
1.000000000000000000e+00 -1.351733773570503727e+00
1.000000000000000000e+00 -1.351733773570503727e+00
1.000000000000000000e+00 -1.469990559750314674e+00
1.000000000000000000e+00 -1.469990559750314674e+00
1.000000000000000000e+00 -1.469990559750314674e+00
1.000000000000000000e+00 -1.469990559750314674e+00
1.000000000000000000e+00 -1.469990559750314674e+00
1.000000000000000000e+00 -1.469990559750314674e+00
1.000000000000000000e+00 -1.469990559750314674e+00
1.000000000000000000e+00 -1.469990559750314674e+00
1.000000000000000000e+00 -1.469990559750314674e+00
1.000000000000000000e+00 -1.469990559750314674e+00
1.000000000000000000e+00 -1.469990559750314674e+00
1.000000000000000000e+00 -1.469990559750314674e+00
1.000000000000000000e+00 -1.469990559750314674e+00
1.000000000000000000e+00 -1.469990559750314674e+00
1.000000000000000000e+00 -1.469990559750314674e+00
1.000000000000000000e+00 -1.469990559750314674e+00
1.000000000000000000e+00 -1.469990559750314674e+00
1.000000000000000000e+00 -1.469990559750314674e+00
1.000000000000000000e+00 -1.469990559750314674e+00
1.000000000000000000e+00 -1.469990559750314674e+00
1.000000000000000000e+00 -1.469990559750314674e+00
1.000000000000000000e+00 -1.469990559750314674e+00
1.000000000000000000e+00 -1.469990559750314674e+00
1.000000000000000000e+00 -1.469990559750314674e+00
