0.000000000000000000e+00 6.916919041777451618e-323
0.000000000000000000e+00 -1.531434125479615993e-01
0.000000000000000000e+00 -6.678847238996328262e-01
0.000000000000000000e+00 -1.195311721180790432e+00
0.000000000000000000e+00 -1.195311721180790432e+00
0.000000000000000000e+00 -1.195311721180790432e+00
0.000000000000000000e+00 -1.195311721180790432e+00
0.000000000000000000e+00 -1.195311721180790432e+00
0.000000000000000000e+00 -2.261171361883431263e+00
0.000000000000000000e+00 -2.261171361883431263e+00
0.000000000000000000e+00 -4.076056986230360835e+00
0.000000000000000000e+00 -4.076056986230360835e+00
0.000000000000000000e+00 -4.076056986230360835e+00
0.000000000000000000e+00 -4.428667085952072924e+00
0.000000000000000000e+00 -5.628215606830825557e+00
0.000000000000000000e+00 -5.788108358966728595e+00
0.000000000000000000e+00 -6.059715473488823889e+00
0.000000000000000000e+00 -6.059715473488823889e+00
0.000000000000000000e+00 -6.059715473488823889e+00
0.000000000000000000e+00 -6.059715473488823889e+00
0.000000000000000000e+00 -6.059715473488823889e+00
0.000000000000000000e+00 -6.059715473488823889e+00
0.000000000000000000e+00 -6.059715473488823889e+00
0.000000000000000000e+00 -6.059715473488823889e+00
0.000000000000000000e+00 -6.059715473488823889e+00
0.000000000000000000e+00 -6.059715473488823889e+00
0.000000000000000000e+00 -6.059715473488823889e+00
0.000000000000000000e+00 -6.059715473488823889e+00
0.000000000000000000e+00 -6.059715473488823889e+00
0.000000000000000000e+00 -6.059715473488823889e+00
0.000000000000000000e+00 -6.059715473488823889e+00
1.000000000000000000e+00 1.951629361643204330e+00
1.000000000000000000e+00 -4.334979987984223015e+00
1.000000000000000000e+00 -4.334979987984223015e+00
1.000000000000000000e+00 -4.334979987984223015e+00
1.000000000000000000e+00 -4.334979987984223015e+00
1.000000000000000000e+00 -4.334979987984223015e+00
1.000000000000000000e+00 -4.334979987984223015e+00
1.000000000000000000e+00 -4.334979987984223015e+00
1.000000000000000000e+00 -4.334979987984223015e+00
1.000000000000000000e+00 -4.334979987984223015e+00
1.000000000000000000e+00 -4.334979987984223015e+00
1.000000000000000000e+00 -4.334979987984223015e+00
1.000000000000000000e+00 -4.334979987984223015e+00
1.000000000000000000e+00 -4.839696981473522897e+00
1.000000000000000000e+00 -4.839696981473522897e+00
1.000000000000000000e+00 -4.839696981473522897e+00
1.000000000000000000e+00 -4.839696981473522897e+00
1.000000000000000000e+00 -4.839696981473522897e+00
1.000000000000000000e+00 -4.839696981473522897e+00
1.000000000000000000e+00 -6.291537404324452964e+00
1.000000000000000000e+00 -6.291537404324452964e+00
1.000000000000000000e+00 -6.291537404324452964e+00
1.000000000000000000e+00 -6.291537404324452964e+00
1.000000000000000000e+00 -7.491785205301369821e+00
1.000000000000000000e+00 -7.491785205301369821e+00
1.000000000000000000e+00 -7.569524092667932358e+00
1.000000000000000000e+00 -7.878527939157197402e+00
1.000000000000000000e+00 -7.878527939157197402e+00
1.000000000000000000e+00 -7.878527939157197402e+00
1.000000000000000000e+00 -7.878527939157197402e+00
2.000000000000000000e+00 -8.957955409205393682e-01
2.000000000000000000e+00 -8.957955409205393682e-01
2.000000000000000000e+00 -8.957955409205393682e-01
2.000000000000000000e+00 -2.432896813423275351e+00
2.000000000000000000e+00 -2.432896813423275351e+00
2.000000000000000000e+00 -3.523867840583270183e+00
2.000000000000000000e+00 -3.523867840583270183e+00
2.000000000000000000e+00 -3.523867840583270183e+00
2.000000000000000000e+00 -3.523867840583270183e+00
2.000000000000000000e+00 -3.523867840583270183e+00
2.000000000000000000e+00 -3.523867840583270183e+00
2.000000000000000000e+00 -3.523867840583270183e+00
2.000000000000000000e+00 -3.523867840583270183e+00
2.000000000000000000e+00 -3.523867840583270183e+00
2.000000000000000000e+00 -3.523867840583270183e+00
2.000000000000000000e+00 -3.523867840583270183e+00
2.000000000000000000e+00 -3.523867840583270183e+00
2.000000000000000000e+00 -3.523867840583270183e+00
2.000000000000000000e+00 -3.523867840583270183e+00
2.000000000000000000e+00 -3.523867840583270183e+00
2.000000000000000000e+00 -3.523867840583270183e+00
2.000000000000000000e+00 -3.523867840583270183e+00
2.000000000000000000e+00 -3.523867840583270183e+00
2.000000000000000000e+00 -3.523867840583270183e+00
2.000000000000000000e+00 -4.067534616541189862e+00
2.000000000000000000e+00 -4.067534616541189862e+00
2.000000000000000000e+00 -4.067534616541189862e+00
2.000000000000000000e+00 -4.067534616541189862e+00
2.000000000000000000e+00 -4.067534616541189862e+00
2.000000000000000000e+00 -4.067534616541189862e+00
3.000000000000000000e+00 3.641314556274875547e-01
3.000000000000000000e+00 -1.423710171922168977e+00
3.000000000000000000e+00 -1.423710171922168977e+00
3.000000000000000000e+00 -1.423710171922168977e+00
3.000000000000000000e+00 -1.423710171922168977e+00
3.000000000000000000e+00 -1.423710171922168977e+00
3.000000000000000000e+00 -1.423710171922168977e+00
3.000000000000000000e+00 -5.006804380169215918e+00
3.000000000000000000e+00 -5.006804380169215918e+00
3.000000000000000000e+00 -5.006804380169215918e+00
3.000000000000000000e+00 -7.103274779809206407e+00
3.000000000000000000e+00 -7.103274779809206407e+00
3.000000000000000000e+00 -7.533452292290240493e+00
3.000000000000000000e+00 -7.533452292290240493e+00
3.000000000000000000e+00 -7.565555022341311719e+00
3.000000000000000000e+00 -7.565555022341311719e+00
3.000000000000000000e+00 -7.565555022341311719e+00
3.000000000000000000e+00 -7.565555022341311719e+00
3.000000000000000000e+00 -7.565555022341311719e+00
3.000000000000000000e+00 -7.565555022341311719e+00
3.000000000000000000e+00 -7.565555022341311719e+00
3.000000000000000000e+00 -7.565555022341311719e+00
3.000000000000000000e+00 -7.565555022341311719e+00
3.000000000000000000e+00 -7.565555022341311719e+00
3.000000000000000000e+00 -7.565555022341311719e+00
3.000000000000000000e+00 -7.565555022341311719e+00
3.000000000000000000e+00 -7.565555022341311719e+00
3.000000000000000000e+00 -7.565555022341311719e+00
3.000000000000000000e+00 -7.565555022341311719e+00
3.000000000000000000e+00 -7.565555022341311719e+00
4.000000000000000000e+00 -5.581362039796482044e+00
4.000000000000000000e+00 -5.581362039796482044e+00
4.000000000000000000e+00 -5.581362039796482044e+00
4.000000000000000000e+00 -5.581362039796482044e+00
4.000000000000000000e+00 -5.581362039796482044e+00
4.000000000000000000e+00 -5.581362039796482044e+00
4.000000000000000000e+00 -5.581362039796482044e+00
4.000000000000000000e+00 -5.581362039796482044e+00
4.000000000000000000e+00 -5.581362039796482044e+00
4.000000000000000000e+00 -5.581362039796482044e+00
4.000000000000000000e+00 -5.581362039796482044e+00
4.000000000000000000e+00 -5.581362039796482044e+00
4.000000000000000000e+00 -5.581362039796482044e+00
4.000000000000000000e+00 -5.581362039796482044e+00
4.000000000000000000e+00 -5.581362039796482044e+00
4.000000000000000000e+00 -7.463023923825200079e+00
4.000000000000000000e+00 -8.187169546972000944e+00
4.000000000000000000e+00 -8.187169546972000944e+00
4.000000000000000000e+00 -8.187169546972000944e+00
4.000000000000000000e+00 -8.187169546972000944e+00
4.000000000000000000e+00 -8.187169546972000944e+00
4.000000000000000000e+00 -8.187169546972000944e+00
4.000000000000000000e+00 -8.187169546972000944e+00
4.000000000000000000e+00 -8.187169546972000944e+00
4.000000000000000000e+00 -8.187169546972000944e+00
4.000000000000000000e+00 -8.187169546972000944e+00
4.000000000000000000e+00 -8.187169546972000944e+00
4.000000000000000000e+00 -8.187169546972000944e+00
4.000000000000000000e+00 -8.187169546972000944e+00
4.000000000000000000e+00 -8.187169546972000944e+00
5.000000000000000000e+00 -1.222474155553891384e+00
5.000000000000000000e+00 -1.222474155553891384e+00
5.000000000000000000e+00 -4.042294146209334471e+00
5.000000000000000000e+00 -4.042294146209334471e+00
5.000000000000000000e+00 -4.042294146209334471e+00
5.000000000000000000e+00 -4.042294146209334471e+00
5.000000000000000000e+00 -4.042294146209334471e+00
5.000000000000000000e+00 -4.042294146209334471e+00
5.000000000000000000e+00 -4.042294146209334471e+00
5.000000000000000000e+00 -4.042294146209334471e+00
5.000000000000000000e+00 -4.042294146209334471e+00
5.000000000000000000e+00 -4.042294146209334471e+00
5.000000000000000000e+00 -4.042294146209334471e+00
5.000000000000000000e+00 -4.042294146209334471e+00
5.000000000000000000e+00 -4.042294146209334471e+00
5.000000000000000000e+00 -4.042294146209334471e+00
5.000000000000000000e+00 -4.042294146209334471e+00
5.000000000000000000e+00 -4.042294146209334471e+00
5.000000000000000000e+00 -4.042294146209334471e+00
5.000000000000000000e+00 -4.042294146209334471e+00
5.000000000000000000e+00 -4.042294146209334471e+00
5.000000000000000000e+00 -4.608648904568233284e+00
5.000000000000000000e+00 -4.608648904568233284e+00
5.000000000000000000e+00 -4.608648904568233284e+00
5.000000000000000000e+00 -4.608648904568233284e+00
5.000000000000000000e+00 -4.608648904568233284e+00
5.000000000000000000e+00 -4.608648904568233284e+00
5.000000000000000000e+00 -4.608648904568233284e+00
5.000000000000000000e+00 -4.608648904568233284e+00
5.000000000000000000e+00 -4.608648904568233284e+00
6.000000000000000000e+00 -1.298359977571410973e+00
6.000000000000000000e+00 -1.298359977571410973e+00
6.000000000000000000e+00 -1.298359977571410973e+00
6.000000000000000000e+00 -1.298359977571410973e+00
6.000000000000000000e+00 -1.369336127887126331e+00
6.000000000000000000e+00 -2.750398572643105943e+00
6.000000000000000000e+00 -2.750398572643105943e+00
6.000000000000000000e+00 -2.750398572643105943e+00
6.000000000000000000e+00 -2.750398572643105943e+00
6.000000000000000000e+00 -3.309256585498804082e+00
6.000000000000000000e+00 -3.309256585498804082e+00
6.000000000000000000e+00 -3.309256585498804082e+00
6.000000000000000000e+00 -3.438218936340681875e+00
6.000000000000000000e+00 -3.438218936340681875e+00
6.000000000000000000e+00 -3.438218936340681875e+00
6.000000000000000000e+00 -3.438218936340681875e+00
6.000000000000000000e+00 -3.438218936340681875e+00
6.000000000000000000e+00 -3.599869945341442889e+00
6.000000000000000000e+00 -3.599869945341442889e+00
6.000000000000000000e+00 -3.599869945341442889e+00
6.000000000000000000e+00 -3.599869945341442889e+00
6.000000000000000000e+00 -3.599869945341442889e+00
6.000000000000000000e+00 -7.780662438273427739e+00
6.000000000000000000e+00 -7.780662438273427739e+00
6.000000000000000000e+00 -7.780662438273427739e+00
6.000000000000000000e+00 -7.780662438273427739e+00
6.000000000000000000e+00 -7.780662438273427739e+00
6.000000000000000000e+00 -7.842563216682468585e+00
6.000000000000000000e+00 -7.842563216682468585e+00
6.000000000000000000e+00 -7.842563216682468585e+00
7.000000000000000000e+00 -1.933439459947377537e-01
7.000000000000000000e+00 -1.933439459947377537e-01
7.000000000000000000e+00 -1.933439459947377537e-01
7.000000000000000000e+00 -1.933439459947377537e-01
7.000000000000000000e+00 -1.933439459947377537e-01
7.000000000000000000e+00 -1.933439459947377537e-01
7.000000000000000000e+00 -3.452619020252581272e+00
7.000000000000000000e+00 -3.452619020252581272e+00
7.000000000000000000e+00 -3.452619020252581272e+00
7.000000000000000000e+00 -3.452619020252581272e+00
7.000000000000000000e+00 -3.452619020252581272e+00
7.000000000000000000e+00 -3.513856283686605408e+00
7.000000000000000000e+00 -3.656573689479938771e+00
7.000000000000000000e+00 -3.656573689479938771e+00
7.000000000000000000e+00 -3.656573689479938771e+00
7.000000000000000000e+00 -3.656573689479938771e+00
7.000000000000000000e+00 -3.656573689479938771e+00
7.000000000000000000e+00 -3.656573689479938771e+00
7.000000000000000000e+00 -3.656573689479938771e+00
7.000000000000000000e+00 -3.656573689479938771e+00
7.000000000000000000e+00 -3.656573689479938771e+00
7.000000000000000000e+00 -3.656573689479938771e+00
7.000000000000000000e+00 -3.656573689479938771e+00
7.000000000000000000e+00 -3.656573689479938771e+00
7.000000000000000000e+00 -3.656573689479938771e+00
7.000000000000000000e+00 -4.787463940670235729e+00
7.000000000000000000e+00 -4.787463940670235729e+00
7.000000000000000000e+00 -4.787463940670235729e+00
7.000000000000000000e+00 -4.787463940670235729e+00
7.000000000000000000e+00 -4.787463940670235729e+00
8.000000000000000000e+00 -4.511389341949161857e-01
8.000000000000000000e+00 -4.511389341949161857e-01
8.000000000000000000e+00 -5.407971430991485029e-01
8.000000000000000000e+00 -5.407971430991485029e-01
8.000000000000000000e+00 -5.407971430991485029e-01
8.000000000000000000e+00 -6.686946475049506677e-01
8.000000000000000000e+00 -6.686946475049506677e-01
8.000000000000000000e+00 -2.735969125108650868e+00
8.000000000000000000e+00 -3.813127092281070940e+00
8.000000000000000000e+00 -3.813127092281070940e+00
8.000000000000000000e+00 -3.813127092281070940e+00
8.000000000000000000e+00 -5.427562770109650714e+00
8.000000000000000000e+00 -7.047239123125060622e+00
8.000000000000000000e+00 -7.146496935394801575e+00
8.000000000000000000e+00 -8.215301082879525651e+00
8.000000000000000000e+00 -8.215301082879525651e+00
8.000000000000000000e+00 -8.215301082879525651e+00
8.000000000000000000e+00 -8.215301082879525651e+00
8.000000000000000000e+00 -8.215301082879525651e+00
8.000000000000000000e+00 -8.215301082879525651e+00
8.000000000000000000e+00 -8.215301082879525651e+00
8.000000000000000000e+00 -8.215301082879525651e+00
8.000000000000000000e+00 -8.215301082879525651e+00
8.000000000000000000e+00 -8.215301082879525651e+00
8.000000000000000000e+00 -8.215301082879525651e+00
8.000000000000000000e+00 -8.215301082879525651e+00
8.000000000000000000e+00 -8.215301082879525651e+00
8.000000000000000000e+00 -8.215301082879525651e+00
8.000000000000000000e+00 -8.215301082879525651e+00
8.000000000000000000e+00 -8.215301082879525651e+00
9.000000000000000000e+00 3.542873938707605586e+00
9.000000000000000000e+00 -5.559880180234804126e-01
9.000000000000000000e+00 -3.564665480191160807e+00
9.000000000000000000e+00 -3.564665480191160807e+00
9.000000000000000000e+00 -3.564665480191160807e+00
9.000000000000000000e+00 -3.564665480191160807e+00
9.000000000000000000e+00 -3.564665480191160807e+00
9.000000000000000000e+00 -3.564665480191160807e+00
9.000000000000000000e+00 -3.564665480191160807e+00
9.000000000000000000e+00 -3.564665480191160807e+00
9.000000000000000000e+00 -3.564665480191160807e+00
9.000000000000000000e+00 -3.564665480191160807e+00
9.000000000000000000e+00 -3.564665480191160807e+00
9.000000000000000000e+00 -3.564665480191160807e+00
9.000000000000000000e+00 -3.564665480191160807e+00
9.000000000000000000e+00 -3.564665480191160807e+00
9.000000000000000000e+00 -3.564665480191160807e+00
9.000000000000000000e+00 -3.564665480191160807e+00
9.000000000000000000e+00 -4.095470259288171100e+00
9.000000000000000000e+00 -5.943302151428615510e+00
9.000000000000000000e+00 -6.614504376317478673e+00
9.000000000000000000e+00 -6.614504376317478673e+00
9.000000000000000000e+00 -7.745714212874984739e+00
9.000000000000000000e+00 -7.932754163269970071e+00
9.000000000000000000e+00 -7.932754163269970071e+00
9.000000000000000000e+00 -7.932754163269970071e+00
9.000000000000000000e+00 -7.932754163269970071e+00
9.000000000000000000e+00 -7.932754163269970071e+00
9.000000000000000000e+00 -7.932754163269970071e+00
9.000000000000000000e+00 -7.932754163269970071e+00
