6.920728861277974678e-310 6.920728861277974678e-310
0.000000000000000000e+00 -1.531434125479615993e-01
0.000000000000000000e+00 -6.678847238996328262e-01
0.000000000000000000e+00 -1.195311721180790432e+00
0.000000000000000000e+00 -1.195311721180790432e+00
0.000000000000000000e+00 -1.195311721180790432e+00
0.000000000000000000e+00 -1.195311721180790432e+00
0.000000000000000000e+00 -1.195311721180790432e+00
0.000000000000000000e+00 -2.261171361883431263e+00
0.000000000000000000e+00 -2.261171361883431263e+00
0.000000000000000000e+00 -4.076056986230360835e+00
0.000000000000000000e+00 -4.076056986230360835e+00
0.000000000000000000e+00 -4.076056986230360835e+00
0.000000000000000000e+00 -4.652496850066573764e+00
0.000000000000000000e+00 -6.061292830573577817e+00
0.000000000000000000e+00 -7.122237759433898141e+00
0.000000000000000000e+00 -7.543105702196387874e+00
0.000000000000000000e+00 -7.543105702196387874e+00
0.000000000000000000e+00 -8.034468078448478323e+00
0.000000000000000000e+00 -8.034468078448478323e+00
0.000000000000000000e+00 -8.034468078448478323e+00
1.000000000000000000e+00 1.951629361643204330e+00
1.000000000000000000e+00 -4.334979987984223015e+00
1.000000000000000000e+00 -4.334979987984223015e+00
1.000000000000000000e+00 -4.334979987984223015e+00
1.000000000000000000e+00 -4.334979987984223015e+00
1.000000000000000000e+00 -4.334979987984223015e+00
1.000000000000000000e+00 -4.334979987984223015e+00
1.000000000000000000e+00 -4.334979987984223015e+00
1.000000000000000000e+00 -4.334979987984223015e+00
1.000000000000000000e+00 -4.334979987984223015e+00
1.000000000000000000e+00 -4.931976667126201974e+00
1.000000000000000000e+00 -4.931976667126201974e+00
1.000000000000000000e+00 -4.931976667126201974e+00
1.000000000000000000e+00 -4.931976667126201974e+00
1.000000000000000000e+00 -4.931976667126201974e+00
1.000000000000000000e+00 -4.931976667126201974e+00
1.000000000000000000e+00 -4.931976667126201974e+00
2.000000000000000000e+00 -8.957955409205393682e-01
2.000000000000000000e+00 -8.957955409205393682e-01
2.000000000000000000e+00 -8.957955409205393682e-01
2.000000000000000000e+00 -2.432896813423275351e+00
2.000000000000000000e+00 -2.432896813423275351e+00
2.000000000000000000e+00 -3.523867840583270183e+00
2.000000000000000000e+00 -3.523867840583270183e+00
2.000000000000000000e+00 -3.523867840583270183e+00
2.000000000000000000e+00 -3.523867840583270183e+00
2.000000000000000000e+00 -3.523867840583270183e+00
2.000000000000000000e+00 -3.523867840583270183e+00
2.000000000000000000e+00 -4.626714203571185458e+00
2.000000000000000000e+00 -4.626714203571185458e+00
2.000000000000000000e+00 -4.626714203571185458e+00
2.000000000000000000e+00 -4.626714203571185458e+00
2.000000000000000000e+00 -4.626714203571185458e+00
2.000000000000000000e+00 -4.626714203571185458e+00
2.000000000000000000e+00 -5.117093683968890971e+00
2.000000000000000000e+00 -5.117093683968890971e+00
2.000000000000000000e+00 -5.117093683968890971e+00
3.000000000000000000e+00 3.641314556274875547e-01
3.000000000000000000e+00 -1.423710171922168977e+00
3.000000000000000000e+00 -1.423710171922168977e+00
3.000000000000000000e+00 -1.423710171922168977e+00
3.000000000000000000e+00 -1.423710171922168977e+00
3.000000000000000000e+00 -1.423710171922168977e+00
3.000000000000000000e+00 -1.423710171922168977e+00
3.000000000000000000e+00 -5.006804380169215918e+00
3.000000000000000000e+00 -5.006804380169215918e+00
3.000000000000000000e+00 -5.006804380169215918e+00
3.000000000000000000e+00 -5.006804380169215918e+00
3.000000000000000000e+00 -5.006804380169215918e+00
3.000000000000000000e+00 -6.901210816302367768e+00
3.000000000000000000e+00 -7.520040985938770461e+00
3.000000000000000000e+00 -7.701808025757773457e+00
3.000000000000000000e+00 -7.701808025757773457e+00
3.000000000000000000e+00 -7.701808025757773457e+00
3.000000000000000000e+00 -7.701808025757773457e+00
3.000000000000000000e+00 -7.701808025757773457e+00
3.000000000000000000e+00 -7.701808025757773457e+00
3.000000000000000000e+00 -7.701808025757773457e+00
3.000000000000000000e+00 -7.701808025757773457e+00
3.000000000000000000e+00 -7.701808025757773457e+00
3.000000000000000000e+00 -7.701808025757773457e+00
3.000000000000000000e+00 -7.701808025757773457e+00
3.000000000000000000e+00 -7.701808025757773457e+00
3.000000000000000000e+00 -7.701808025757773457e+00
3.000000000000000000e+00 -7.701808025757773457e+00
3.000000000000000000e+00 -7.701808025757773457e+00
3.000000000000000000e+00 -7.701808025757773457e+00
4.000000000000000000e+00 -5.581362039796482044e+00
4.000000000000000000e+00 -5.581362039796482044e+00
4.000000000000000000e+00 -5.581362039796482044e+00
4.000000000000000000e+00 -5.581362039796482044e+00
4.000000000000000000e+00 -5.581362039796482044e+00
4.000000000000000000e+00 -5.581362039796482044e+00
4.000000000000000000e+00 -5.581362039796482044e+00
4.000000000000000000e+00 -5.581362039796482044e+00
4.000000000000000000e+00 -5.581362039796482044e+00
4.000000000000000000e+00 -5.581362039796482044e+00
4.000000000000000000e+00 -7.850517691762836314e+00
4.000000000000000000e+00 -7.850517691762836314e+00
4.000000000000000000e+00 -7.850517691762836314e+00
4.000000000000000000e+00 -7.995108186940856676e+00
4.000000000000000000e+00 -7.995108186940856676e+00
4.000000000000000000e+00 -7.995108186940856676e+00
4.000000000000000000e+00 -7.995108186940856676e+00
4.000000000000000000e+00 -7.995108186940856676e+00
5.000000000000000000e+00 -1.222474155553891384e+00
5.000000000000000000e+00 -1.222474155553891384e+00
5.000000000000000000e+00 -4.042294146209334471e+00
5.000000000000000000e+00 -4.042294146209334471e+00
5.000000000000000000e+00 -4.042294146209334471e+00
5.000000000000000000e+00 -4.042294146209334471e+00
5.000000000000000000e+00 -4.042294146209334471e+00
5.000000000000000000e+00 -4.042294146209334471e+00
5.000000000000000000e+00 -4.042294146209334471e+00
5.000000000000000000e+00 -4.042294146209334471e+00
5.000000000000000000e+00 -4.926374467093062037e+00
5.000000000000000000e+00 -4.926374467093062037e+00
5.000000000000000000e+00 -4.926374467093062037e+00
5.000000000000000000e+00 -4.926374467093062037e+00
5.000000000000000000e+00 -4.926374467093062037e+00
5.000000000000000000e+00 -4.926374467093062037e+00
5.000000000000000000e+00 -4.926374467093062037e+00
5.000000000000000000e+00 -4.926374467093062037e+00
5.000000000000000000e+00 -4.926374467093062037e+00
5.000000000000000000e+00 -4.926374467093062037e+00
5.000000000000000000e+00 -4.926374467093062037e+00
5.000000000000000000e+00 -4.926374467093062037e+00
6.000000000000000000e+00 -1.298359977571410973e+00
6.000000000000000000e+00 -1.298359977571410973e+00
6.000000000000000000e+00 -1.298359977571410973e+00
6.000000000000000000e+00 -1.298359977571410973e+00
6.000000000000000000e+00 -1.369336127887126331e+00
6.000000000000000000e+00 -2.750398572643105943e+00
6.000000000000000000e+00 -2.750398572643105943e+00
6.000000000000000000e+00 -2.750398572643105943e+00
6.000000000000000000e+00 -2.750398572643105943e+00
6.000000000000000000e+00 -3.309256585498804082e+00
6.000000000000000000e+00 -3.462608137765040617e+00
6.000000000000000000e+00 -3.462608137765040617e+00
6.000000000000000000e+00 -3.462608137765040617e+00
6.000000000000000000e+00 -3.462608137765040617e+00
6.000000000000000000e+00 -4.086922932981220669e+00
6.000000000000000000e+00 -4.086922932981220669e+00
6.000000000000000000e+00 -4.086922932981220669e+00
6.000000000000000000e+00 -4.086922932981220669e+00
6.000000000000000000e+00 -7.730836819465616294e+00
6.000000000000000000e+00 -7.730836819465616294e+00
6.000000000000000000e+00 -7.932023871716571861e+00
6.000000000000000000e+00 -7.932023871716571861e+00
6.000000000000000000e+00 -7.932023871716571861e+00
6.000000000000000000e+00 -7.932023871716571861e+00
7.000000000000000000e+00 -1.933439459947377537e-01
7.000000000000000000e+00 -1.933439459947377537e-01
7.000000000000000000e+00 -1.933439459947377537e-01
7.000000000000000000e+00 -1.933439459947377537e-01
7.000000000000000000e+00 -1.933439459947377537e-01
7.000000000000000000e+00 -1.933439459947377537e-01
7.000000000000000000e+00 -3.452619020252581272e+00
7.000000000000000000e+00 -3.452619020252581272e+00
7.000000000000000000e+00 -3.452619020252581272e+00
7.000000000000000000e+00 -3.452619020252581272e+00
7.000000000000000000e+00 -3.452619020252581272e+00
7.000000000000000000e+00 -3.452619020252581272e+00
7.000000000000000000e+00 -3.452619020252581272e+00
7.000000000000000000e+00 -3.452619020252581272e+00
7.000000000000000000e+00 -3.452619020252581272e+00
7.000000000000000000e+00 -3.452619020252581272e+00
7.000000000000000000e+00 -3.452619020252581272e+00
7.000000000000000000e+00 -3.630640749031473380e+00
7.000000000000000000e+00 -3.630640749031473380e+00
7.000000000000000000e+00 -3.630640749031473380e+00
7.000000000000000000e+00 -3.630640749031473380e+00
7.000000000000000000e+00 -4.244833632730269812e+00
7.000000000000000000e+00 -4.244833632730269812e+00
7.000000000000000000e+00 -4.783951661006803135e+00
7.000000000000000000e+00 -4.783951661006803135e+00
7.000000000000000000e+00 -4.783951661006803135e+00
7.000000000000000000e+00 -4.783951661006803135e+00
7.000000000000000000e+00 -5.049597428058232751e+00
7.000000000000000000e+00 -5.049597428058232751e+00
7.000000000000000000e+00 -5.049597428058232751e+00
8.000000000000000000e+00 -4.511389341949161857e-01
8.000000000000000000e+00 -4.511389341949161857e-01
8.000000000000000000e+00 -5.407971430991485029e-01
8.000000000000000000e+00 -5.407971430991485029e-01
8.000000000000000000e+00 -5.407971430991485029e-01
8.000000000000000000e+00 -6.686946475049506677e-01
8.000000000000000000e+00 -6.686946475049506677e-01
8.000000000000000000e+00 -2.735969125108650868e+00
8.000000000000000000e+00 -3.813127092281070940e+00
8.000000000000000000e+00 -3.813127092281070940e+00
8.000000000000000000e+00 -3.813127092281070940e+00
8.000000000000000000e+00 -4.603598765254493408e+00
8.000000000000000000e+00 -4.670948917050456117e+00
8.000000000000000000e+00 -4.670948917050456117e+00
8.000000000000000000e+00 -4.670948917050456117e+00
8.000000000000000000e+00 -4.670948917050456117e+00
8.000000000000000000e+00 -4.670948917050456117e+00
8.000000000000000000e+00 -4.670948917050456117e+00
8.000000000000000000e+00 -4.670948917050456117e+00
8.000000000000000000e+00 -4.670948917050456117e+00
8.000000000000000000e+00 -4.670948917050456117e+00
8.000000000000000000e+00 -4.670948917050456117e+00
9.000000000000000000e+00 3.542873938707605586e+00
9.000000000000000000e+00 -5.559880180234804126e-01
9.000000000000000000e+00 -3.564665480191160807e+00
9.000000000000000000e+00 -3.564665480191160807e+00
9.000000000000000000e+00 -3.564665480191160807e+00
9.000000000000000000e+00 -3.564665480191160807e+00
9.000000000000000000e+00 -3.564665480191160807e+00
9.000000000000000000e+00 -3.564665480191160807e+00
9.000000000000000000e+00 -3.564665480191160807e+00
9.000000000000000000e+00 -3.564665480191160807e+00
9.000000000000000000e+00 -3.564665480191160807e+00
9.000000000000000000e+00 -3.564665480191160807e+00
9.000000000000000000e+00 -3.564665480191160807e+00
9.000000000000000000e+00 -3.564665480191160807e+00
9.000000000000000000e+00 -3.564665480191160807e+00
9.000000000000000000e+00 -3.564665480191160807e+00
9.000000000000000000e+00 -3.564665480191160807e+00
9.000000000000000000e+00 -3.564665480191160807e+00
9.000000000000000000e+00 -3.717101157006015288e+00
9.000000000000000000e+00 -3.717101157006015288e+00
9.000000000000000000e+00 -3.717101157006015288e+00
9.000000000000000000e+00 -3.721581584782395424e+00
9.000000000000000000e+00 -3.721581584782395424e+00
9.000000000000000000e+00 -3.721581584782395424e+00
9.000000000000000000e+00 -3.902393140495115098e+00
9.000000000000000000e+00 -4.346745787371749437e+00
9.000000000000000000e+00 -4.768793070230160858e+00
9.000000000000000000e+00 -4.768793070230160858e+00
9.000000000000000000e+00 -4.889639262176179280e+00
9.000000000000000000e+00 -4.889639262176179280e+00
