6.903322921530006705e-310 6.903322921530006705e-310
0.000000000000000000e+00 8.075952216204312917e-01
0.000000000000000000e+00 2.806653152748027624e-01
0.000000000000000000e+00 -1.075508581767272931e+00
0.000000000000000000e+00 -1.075508581767272931e+00
0.000000000000000000e+00 -1.075508581767272931e+00
0.000000000000000000e+00 -1.075508581767272931e+00
0.000000000000000000e+00 -1.075508581767272931e+00
0.000000000000000000e+00 -1.075508581767272931e+00
0.000000000000000000e+00 -1.075508581767272931e+00
0.000000000000000000e+00 -1.075508581767272931e+00
0.000000000000000000e+00 -1.250620676135542286e+00
0.000000000000000000e+00 -1.250620676135542286e+00
0.000000000000000000e+00 -1.250620676135542286e+00
0.000000000000000000e+00 -1.250620676135542286e+00
0.000000000000000000e+00 -1.250620676135542286e+00
0.000000000000000000e+00 -1.250620676135542286e+00
0.000000000000000000e+00 -1.250620676135542286e+00
0.000000000000000000e+00 -1.612249943052600054e+00
0.000000000000000000e+00 -1.612249943052600054e+00
0.000000000000000000e+00 -1.612249943052600054e+00
0.000000000000000000e+00 -1.612249943052600054e+00
0.000000000000000000e+00 -1.612249943052600054e+00
0.000000000000000000e+00 -1.612249943052600054e+00
0.000000000000000000e+00 -1.612249943052600054e+00
0.000000000000000000e+00 -1.612249943052600054e+00
0.000000000000000000e+00 -1.612249943052600054e+00
0.000000000000000000e+00 -1.612249943052600054e+00
0.000000000000000000e+00 -1.612249943052600054e+00
0.000000000000000000e+00 -1.612249943052600054e+00
0.000000000000000000e+00 -1.612249943052600054e+00
1.000000000000000000e+00 -6.401728927534844349e-01
1.000000000000000000e+00 -1.351733773570503727e+00
1.000000000000000000e+00 -1.351733773570503727e+00
1.000000000000000000e+00 -1.351733773570503727e+00
1.000000000000000000e+00 -1.351733773570503727e+00
1.000000000000000000e+00 -1.351733773570503727e+00
1.000000000000000000e+00 -1.469990559750314674e+00
1.000000000000000000e+00 -1.469990559750314674e+00
1.000000000000000000e+00 -1.469990559750314674e+00
1.000000000000000000e+00 -1.469990559750314674e+00
1.000000000000000000e+00 -1.469990559750314674e+00
1.000000000000000000e+00 -1.469990559750314674e+00
1.000000000000000000e+00 -1.469990559750314674e+00
1.000000000000000000e+00 -1.469990559750314674e+00
1.000000000000000000e+00 -1.525270655592969815e+00
1.000000000000000000e+00 -1.525270655592969815e+00
1.000000000000000000e+00 -1.525270655592969815e+00
1.000000000000000000e+00 -1.525270655592969815e+00
1.000000000000000000e+00 -1.525270655592969815e+00
1.000000000000000000e+00 -1.525270655592969815e+00
1.000000000000000000e+00 -1.525270655592969815e+00
1.000000000000000000e+00 -1.525270655592969815e+00
1.000000000000000000e+00 -1.525270655592969815e+00
1.000000000000000000e+00 -1.525270655592969815e+00
1.000000000000000000e+00 -1.525270655592969815e+00
1.000000000000000000e+00 -1.525270655592969815e+00
1.000000000000000000e+00 -1.525270655592969815e+00
1.000000000000000000e+00 -1.525270655592969815e+00
1.000000000000000000e+00 -1.525270655592969815e+00
1.000000000000000000e+00 -1.525270655592969815e+00
2.000000000000000000e+00 -4.643521219640492914e-01
2.000000000000000000e+00 -9.126912945697684965e-01
2.000000000000000000e+00 -9.126912945697684965e-01
2.000000000000000000e+00 -9.126912945697684965e-01
2.000000000000000000e+00 -9.178655288507902021e-01
2.000000000000000000e+00 -9.178655288507902021e-01
2.000000000000000000e+00 -9.178655288507902021e-01
2.000000000000000000e+00 -9.178655288507902021e-01
2.000000000000000000e+00 -9.178655288507902021e-01
2.000000000000000000e+00 -9.178655288507902021e-01
2.000000000000000000e+00 -9.178655288507902021e-01
2.000000000000000000e+00 -9.178655288507902021e-01
2.000000000000000000e+00 -1.580445718507843766e+00
2.000000000000000000e+00 -1.580445718507843766e+00
2.000000000000000000e+00 -1.580445718507843766e+00
2.000000000000000000e+00 -1.580445718507843766e+00
2.000000000000000000e+00 -1.580445718507843766e+00
2.000000000000000000e+00 -1.580445718507843766e+00
2.000000000000000000e+00 -1.580445718507843766e+00
2.000000000000000000e+00 -1.580445718507843766e+00
2.000000000000000000e+00 -1.580445718507843766e+00
2.000000000000000000e+00 -1.580445718507843766e+00
2.000000000000000000e+00 -1.580445718507843766e+00
2.000000000000000000e+00 -1.580445718507843766e+00
2.000000000000000000e+00 -1.580445718507843766e+00
2.000000000000000000e+00 -1.580445718507843766e+00
2.000000000000000000e+00 -1.580445718507843766e+00
2.000000000000000000e+00 -1.580445718507843766e+00
2.000000000000000000e+00 -1.580445718507843766e+00
2.000000000000000000e+00 -1.580445718507843766e+00
