1.371742112482865483e-03 0.000000000000000000e+00
0.000000000000000000e+00 7.718229344108362966e+01
0.000000000000000000e+00 3.540776586612091048e-01
0.000000000000000000e+00 3.540776586612091048e-01
0.000000000000000000e+00 3.540776586612091048e-01
0.000000000000000000e+00 -4.424461880937859970e-01
0.000000000000000000e+00 -9.713010977211874675e+00
0.000000000000000000e+00 -9.713010977211874675e+00
0.000000000000000000e+00 -5.616188704503676377e+01
0.000000000000000000e+00 -5.616188704503676377e+01
0.000000000000000000e+00 -5.616188704503676377e+01
0.000000000000000000e+00 -5.616188704503676377e+01
0.000000000000000000e+00 -5.616188704503676377e+01
0.000000000000000000e+00 -5.616188704503676377e+01
0.000000000000000000e+00 -5.616188704503676377e+01
0.000000000000000000e+00 -5.616188704503676377e+01
0.000000000000000000e+00 -5.616188704503676377e+01
0.000000000000000000e+00 -5.616188704503676377e+01
0.000000000000000000e+00 -5.616188704503676377e+01
0.000000000000000000e+00 -5.616188704503676377e+01
0.000000000000000000e+00 -5.616188704503676377e+01
0.000000000000000000e+00 -5.616188704503676377e+01
0.000000000000000000e+00 -5.616188704503676377e+01
0.000000000000000000e+00 -5.616188704503676377e+01
0.000000000000000000e+00 -5.616188704503676377e+01
0.000000000000000000e+00 -5.616188704503676377e+01
0.000000000000000000e+00 -5.616188704503676377e+01
0.000000000000000000e+00 -5.616188704503676377e+01
0.000000000000000000e+00 -5.616188704503676377e+01
0.000000000000000000e+00 -5.616188704503676377e+01
0.000000000000000000e+00 -5.616188704503676377e+01
0.000000000000000000e+00 -5.616188704503676377e+01
0.000000000000000000e+00 -5.616188704503676377e+01
0.000000000000000000e+00 -5.616188704503676377e+01
0.000000000000000000e+00 -5.616188704503676377e+01
0.000000000000000000e+00 -5.616188704503676377e+01
0.000000000000000000e+00 -5.616188704503676377e+01
0.000000000000000000e+00 -5.616188704503676377e+01
0.000000000000000000e+00 -5.616188704503676377e+01
0.000000000000000000e+00 -5.616188704503676377e+01
0.000000000000000000e+00 -5.616188704503676377e+01
0.000000000000000000e+00 -5.616188704503676377e+01
0.000000000000000000e+00 -5.616188704503676377e+01
0.000000000000000000e+00 -5.616188704503676377e+01
0.000000000000000000e+00 -5.616188704503676377e+01
0.000000000000000000e+00 -5.616188704503676377e+01
0.000000000000000000e+00 -5.616188704503676377e+01
0.000000000000000000e+00 -5.616188704503676377e+01
0.000000000000000000e+00 -5.616188704503676377e+01
0.000000000000000000e+00 -5.616188704503676377e+01
0.000000000000000000e+00 -5.616188704503676377e+01
0.000000000000000000e+00 -5.616188704503676377e+01
0.000000000000000000e+00 -5.616188704503676377e+01
0.000000000000000000e+00 -5.616188704503676377e+01
0.000000000000000000e+00 -5.616188704503676377e+01
0.000000000000000000e+00 -5.616188704503676377e+01
0.000000000000000000e+00 -5.616188704503676377e+01
0.000000000000000000e+00 -5.616188704503676377e+01
0.000000000000000000e+00 -5.616188704503676377e+01
0.000000000000000000e+00 -5.616188704503676377e+01
0.000000000000000000e+00 -5.616188704503676377e+01
0.000000000000000000e+00 -5.616188704503676377e+01
0.000000000000000000e+00 -5.616188704503676377e+01
0.000000000000000000e+00 -5.616188704503676377e+01
0.000000000000000000e+00 -5.616188704503676377e+01
0.000000000000000000e+00 -5.616188704503676377e+01
0.000000000000000000e+00 -5.616188704503676377e+01
0.000000000000000000e+00 -5.616188704503676377e+01
0.000000000000000000e+00 -5.616188704503676377e+01
0.000000000000000000e+00 -5.616188704503676377e+01
0.000000000000000000e+00 -5.616188704503676377e+01
0.000000000000000000e+00 -5.616188704503676377e+01
0.000000000000000000e+00 -5.616188704503676377e+01
0.000000000000000000e+00 -5.616188704503676377e+01
0.000000000000000000e+00 -5.616188704503676377e+01
0.000000000000000000e+00 -5.616188704503676377e+01
