6.903322921531587716e-310 1.811903938851820390e-316
0.000000000000000000e+00 8.075952216204312917e-01
0.000000000000000000e+00 2.806653152748027624e-01
0.000000000000000000e+00 -1.075508581767272931e+00
0.000000000000000000e+00 -1.075508581767272931e+00
0.000000000000000000e+00 -1.075508581767272931e+00
0.000000000000000000e+00 -1.075508581767272931e+00
0.000000000000000000e+00 -1.075508581767272931e+00
0.000000000000000000e+00 -1.075508581767272931e+00
0.000000000000000000e+00 -1.075508581767272931e+00
0.000000000000000000e+00 -1.075508581767272931e+00
0.000000000000000000e+00 -1.075508581767272931e+00
0.000000000000000000e+00 -1.075508581767272931e+00
0.000000000000000000e+00 -1.215926032850372707e+00
0.000000000000000000e+00 -1.215926032850372707e+00
0.000000000000000000e+00 -1.215926032850372707e+00
0.000000000000000000e+00 -1.215926032850372707e+00
0.000000000000000000e+00 -1.215926032850372707e+00
0.000000000000000000e+00 -1.215926032850372707e+00
0.000000000000000000e+00 -1.215926032850372707e+00
0.000000000000000000e+00 -1.215926032850372707e+00
0.000000000000000000e+00 -1.215926032850372707e+00
0.000000000000000000e+00 -1.215926032850372707e+00
0.000000000000000000e+00 -1.215926032850372707e+00
0.000000000000000000e+00 -1.215926032850372707e+00
0.000000000000000000e+00 -1.215926032850372707e+00
0.000000000000000000e+00 -1.215926032850372707e+00
0.000000000000000000e+00 -1.215926032850372707e+00
0.000000000000000000e+00 -1.215926032850372707e+00
0.000000000000000000e+00 -1.215926032850372707e+00
0.000000000000000000e+00 -1.281275287076097502e+00
1.000000000000000000e+00 -6.401728927534844349e-01
1.000000000000000000e+00 -1.351733773570503727e+00
1.000000000000000000e+00 -1.351733773570503727e+00
1.000000000000000000e+00 -1.351733773570503727e+00
1.000000000000000000e+00 -1.351733773570503727e+00
1.000000000000000000e+00 -1.351733773570503727e+00
1.000000000000000000e+00 -1.469990559750314674e+00
1.000000000000000000e+00 -1.469990559750314674e+00
1.000000000000000000e+00 -1.469990559750314674e+00
1.000000000000000000e+00 -1.469990559750314674e+00
1.000000000000000000e+00 -1.469990559750314674e+00
1.000000000000000000e+00 -1.469990559750314674e+00
1.000000000000000000e+00 -1.469990559750314674e+00
1.000000000000000000e+00 -1.469990559750314674e+00
1.000000000000000000e+00 -1.469990559750314674e+00
1.000000000000000000e+00 -1.469990559750314674e+00
1.000000000000000000e+00 -1.469990559750314674e+00
1.000000000000000000e+00 -1.469990559750314674e+00
1.000000000000000000e+00 -1.469990559750314674e+00
1.000000000000000000e+00 -1.469990559750314674e+00
1.000000000000000000e+00 -1.469990559750314674e+00
1.000000000000000000e+00 -1.469990559750314674e+00
1.000000000000000000e+00 -1.469990559750314674e+00
1.000000000000000000e+00 -1.469990559750314674e+00
1.000000000000000000e+00 -1.469990559750314674e+00
1.000000000000000000e+00 -1.469990559750314674e+00
1.000000000000000000e+00 -1.469990559750314674e+00
1.000000000000000000e+00 -1.469990559750314674e+00
1.000000000000000000e+00 -1.469990559750314674e+00
1.000000000000000000e+00 -1.469990559750314674e+00
