6.931190827536744173e-310 6.931190827536744173e-310
0.000000000000000000e+00 5.148091016244887852e-01
0.000000000000000000e+00 -1.092596840682404036e+00
0.000000000000000000e+00 -1.092596840682404036e+00
0.000000000000000000e+00 -1.092596840682404036e+00
0.000000000000000000e+00 -1.092596840682404036e+00
0.000000000000000000e+00 -1.092596840682404036e+00
0.000000000000000000e+00 -1.092596840682404036e+00
0.000000000000000000e+00 -1.092596840682404036e+00
0.000000000000000000e+00 -1.092596840682404036e+00
0.000000000000000000e+00 -1.203272189055437202e+00
0.000000000000000000e+00 -1.203272189055437202e+00
0.000000000000000000e+00 -1.203272189055437202e+00
0.000000000000000000e+00 -1.203272189055437202e+00
0.000000000000000000e+00 -1.235928672446911847e+00
0.000000000000000000e+00 -1.235928672446911847e+00
0.000000000000000000e+00 -1.235928672446911847e+00
0.000000000000000000e+00 -1.235928672446911847e+00
0.000000000000000000e+00 -1.235928672446911847e+00
0.000000000000000000e+00 -1.235928672446911847e+00
0.000000000000000000e+00 -1.235928672446911847e+00
0.000000000000000000e+00 -1.235928672446911847e+00
0.000000000000000000e+00 -1.235928672446911847e+00
0.000000000000000000e+00 -1.235928672446911847e+00
0.000000000000000000e+00 -1.235928672446911847e+00
0.000000000000000000e+00 -1.235928672446911847e+00
0.000000000000000000e+00 -1.235928672446911847e+00
0.000000000000000000e+00 -1.235928672446911847e+00
0.000000000000000000e+00 -1.235928672446911847e+00
1.000000000000000000e+00 3.140047896868823352e-01
1.000000000000000000e+00 9.547696674797070959e-02
1.000000000000000000e+00 -9.448832404302369703e-01
1.000000000000000000e+00 -9.448832404302369703e-01
1.000000000000000000e+00 -9.448832404302369703e-01
1.000000000000000000e+00 -9.448832404302369703e-01
1.000000000000000000e+00 -9.448832404302369703e-01
1.000000000000000000e+00 -9.448832404302369703e-01
1.000000000000000000e+00 -9.448832404302369703e-01
1.000000000000000000e+00 -9.448832404302369703e-01
1.000000000000000000e+00 -9.448832404302369703e-01
1.000000000000000000e+00 -9.448832404302369703e-01
1.000000000000000000e+00 -9.448832404302369703e-01
1.000000000000000000e+00 -9.448832404302369703e-01
1.000000000000000000e+00 -9.448832404302369703e-01
1.000000000000000000e+00 -9.448832404302369703e-01
1.000000000000000000e+00 -9.448832404302369703e-01
1.000000000000000000e+00 -9.448832404302369703e-01
1.000000000000000000e+00 -9.448832404302369703e-01
1.000000000000000000e+00 -9.448832404302369703e-01
1.000000000000000000e+00 -9.448832404302369703e-01
1.000000000000000000e+00 -9.448832404302369703e-01
1.000000000000000000e+00 -9.448832404302369703e-01
1.000000000000000000e+00 -9.448832404302369703e-01
1.000000000000000000e+00 -9.448832404302369703e-01
1.000000000000000000e+00 -9.448832404302369703e-01
1.000000000000000000e+00 -9.448832404302369703e-01
1.000000000000000000e+00 -1.100484087235025887e+00
2.000000000000000000e+00 -1.370725237470536984e+00
2.000000000000000000e+00 -1.370725237470536984e+00
2.000000000000000000e+00 -1.370725237470536984e+00
2.000000000000000000e+00 -1.370725237470536984e+00
2.000000000000000000e+00 -1.370725237470536984e+00
2.000000000000000000e+00 -1.370725237470536984e+00
2.000000000000000000e+00 -1.370725237470536984e+00
2.000000000000000000e+00 -1.370725237470536984e+00
2.000000000000000000e+00 -1.370725237470536984e+00
2.000000000000000000e+00 -1.370725237470536984e+00
2.000000000000000000e+00 -1.370725237470536984e+00
2.000000000000000000e+00 -1.370725237470536984e+00
2.000000000000000000e+00 -1.370725237470536984e+00
2.000000000000000000e+00 -1.370725237470536984e+00
2.000000000000000000e+00 -1.370725237470536984e+00
2.000000000000000000e+00 -1.370725237470536984e+00
2.000000000000000000e+00 -1.370725237470536984e+00
2.000000000000000000e+00 -1.370725237470536984e+00
2.000000000000000000e+00 -1.370725237470536984e+00
2.000000000000000000e+00 -1.370725237470536984e+00
2.000000000000000000e+00 -1.370725237470536984e+00
2.000000000000000000e+00 -1.370725237470536984e+00
2.000000000000000000e+00 -1.370725237470536984e+00
2.000000000000000000e+00 -1.370725237470536984e+00
2.000000000000000000e+00 -1.370725237470536984e+00
2.000000000000000000e+00 -1.370725237470536984e+00
2.000000000000000000e+00 -1.370725237470536984e+00
2.000000000000000000e+00 -1.783187114026580034e+00
3.000000000000000000e+00 1.175917446875444305e+00
3.000000000000000000e+00 -7.938893256637052920e-01
3.000000000000000000e+00 -7.938893256637052920e-01
3.000000000000000000e+00 -7.938893256637052920e-01
3.000000000000000000e+00 -7.938893256637052920e-01
3.000000000000000000e+00 -1.125048108336630381e+00
3.000000000000000000e+00 -1.125048108336630381e+00
3.000000000000000000e+00 -1.125048108336630381e+00
3.000000000000000000e+00 -1.125048108336630381e+00
3.000000000000000000e+00 -1.125048108336630381e+00
3.000000000000000000e+00 -1.125048108336630381e+00
3.000000000000000000e+00 -1.125048108336630381e+00
3.000000000000000000e+00 -1.125048108336630381e+00
3.000000000000000000e+00 -1.125048108336630381e+00
3.000000000000000000e+00 -1.125048108336630381e+00
3.000000000000000000e+00 -1.125048108336630381e+00
3.000000000000000000e+00 -1.125048108336630381e+00
3.000000000000000000e+00 -1.125048108336630381e+00
3.000000000000000000e+00 -1.125048108336630381e+00
3.000000000000000000e+00 -1.125048108336630381e+00
3.000000000000000000e+00 -1.125048108336630381e+00
3.000000000000000000e+00 -1.125048108336630381e+00
3.000000000000000000e+00 -1.125048108336630381e+00
3.000000000000000000e+00 -1.125048108336630381e+00
3.000000000000000000e+00 -1.125048108336630381e+00
3.000000000000000000e+00 -1.125048108336630381e+00
3.000000000000000000e+00 -1.125048108336630381e+00
3.000000000000000000e+00 -1.125048108336630381e+00
4.000000000000000000e+00 5.641745163147280362e-01
4.000000000000000000e+00 6.623431350022154773e-02
4.000000000000000000e+00 6.623431350022154773e-02
4.000000000000000000e+00 6.623431350022154773e-02
4.000000000000000000e+00 6.623431350022154773e-02
4.000000000000000000e+00 -6.214564363432578675e-01
4.000000000000000000e+00 -6.214564363432578675e-01
4.000000000000000000e+00 -6.214564363432578675e-01
4.000000000000000000e+00 -6.214564363432578675e-01
4.000000000000000000e+00 -6.214564363432578675e-01
4.000000000000000000e+00 -6.214564363432578675e-01
4.000000000000000000e+00 -6.214564363432578675e-01
4.000000000000000000e+00 -6.214564363432578675e-01
4.000000000000000000e+00 -6.214564363432578675e-01
4.000000000000000000e+00 -6.214564363432578675e-01
4.000000000000000000e+00 -6.214564363432578675e-01
4.000000000000000000e+00 -9.299305139982234625e-01
4.000000000000000000e+00 -9.299305139982234625e-01
4.000000000000000000e+00 -9.299305139982234625e-01
4.000000000000000000e+00 -9.299305139982234625e-01
4.000000000000000000e+00 -9.299305139982234625e-01
4.000000000000000000e+00 -9.629279528560090728e-01
4.000000000000000000e+00 -9.629279528560090728e-01
4.000000000000000000e+00 -9.629279528560090728e-01
4.000000000000000000e+00 -9.629279528560090728e-01
4.000000000000000000e+00 -9.629279528560090728e-01
4.000000000000000000e+00 -9.629279528560090728e-01
4.000000000000000000e+00 -9.629279528560090728e-01
5.000000000000000000e+00 -1.040944555892414858e+00
5.000000000000000000e+00 -1.077278525306316626e+00
5.000000000000000000e+00 -1.077278525306316626e+00
5.000000000000000000e+00 -1.077278525306316626e+00
5.000000000000000000e+00 -1.077278525306316626e+00
5.000000000000000000e+00 -1.077278525306316626e+00
5.000000000000000000e+00 -1.077278525306316626e+00
5.000000000000000000e+00 -1.077278525306316626e+00
5.000000000000000000e+00 -1.077278525306316626e+00
5.000000000000000000e+00 -1.077278525306316626e+00
5.000000000000000000e+00 -1.077278525306316626e+00
5.000000000000000000e+00 -1.077278525306316626e+00
5.000000000000000000e+00 -1.077278525306316626e+00
5.000000000000000000e+00 -1.077278525306316626e+00
5.000000000000000000e+00 -1.077278525306316626e+00
5.000000000000000000e+00 -1.077278525306316626e+00
5.000000000000000000e+00 -1.077278525306316626e+00
5.000000000000000000e+00 -1.077278525306316626e+00
5.000000000000000000e+00 -1.077278525306316626e+00
5.000000000000000000e+00 -1.077278525306316626e+00
5.000000000000000000e+00 -1.077278525306316626e+00
5.000000000000000000e+00 -1.077278525306316626e+00
5.000000000000000000e+00 -1.077278525306316626e+00
5.000000000000000000e+00 -1.077278525306316626e+00
5.000000000000000000e+00 -1.077278525306316626e+00
5.000000000000000000e+00 -1.077278525306316626e+00
5.000000000000000000e+00 -1.077278525306316626e+00
5.000000000000000000e+00 -1.077278525306316626e+00
6.000000000000000000e+00 -4.945338341727841813e-01
6.000000000000000000e+00 -7.597439820566500579e-01
6.000000000000000000e+00 -7.597439820566500579e-01
6.000000000000000000e+00 -7.597439820566500579e-01
6.000000000000000000e+00 -7.597439820566500579e-01
6.000000000000000000e+00 -7.597439820566500579e-01
6.000000000000000000e+00 -1.271993870506078039e+00
6.000000000000000000e+00 -1.271993870506078039e+00
6.000000000000000000e+00 -1.271993870506078039e+00
6.000000000000000000e+00 -1.271993870506078039e+00
6.000000000000000000e+00 -1.271993870506078039e+00
6.000000000000000000e+00 -1.271993870506078039e+00
6.000000000000000000e+00 -1.271993870506078039e+00
6.000000000000000000e+00 -1.271993870506078039e+00
6.000000000000000000e+00 -1.271993870506078039e+00
6.000000000000000000e+00 -1.271993870506078039e+00
6.000000000000000000e+00 -1.271993870506078039e+00
6.000000000000000000e+00 -1.336826923417564705e+00
6.000000000000000000e+00 -1.336826923417564705e+00
6.000000000000000000e+00 -1.336826923417564705e+00
6.000000000000000000e+00 -1.336826923417564705e+00
6.000000000000000000e+00 -1.336826923417564705e+00
6.000000000000000000e+00 -1.336826923417564705e+00
6.000000000000000000e+00 -1.336826923417564705e+00
6.000000000000000000e+00 -1.336826923417564705e+00
6.000000000000000000e+00 -1.336826923417564705e+00
6.000000000000000000e+00 -1.336826923417564705e+00
6.000000000000000000e+00 -1.486660574779166133e+00
7.000000000000000000e+00 -1.282915323108160477e+00
7.000000000000000000e+00 -1.282915323108160477e+00
7.000000000000000000e+00 -1.282915323108160477e+00
7.000000000000000000e+00 -1.282915323108160477e+00
7.000000000000000000e+00 -1.282915323108160477e+00
7.000000000000000000e+00 -1.282915323108160477e+00
7.000000000000000000e+00 -1.282915323108160477e+00
7.000000000000000000e+00 -1.282915323108160477e+00
7.000000000000000000e+00 -1.282915323108160477e+00
7.000000000000000000e+00 -1.282915323108160477e+00
7.000000000000000000e+00 -1.282915323108160477e+00
7.000000000000000000e+00 -1.282915323108160477e+00
7.000000000000000000e+00 -1.282915323108160477e+00
7.000000000000000000e+00 -1.282915323108160477e+00
7.000000000000000000e+00 -1.282915323108160477e+00
7.000000000000000000e+00 -1.282915323108160477e+00
7.000000000000000000e+00 -1.282915323108160477e+00
7.000000000000000000e+00 -1.282915323108160477e+00
7.000000000000000000e+00 -1.282915323108160477e+00
7.000000000000000000e+00 -1.282915323108160477e+00
7.000000000000000000e+00 -1.282915323108160477e+00
7.000000000000000000e+00 -1.282915323108160477e+00
7.000000000000000000e+00 -1.282915323108160477e+00
7.000000000000000000e+00 -1.282915323108160477e+00
7.000000000000000000e+00 -1.282915323108160477e+00
7.000000000000000000e+00 -1.282915323108160477e+00
7.000000000000000000e+00 -1.282915323108160477e+00
7.000000000000000000e+00 -1.282915323108160477e+00
8.000000000000000000e+00 -5.468643435791125107e-01
8.000000000000000000e+00 -5.468643435791125107e-01
8.000000000000000000e+00 -5.468643435791125107e-01
8.000000000000000000e+00 -5.468643435791125107e-01
8.000000000000000000e+00 -1.047496362885782517e+00
8.000000000000000000e+00 -1.047496362885782517e+00
8.000000000000000000e+00 -1.047496362885782517e+00
8.000000000000000000e+00 -1.047496362885782517e+00
8.000000000000000000e+00 -1.047496362885782517e+00
8.000000000000000000e+00 -1.047496362885782517e+00
8.000000000000000000e+00 -1.047496362885782517e+00
8.000000000000000000e+00 -1.047496362885782517e+00
8.000000000000000000e+00 -1.047496362885782517e+00
8.000000000000000000e+00 -1.047496362885782517e+00
8.000000000000000000e+00 -1.047496362885782517e+00
8.000000000000000000e+00 -1.047496362885782517e+00
8.000000000000000000e+00 -1.047496362885782517e+00
8.000000000000000000e+00 -1.047496362885782517e+00
8.000000000000000000e+00 -1.047496362885782517e+00
8.000000000000000000e+00 -1.308149978179852679e+00
8.000000000000000000e+00 -1.308149978179852679e+00
8.000000000000000000e+00 -1.308149978179852679e+00
8.000000000000000000e+00 -1.308149978179852679e+00
8.000000000000000000e+00 -1.308149978179852679e+00
8.000000000000000000e+00 -1.308149978179852679e+00
8.000000000000000000e+00 -1.308149978179852679e+00
8.000000000000000000e+00 -1.308149978179852679e+00
8.000000000000000000e+00 -1.308149978179852679e+00
9.000000000000000000e+00 -3.696953896598563216e-01
9.000000000000000000e+00 -3.696953896598563216e-01
9.000000000000000000e+00 -8.265048852755224607e-01
9.000000000000000000e+00 -8.265048852755224607e-01
9.000000000000000000e+00 -8.265048852755224607e-01
9.000000000000000000e+00 -8.265048852755224607e-01
9.000000000000000000e+00 -8.265048852755224607e-01
9.000000000000000000e+00 -1.289854820372864364e+00
9.000000000000000000e+00 -1.289854820372864364e+00
9.000000000000000000e+00 -1.289854820372864364e+00
9.000000000000000000e+00 -1.289854820372864364e+00
9.000000000000000000e+00 -1.289854820372864364e+00
9.000000000000000000e+00 -1.289854820372864364e+00
9.000000000000000000e+00 -1.289854820372864364e+00
9.000000000000000000e+00 -1.289854820372864364e+00
9.000000000000000000e+00 -1.289854820372864364e+00
9.000000000000000000e+00 -1.289854820372864364e+00
9.000000000000000000e+00 -1.289854820372864364e+00
9.000000000000000000e+00 -1.289854820372864364e+00
9.000000000000000000e+00 -1.289854820372864364e+00
9.000000000000000000e+00 -1.289854820372864364e+00
9.000000000000000000e+00 -1.289854820372864364e+00
9.000000000000000000e+00 -1.289854820372864364e+00
9.000000000000000000e+00 -1.289854820372864364e+00
9.000000000000000000e+00 -1.289854820372864364e+00
9.000000000000000000e+00 -1.289854820372864364e+00
9.000000000000000000e+00 -1.289854820372864364e+00
9.000000000000000000e+00 -1.289854820372864364e+00
1.000000000000000000e+01 -8.939087146434394615e-01
1.000000000000000000e+01 -8.939087146434394615e-01
1.000000000000000000e+01 -8.939087146434394615e-01
1.000000000000000000e+01 -8.939087146434394615e-01
1.000000000000000000e+01 -1.059096178692890966e+00
1.000000000000000000e+01 -1.059096178692890966e+00
1.000000000000000000e+01 -1.059096178692890966e+00
1.000000000000000000e+01 -1.059096178692890966e+00
1.000000000000000000e+01 -1.059096178692890966e+00
1.000000000000000000e+01 -1.059096178692890966e+00
1.000000000000000000e+01 -1.059096178692890966e+00
1.000000000000000000e+01 -1.059096178692890966e+00
1.000000000000000000e+01 -1.059096178692890966e+00
1.000000000000000000e+01 -1.059096178692890966e+00
1.000000000000000000e+01 -1.059096178692890966e+00
1.000000000000000000e+01 -1.059096178692890966e+00
1.000000000000000000e+01 -1.059096178692890966e+00
1.000000000000000000e+01 -1.059096178692890966e+00
1.000000000000000000e+01 -1.059096178692890966e+00
1.000000000000000000e+01 -1.059096178692890966e+00
1.000000000000000000e+01 -1.059096178692890966e+00
1.000000000000000000e+01 -1.059096178692890966e+00
1.000000000000000000e+01 -1.059096178692890966e+00
1.000000000000000000e+01 -1.059096178692890966e+00
1.000000000000000000e+01 -1.059096178692890966e+00
1.000000000000000000e+01 -1.059096178692890966e+00
1.000000000000000000e+01 -1.059096178692890966e+00
1.000000000000000000e+01 -1.059096178692890966e+00
1.100000000000000000e+01 2.527933084127494401e-01
1.100000000000000000e+01 5.748743450230342500e-02
1.100000000000000000e+01 -1.320034137610498703e+00
1.100000000000000000e+01 -1.320034137610498703e+00
1.100000000000000000e+01 -1.320034137610498703e+00
1.100000000000000000e+01 -1.320034137610498703e+00
1.100000000000000000e+01 -1.397276217319594727e+00
1.100000000000000000e+01 -1.397276217319594727e+00
1.100000000000000000e+01 -1.397276217319594727e+00
1.100000000000000000e+01 -1.397276217319594727e+00
1.100000000000000000e+01 -1.397276217319594727e+00
1.100000000000000000e+01 -1.397276217319594727e+00
1.100000000000000000e+01 -1.397276217319594727e+00
1.100000000000000000e+01 -1.397276217319594727e+00
1.100000000000000000e+01 -1.397276217319594727e+00
1.100000000000000000e+01 -1.397276217319594727e+00
1.100000000000000000e+01 -1.397276217319594727e+00
1.100000000000000000e+01 -1.397276217319594727e+00
1.100000000000000000e+01 -1.397276217319594727e+00
1.100000000000000000e+01 -1.397276217319594727e+00
1.100000000000000000e+01 -1.397276217319594727e+00
1.100000000000000000e+01 -1.397276217319594727e+00
1.100000000000000000e+01 -1.397276217319594727e+00
1.100000000000000000e+01 -1.397276217319594727e+00
1.100000000000000000e+01 -1.397276217319594727e+00
1.100000000000000000e+01 -1.397276217319594727e+00
1.100000000000000000e+01 -1.397276217319594727e+00
1.100000000000000000e+01 -1.397276217319594727e+00
1.200000000000000000e+01 -1.008966959427597843e+00
1.200000000000000000e+01 -1.008966959427597843e+00
1.200000000000000000e+01 -1.008966959427597843e+00
1.200000000000000000e+01 -1.539141238745677320e+00
1.200000000000000000e+01 -1.539141238745677320e+00
1.200000000000000000e+01 -1.539141238745677320e+00
1.200000000000000000e+01 -1.539141238745677320e+00
1.200000000000000000e+01 -1.539141238745677320e+00
1.200000000000000000e+01 -1.539141238745677320e+00
1.200000000000000000e+01 -1.539141238745677320e+00
1.200000000000000000e+01 -1.539141238745677320e+00
1.200000000000000000e+01 -1.539141238745677320e+00
1.200000000000000000e+01 -1.539141238745677320e+00
1.200000000000000000e+01 -1.539141238745677320e+00
1.200000000000000000e+01 -1.539141238745677320e+00
1.200000000000000000e+01 -1.539141238745677320e+00
1.200000000000000000e+01 -1.539141238745677320e+00
1.200000000000000000e+01 -1.539141238745677320e+00
1.200000000000000000e+01 -1.539141238745677320e+00
1.200000000000000000e+01 -1.539141238745677320e+00
1.200000000000000000e+01 -1.539141238745677320e+00
1.200000000000000000e+01 -1.539141238745677320e+00
1.200000000000000000e+01 -1.539141238745677320e+00
1.200000000000000000e+01 -1.539141238745677320e+00
1.200000000000000000e+01 -1.539141238745677320e+00
1.200000000000000000e+01 -1.539141238745677320e+00
1.200000000000000000e+01 -1.539141238745677320e+00
1.200000000000000000e+01 -1.539141238745677320e+00
1.300000000000000000e+01 -2.281302154300500484e-01
1.300000000000000000e+01 -4.997272588832338269e-01
1.300000000000000000e+01 -4.997272588832338269e-01
1.300000000000000000e+01 -7.716109554890782096e-01
1.300000000000000000e+01 -7.716109554890782096e-01
1.300000000000000000e+01 -7.716109554890782096e-01
1.300000000000000000e+01 -7.716109554890782096e-01
1.300000000000000000e+01 -9.100806851423006716e-01
1.300000000000000000e+01 -9.100806851423006716e-01
1.300000000000000000e+01 -1.009594061083822769e+00
1.300000000000000000e+01 -1.009594061083822769e+00
1.300000000000000000e+01 -1.009594061083822769e+00
1.300000000000000000e+01 -1.009594061083822769e+00
1.300000000000000000e+01 -1.009594061083822769e+00
1.300000000000000000e+01 -1.009594061083822769e+00
1.300000000000000000e+01 -1.009594061083822769e+00
1.300000000000000000e+01 -1.009594061083822769e+00
1.300000000000000000e+01 -1.009594061083822769e+00
1.300000000000000000e+01 -1.009594061083822769e+00
1.300000000000000000e+01 -1.009594061083822769e+00
1.300000000000000000e+01 -1.009594061083822769e+00
1.300000000000000000e+01 -1.009594061083822769e+00
1.300000000000000000e+01 -1.009594061083822769e+00
1.300000000000000000e+01 -1.009594061083822769e+00
1.300000000000000000e+01 -1.009594061083822769e+00
1.300000000000000000e+01 -1.009594061083822769e+00
1.300000000000000000e+01 -1.009594061083822769e+00
1.300000000000000000e+01 -1.009594061083822769e+00
1.400000000000000000e+01 -6.417274801537358186e-01
1.400000000000000000e+01 -6.417274801537358186e-01
1.400000000000000000e+01 -6.417274801537358186e-01
1.400000000000000000e+01 -7.030646856270852396e-01
1.400000000000000000e+01 -7.030646856270852396e-01
1.400000000000000000e+01 -7.030646856270852396e-01
1.400000000000000000e+01 -7.030646856270852396e-01
1.400000000000000000e+01 -7.030646856270852396e-01
1.400000000000000000e+01 -7.030646856270852396e-01
1.400000000000000000e+01 -7.030646856270852396e-01
1.400000000000000000e+01 -7.030646856270852396e-01
1.400000000000000000e+01 -7.030646856270852396e-01
1.400000000000000000e+01 -7.030646856270852396e-01
1.400000000000000000e+01 -7.030646856270852396e-01
1.400000000000000000e+01 -7.030646856270852396e-01
1.400000000000000000e+01 -7.030646856270852396e-01
1.400000000000000000e+01 -7.030646856270852396e-01
1.400000000000000000e+01 -7.030646856270852396e-01
1.400000000000000000e+01 -7.030646856270852396e-01
1.400000000000000000e+01 -7.030646856270852396e-01
1.400000000000000000e+01 -7.030646856270852396e-01
1.400000000000000000e+01 -7.030646856270852396e-01
1.400000000000000000e+01 -7.030646856270852396e-01
1.400000000000000000e+01 -7.030646856270852396e-01
1.400000000000000000e+01 -7.030646856270852396e-01
1.400000000000000000e+01 -7.030646856270852396e-01
1.400000000000000000e+01 -7.030646856270852396e-01
1.400000000000000000e+01 -7.030646856270852396e-01
1.500000000000000000e+01 -5.970820619672737584e-01
1.500000000000000000e+01 -5.970820619672737584e-01
1.500000000000000000e+01 -5.970820619672737584e-01
1.500000000000000000e+01 -5.970820619672737584e-01
1.500000000000000000e+01 -5.970820619672737584e-01
1.500000000000000000e+01 -5.970820619672737584e-01
1.500000000000000000e+01 -5.970820619672737584e-01
1.500000000000000000e+01 -7.637123414414670464e-01
1.500000000000000000e+01 -7.637123414414670464e-01
1.500000000000000000e+01 -7.637123414414670464e-01
1.500000000000000000e+01 -7.637123414414670464e-01
1.500000000000000000e+01 -7.637123414414670464e-01
1.500000000000000000e+01 -7.637123414414670464e-01
1.500000000000000000e+01 -7.637123414414670464e-01
1.500000000000000000e+01 -7.637123414414670464e-01
1.500000000000000000e+01 -7.637123414414670464e-01
1.500000000000000000e+01 -7.637123414414670464e-01
1.500000000000000000e+01 -7.637123414414670464e-01
1.500000000000000000e+01 -7.637123414414670464e-01
1.500000000000000000e+01 -7.637123414414670464e-01
1.500000000000000000e+01 -7.637123414414670464e-01
1.500000000000000000e+01 -7.637123414414670464e-01
1.500000000000000000e+01 -7.637123414414670464e-01
1.500000000000000000e+01 -7.637123414414670464e-01
1.500000000000000000e+01 -7.637123414414670464e-01
1.500000000000000000e+01 -7.637123414414670464e-01
1.500000000000000000e+01 -7.637123414414670464e-01
1.500000000000000000e+01 -9.034970252770979648e-01
1.600000000000000000e+01 3.808563266432990480e-01
1.600000000000000000e+01 -9.885624214719977987e-01
1.600000000000000000e+01 -9.885624214719977987e-01
1.600000000000000000e+01 -9.885624214719977987e-01
1.600000000000000000e+01 -9.885624214719977987e-01
1.600000000000000000e+01 -9.885624214719977987e-01
1.600000000000000000e+01 -9.885624214719977987e-01
1.600000000000000000e+01 -9.885624214719977987e-01
1.600000000000000000e+01 -9.885624214719977987e-01
1.600000000000000000e+01 -9.885624214719977987e-01
1.600000000000000000e+01 -9.885624214719977987e-01
1.600000000000000000e+01 -1.217160920591014328e+00
1.600000000000000000e+01 -1.217160920591014328e+00
1.600000000000000000e+01 -1.217160920591014328e+00
1.600000000000000000e+01 -1.217160920591014328e+00
1.600000000000000000e+01 -1.217160920591014328e+00
1.600000000000000000e+01 -1.217160920591014328e+00
1.600000000000000000e+01 -1.217160920591014328e+00
1.600000000000000000e+01 -1.217160920591014328e+00
1.600000000000000000e+01 -1.217160920591014328e+00
1.600000000000000000e+01 -1.217160920591014328e+00
1.600000000000000000e+01 -1.217160920591014328e+00
1.600000000000000000e+01 -1.217160920591014328e+00
1.600000000000000000e+01 -1.217160920591014328e+00
1.600000000000000000e+01 -1.217160920591014328e+00
1.600000000000000000e+01 -1.217160920591014328e+00
1.600000000000000000e+01 -1.217160920591014328e+00
1.600000000000000000e+01 -1.217160920591014328e+00
1.700000000000000000e+01 -2.710158548177044047e-01
1.700000000000000000e+01 -5.868320811672499415e-01
1.700000000000000000e+01 -1.548188960925827029e+00
1.700000000000000000e+01 -1.548188960925827029e+00
1.700000000000000000e+01 -1.548188960925827029e+00
1.700000000000000000e+01 -1.548188960925827029e+00
1.700000000000000000e+01 -1.548188960925827029e+00
1.700000000000000000e+01 -1.548188960925827029e+00
1.700000000000000000e+01 -1.548188960925827029e+00
1.700000000000000000e+01 -1.548188960925827029e+00
1.700000000000000000e+01 -1.548188960925827029e+00
1.700000000000000000e+01 -1.548188960925827029e+00
1.700000000000000000e+01 -1.548188960925827029e+00
1.700000000000000000e+01 -1.548188960925827029e+00
1.700000000000000000e+01 -1.548188960925827029e+00
1.700000000000000000e+01 -1.548188960925827029e+00
1.700000000000000000e+01 -1.548188960925827029e+00
1.700000000000000000e+01 -1.548188960925827029e+00
1.700000000000000000e+01 -1.548188960925827029e+00
1.700000000000000000e+01 -1.548188960925827029e+00
1.700000000000000000e+01 -1.548188960925827029e+00
1.700000000000000000e+01 -1.548188960925827029e+00
1.700000000000000000e+01 -1.548188960925827029e+00
1.700000000000000000e+01 -1.548188960925827029e+00
1.700000000000000000e+01 -1.548188960925827029e+00
1.700000000000000000e+01 -1.548188960925827029e+00
1.700000000000000000e+01 -1.548188960925827029e+00
1.700000000000000000e+01 -1.548188960925827029e+00
1.800000000000000000e+01 -2.520241611086884159e-01
1.800000000000000000e+01 -2.520241611086884159e-01
1.800000000000000000e+01 -5.245977258842972057e-01
1.800000000000000000e+01 -5.245977258842972057e-01
1.800000000000000000e+01 -1.267903449776841995e+00
1.800000000000000000e+01 -1.267903449776841995e+00
1.800000000000000000e+01 -1.267903449776841995e+00
1.800000000000000000e+01 -1.267903449776841995e+00
1.800000000000000000e+01 -1.267903449776841995e+00
1.800000000000000000e+01 -1.267903449776841995e+00
1.800000000000000000e+01 -1.267903449776841995e+00
1.800000000000000000e+01 -1.267903449776841995e+00
1.800000000000000000e+01 -1.267903449776841995e+00
1.800000000000000000e+01 -1.267903449776841995e+00
1.800000000000000000e+01 -1.267903449776841995e+00
1.800000000000000000e+01 -1.267903449776841995e+00
1.800000000000000000e+01 -1.267903449776841995e+00
1.800000000000000000e+01 -1.267903449776841995e+00
1.800000000000000000e+01 -1.267903449776841995e+00
1.800000000000000000e+01 -1.267903449776841995e+00
1.800000000000000000e+01 -1.267903449776841995e+00
1.800000000000000000e+01 -1.267903449776841995e+00
1.800000000000000000e+01 -1.267903449776841995e+00
1.800000000000000000e+01 -1.267903449776841995e+00
1.800000000000000000e+01 -1.267903449776841995e+00
1.800000000000000000e+01 -1.267903449776841995e+00
1.800000000000000000e+01 -1.267903449776841995e+00
1.800000000000000000e+01 -1.328887259452855796e+00
1.900000000000000000e+01 -1.584038745957365157e-01
1.900000000000000000e+01 -1.584038745957365157e-01
1.900000000000000000e+01 -5.040106033034699173e-01
1.900000000000000000e+01 -7.226420188908905251e-01
1.900000000000000000e+01 -7.226420188908905251e-01
1.900000000000000000e+01 -7.226420188908905251e-01
1.900000000000000000e+01 -7.226420188908905251e-01
1.900000000000000000e+01 -7.226420188908905251e-01
1.900000000000000000e+01 -7.226420188908905251e-01
1.900000000000000000e+01 -7.226420188908905251e-01
1.900000000000000000e+01 -7.226420188908905251e-01
1.900000000000000000e+01 -7.226420188908905251e-01
1.900000000000000000e+01 -7.302557856202832598e-01
1.900000000000000000e+01 -7.302557856202832598e-01
1.900000000000000000e+01 -7.302557856202832598e-01
1.900000000000000000e+01 -7.302557856202832598e-01
1.900000000000000000e+01 -7.302557856202832598e-01
1.900000000000000000e+01 -7.302557856202832598e-01
1.900000000000000000e+01 -7.302557856202832598e-01
1.900000000000000000e+01 -7.302557856202832598e-01
1.900000000000000000e+01 -7.302557856202832598e-01
1.900000000000000000e+01 -7.302557856202832598e-01
1.900000000000000000e+01 -7.302557856202832598e-01
1.900000000000000000e+01 -7.302557856202832598e-01
1.900000000000000000e+01 -1.044472043776063508e+00
1.900000000000000000e+01 -1.044472043776063508e+00
1.900000000000000000e+01 -1.044472043776063508e+00
1.900000000000000000e+01 -1.044472043776063508e+00
