6.942759221775739673e-310 6.942759221775739673e-310
0.000000000000000000e+00 1.737296532013903105e+00
0.000000000000000000e+00 -1.255624691573355101e+00
0.000000000000000000e+00 -1.255624691573355101e+00
0.000000000000000000e+00 -1.255624691573355101e+00
0.000000000000000000e+00 -1.255624691573355101e+00
0.000000000000000000e+00 -1.255624691573355101e+00
0.000000000000000000e+00 -1.255624691573355101e+00
0.000000000000000000e+00 -1.255624691573355101e+00
0.000000000000000000e+00 -1.255624691573355101e+00
0.000000000000000000e+00 -1.255624691573355101e+00
0.000000000000000000e+00 -1.255624691573355101e+00
0.000000000000000000e+00 -1.255624691573355101e+00
0.000000000000000000e+00 -1.255624691573355101e+00
0.000000000000000000e+00 -1.255624691573355101e+00
0.000000000000000000e+00 -1.255624691573355101e+00
0.000000000000000000e+00 -1.255624691573355101e+00
0.000000000000000000e+00 -1.255624691573355101e+00
0.000000000000000000e+00 -1.255624691573355101e+00
0.000000000000000000e+00 -1.255624691573355101e+00
0.000000000000000000e+00 -1.255624691573355101e+00
0.000000000000000000e+00 -1.255624691573355101e+00
0.000000000000000000e+00 -1.255624691573355101e+00
0.000000000000000000e+00 -1.255624691573355101e+00
0.000000000000000000e+00 -1.255624691573355101e+00
0.000000000000000000e+00 -1.255624691573355101e+00
0.000000000000000000e+00 -1.255624691573355101e+00
1.000000000000000000e+00 4.897230103003935575e-01
1.000000000000000000e+00 -1.167765842417659850e-01
1.000000000000000000e+00 -1.167765842417659850e-01
1.000000000000000000e+00 -7.609458694232024145e-01
1.000000000000000000e+00 -7.609458694232024145e-01
1.000000000000000000e+00 -7.609458694232024145e-01
1.000000000000000000e+00 -7.609458694232024145e-01
1.000000000000000000e+00 -7.609458694232024145e-01
1.000000000000000000e+00 -7.609458694232024145e-01
1.000000000000000000e+00 -7.609458694232024145e-01
1.000000000000000000e+00 -7.609458694232024145e-01
1.000000000000000000e+00 -7.609458694232024145e-01
1.000000000000000000e+00 -7.609458694232024145e-01
1.000000000000000000e+00 -7.609458694232024145e-01
1.000000000000000000e+00 -7.609458694232024145e-01
1.000000000000000000e+00 -7.609458694232024145e-01
1.000000000000000000e+00 -7.609458694232024145e-01
1.000000000000000000e+00 -7.609458694232024145e-01
1.000000000000000000e+00 -7.609458694232024145e-01
1.000000000000000000e+00 -7.609458694232024145e-01
1.000000000000000000e+00 -7.609458694232024145e-01
1.000000000000000000e+00 -7.609458694232024145e-01
1.000000000000000000e+00 -7.609458694232024145e-01
1.000000000000000000e+00 -7.609458694232024145e-01
1.000000000000000000e+00 -7.609458694232024145e-01
1.000000000000000000e+00 -7.609458694232024145e-01
2.000000000000000000e+00 -1.298786834095646991e+00
2.000000000000000000e+00 -1.298786834095646991e+00
2.000000000000000000e+00 -1.298786834095646991e+00
2.000000000000000000e+00 -1.298786834095646991e+00
2.000000000000000000e+00 -1.298786834095646991e+00
2.000000000000000000e+00 -1.298786834095646991e+00
2.000000000000000000e+00 -1.298786834095646991e+00
2.000000000000000000e+00 -1.298786834095646991e+00
2.000000000000000000e+00 -1.298786834095646991e+00
2.000000000000000000e+00 -1.298786834095646991e+00
2.000000000000000000e+00 -1.298786834095646991e+00
2.000000000000000000e+00 -1.298786834095646991e+00
2.000000000000000000e+00 -1.298786834095646991e+00
2.000000000000000000e+00 -1.298786834095646991e+00
2.000000000000000000e+00 -1.298786834095646991e+00
2.000000000000000000e+00 -1.298786834095646991e+00
2.000000000000000000e+00 -1.613735714306382629e+00
2.000000000000000000e+00 -1.613735714306382629e+00
2.000000000000000000e+00 -1.613735714306382629e+00
2.000000000000000000e+00 -1.613735714306382629e+00
2.000000000000000000e+00 -1.613735714306382629e+00
2.000000000000000000e+00 -1.613735714306382629e+00
2.000000000000000000e+00 -1.613735714306382629e+00
2.000000000000000000e+00 -1.613735714306382629e+00
2.000000000000000000e+00 -1.613735714306382629e+00
2.000000000000000000e+00 -1.613735714306382629e+00
3.000000000000000000e+00 -1.144950457819472911e+00
3.000000000000000000e+00 -1.144950457819472911e+00
3.000000000000000000e+00 -1.144950457819472911e+00
3.000000000000000000e+00 -1.144950457819472911e+00
3.000000000000000000e+00 -1.144950457819472911e+00
3.000000000000000000e+00 -1.144950457819472911e+00
3.000000000000000000e+00 -1.144950457819472911e+00
3.000000000000000000e+00 -1.144950457819472911e+00
3.000000000000000000e+00 -1.144950457819472911e+00
3.000000000000000000e+00 -1.144950457819472911e+00
3.000000000000000000e+00 -1.144950457819472911e+00
3.000000000000000000e+00 -1.144950457819472911e+00
3.000000000000000000e+00 -1.144950457819472911e+00
3.000000000000000000e+00 -1.144950457819472911e+00
3.000000000000000000e+00 -1.144950457819472911e+00
3.000000000000000000e+00 -1.144950457819472911e+00
3.000000000000000000e+00 -1.144950457819472911e+00
3.000000000000000000e+00 -1.144950457819472911e+00
3.000000000000000000e+00 -1.144950457819472911e+00
3.000000000000000000e+00 -1.144950457819472911e+00
3.000000000000000000e+00 -1.144950457819472911e+00
3.000000000000000000e+00 -1.144950457819472911e+00
3.000000000000000000e+00 -1.144950457819472911e+00
3.000000000000000000e+00 -1.144950457819472911e+00
3.000000000000000000e+00 -1.144950457819472911e+00
3.000000000000000000e+00 -1.144950457819472911e+00
4.000000000000000000e+00 -2.856672453961147662e-01
4.000000000000000000e+00 -6.292925023630391301e-01
4.000000000000000000e+00 -6.292925023630391301e-01
4.000000000000000000e+00 -1.097065460319159635e+00
4.000000000000000000e+00 -1.097065460319159635e+00
4.000000000000000000e+00 -1.097065460319159635e+00
4.000000000000000000e+00 -1.097065460319159635e+00
4.000000000000000000e+00 -1.097065460319159635e+00
4.000000000000000000e+00 -1.097065460319159635e+00
4.000000000000000000e+00 -1.097065460319159635e+00
4.000000000000000000e+00 -1.097065460319159635e+00
4.000000000000000000e+00 -1.097065460319159635e+00
4.000000000000000000e+00 -1.097065460319159635e+00
4.000000000000000000e+00 -1.097065460319159635e+00
4.000000000000000000e+00 -1.097065460319159635e+00
4.000000000000000000e+00 -1.097065460319159635e+00
4.000000000000000000e+00 -1.097065460319159635e+00
4.000000000000000000e+00 -1.097065460319159635e+00
4.000000000000000000e+00 -1.097065460319159635e+00
4.000000000000000000e+00 -1.097065460319159635e+00
4.000000000000000000e+00 -1.097065460319159635e+00
4.000000000000000000e+00 -1.097065460319159635e+00
4.000000000000000000e+00 -1.097065460319159635e+00
4.000000000000000000e+00 -1.097065460319159635e+00
4.000000000000000000e+00 -1.097065460319159635e+00
4.000000000000000000e+00 -1.571134781306620098e+00
