6.942759221778111188e-310 3.991582439417531248e-316
0.000000000000000000e+00 1.737296532013903105e+00
0.000000000000000000e+00 -1.255624691573355101e+00
0.000000000000000000e+00 -1.255624691573355101e+00
0.000000000000000000e+00 -1.255624691573355101e+00
0.000000000000000000e+00 -1.255624691573355101e+00
0.000000000000000000e+00 -1.255624691573355101e+00
0.000000000000000000e+00 -1.255624691573355101e+00
0.000000000000000000e+00 -1.255624691573355101e+00
0.000000000000000000e+00 -1.255624691573355101e+00
0.000000000000000000e+00 -1.255624691573355101e+00
0.000000000000000000e+00 -1.255624691573355101e+00
0.000000000000000000e+00 -1.255624691573355101e+00
0.000000000000000000e+00 -1.255624691573355101e+00
0.000000000000000000e+00 -1.255624691573355101e+00
0.000000000000000000e+00 -1.255624691573355101e+00
0.000000000000000000e+00 -1.255624691573355101e+00
0.000000000000000000e+00 -1.255624691573355101e+00
0.000000000000000000e+00 -1.255624691573355101e+00
0.000000000000000000e+00 -1.255624691573355101e+00
0.000000000000000000e+00 -1.255624691573355101e+00
0.000000000000000000e+00 -1.255624691573355101e+00
0.000000000000000000e+00 -1.255624691573355101e+00
0.000000000000000000e+00 -1.255624691573355101e+00
0.000000000000000000e+00 -1.255624691573355101e+00
0.000000000000000000e+00 -1.255624691573355101e+00
0.000000000000000000e+00 -1.255624691573355101e+00
1.000000000000000000e+00 4.897230103003935575e-01
1.000000000000000000e+00 -1.167765842417659850e-01
1.000000000000000000e+00 -1.167765842417659850e-01
1.000000000000000000e+00 -7.609458694232024145e-01
1.000000000000000000e+00 -7.609458694232024145e-01
1.000000000000000000e+00 -7.609458694232024145e-01
1.000000000000000000e+00 -7.609458694232024145e-01
1.000000000000000000e+00 -7.609458694232024145e-01
1.000000000000000000e+00 -7.609458694232024145e-01
1.000000000000000000e+00 -8.911960253094149964e-01
1.000000000000000000e+00 -1.104924920365267127e+00
1.000000000000000000e+00 -1.104924920365267127e+00
1.000000000000000000e+00 -1.104924920365267127e+00
1.000000000000000000e+00 -1.104924920365267127e+00
1.000000000000000000e+00 -1.104924920365267127e+00
1.000000000000000000e+00 -1.251844038023810946e+00
1.000000000000000000e+00 -1.251844038023810946e+00
1.000000000000000000e+00 -1.251844038023810946e+00
1.000000000000000000e+00 -1.251844038023810946e+00
1.000000000000000000e+00 -1.284703422593135080e+00
1.000000000000000000e+00 -1.284703422593135080e+00
1.000000000000000000e+00 -1.284703422593135080e+00
1.000000000000000000e+00 -1.284703422593135080e+00
1.000000000000000000e+00 -1.284703422593135080e+00
1.000000000000000000e+00 -1.284703422593135080e+00
1.000000000000000000e+00 -1.284703422593135080e+00
2.000000000000000000e+00 -1.298786834095646991e+00
2.000000000000000000e+00 -1.298786834095646991e+00
2.000000000000000000e+00 -1.298786834095646991e+00
2.000000000000000000e+00 -1.298786834095646991e+00
2.000000000000000000e+00 -1.298786834095646991e+00
2.000000000000000000e+00 -1.298786834095646991e+00
2.000000000000000000e+00 -1.544319660096383551e+00
2.000000000000000000e+00 -1.637304087918333151e+00
2.000000000000000000e+00 -1.637304087918333151e+00
2.000000000000000000e+00 -1.637304087918333151e+00
2.000000000000000000e+00 -1.671462578944778121e+00
2.000000000000000000e+00 -1.671462578944778121e+00
2.000000000000000000e+00 -1.671462578944778121e+00
2.000000000000000000e+00 -1.676796202980909367e+00
2.000000000000000000e+00 -1.676796202980909367e+00
2.000000000000000000e+00 -1.676796202980909367e+00
2.000000000000000000e+00 -1.679064312988307606e+00
2.000000000000000000e+00 -1.679064312988307606e+00
2.000000000000000000e+00 -1.800808572598078694e+00
2.000000000000000000e+00 -1.800808572598078694e+00
2.000000000000000000e+00 -1.800808572598078694e+00
2.000000000000000000e+00 -1.800808572598078694e+00
2.000000000000000000e+00 -1.800808572598078694e+00
2.000000000000000000e+00 -1.800808572598078694e+00
2.000000000000000000e+00 -1.800808572598078694e+00
2.000000000000000000e+00 -1.800808572598078694e+00
3.000000000000000000e+00 -1.144950457819472911e+00
3.000000000000000000e+00 -1.144950457819472911e+00
3.000000000000000000e+00 -1.144950457819472911e+00
3.000000000000000000e+00 -1.144950457819472911e+00
3.000000000000000000e+00 -1.144950457819472911e+00
3.000000000000000000e+00 -1.144950457819472911e+00
3.000000000000000000e+00 -1.148330918656462751e+00
3.000000000000000000e+00 -1.148330918656462751e+00
3.000000000000000000e+00 -1.148330918656462751e+00
3.000000000000000000e+00 -1.148330918656462751e+00
3.000000000000000000e+00 -1.151305292907237376e+00
3.000000000000000000e+00 -1.181873802724167311e+00
3.000000000000000000e+00 -1.181873802724167311e+00
3.000000000000000000e+00 -1.181873802724167311e+00
3.000000000000000000e+00 -1.181873802724167311e+00
3.000000000000000000e+00 -1.181873802724167311e+00
3.000000000000000000e+00 -1.181873802724167311e+00
3.000000000000000000e+00 -1.181873802724167311e+00
3.000000000000000000e+00 -1.244127912466090669e+00
3.000000000000000000e+00 -1.244127912466090669e+00
3.000000000000000000e+00 -1.244127912466090669e+00
3.000000000000000000e+00 -1.248037842847311119e+00
3.000000000000000000e+00 -1.248037842847311119e+00
3.000000000000000000e+00 -1.248037842847311119e+00
3.000000000000000000e+00 -1.248037842847311119e+00
3.000000000000000000e+00 -1.248037842847311119e+00
4.000000000000000000e+00 -2.856672453961147662e-01
4.000000000000000000e+00 -6.292925023630391301e-01
4.000000000000000000e+00 -6.292925023630391301e-01
4.000000000000000000e+00 -1.097065460319159635e+00
4.000000000000000000e+00 -1.097065460319159635e+00
4.000000000000000000e+00 -1.097065460319159635e+00
4.000000000000000000e+00 -1.414537800079184837e+00
4.000000000000000000e+00 -1.421516498977725584e+00
4.000000000000000000e+00 -1.585029211244304959e+00
4.000000000000000000e+00 -1.585029211244304959e+00
4.000000000000000000e+00 -1.603470946891998317e+00
4.000000000000000000e+00 -1.603470946891998317e+00
4.000000000000000000e+00 -1.603470946891998317e+00
4.000000000000000000e+00 -1.603470946891998317e+00
4.000000000000000000e+00 -1.603470946891998317e+00
4.000000000000000000e+00 -1.603470946891998317e+00
4.000000000000000000e+00 -1.603470946891998317e+00
4.000000000000000000e+00 -1.603470946891998317e+00
4.000000000000000000e+00 -1.671419153684753134e+00
4.000000000000000000e+00 -1.671419153684753134e+00
4.000000000000000000e+00 -1.671419153684753134e+00
4.000000000000000000e+00 -1.671419153684753134e+00
4.000000000000000000e+00 -1.671419153684753134e+00
4.000000000000000000e+00 -1.671419153684753134e+00
4.000000000000000000e+00 -1.671419153684753134e+00
4.000000000000000000e+00 -1.671419153684753134e+00
