6.930271131569341242e-310 7.772072367255514863e-316
0.000000000000000000e+00 -7.041849156077484295e-01
0.000000000000000000e+00 -7.041849156077484295e-01
0.000000000000000000e+00 -7.041849156077484295e-01
0.000000000000000000e+00 -7.041849156077484295e-01
0.000000000000000000e+00 -7.041849156077484295e-01
0.000000000000000000e+00 -7.041849156077484295e-01
0.000000000000000000e+00 -7.041849156077484295e-01
0.000000000000000000e+00 -7.041849156077484295e-01
0.000000000000000000e+00 -7.041849156077484295e-01
0.000000000000000000e+00 -7.041849156077484295e-01
0.000000000000000000e+00 -1.775332194075400327e+00
0.000000000000000000e+00 -1.775332194075400327e+00
0.000000000000000000e+00 -1.775332194075400327e+00
0.000000000000000000e+00 -1.775332194075400327e+00
0.000000000000000000e+00 -1.775332194075400327e+00
0.000000000000000000e+00 -1.775332194075400327e+00
0.000000000000000000e+00 -1.775332194075400327e+00
0.000000000000000000e+00 -1.775332194075400327e+00
0.000000000000000000e+00 -1.775332194075400327e+00
0.000000000000000000e+00 -1.775332194075400327e+00
0.000000000000000000e+00 -1.775332194075400327e+00
0.000000000000000000e+00 -1.858858822779936748e+00
0.000000000000000000e+00 -1.858858822779936748e+00
0.000000000000000000e+00 -1.930822795107651535e+00
0.000000000000000000e+00 -1.930822795107651535e+00
0.000000000000000000e+00 -1.981095353276620896e+00
0.000000000000000000e+00 -1.981095353276620896e+00
0.000000000000000000e+00 -1.981095353276620896e+00
0.000000000000000000e+00 -1.981095353276620896e+00
0.000000000000000000e+00 -1.981095353276620896e+00
1.000000000000000000e+00 1.590837952229798624e+00
1.000000000000000000e+00 -7.444418491946326322e-01
1.000000000000000000e+00 -7.444418491946326322e-01
1.000000000000000000e+00 -7.444418491946326322e-01
1.000000000000000000e+00 -7.444418491946326322e-01
1.000000000000000000e+00 -7.444418491946326322e-01
1.000000000000000000e+00 -7.444418491946326322e-01
1.000000000000000000e+00 -7.444418491946326322e-01
1.000000000000000000e+00 -7.444418491946326322e-01
1.000000000000000000e+00 -7.444418491946326322e-01
1.000000000000000000e+00 -1.717820104806026205e+00
1.000000000000000000e+00 -1.717820104806026205e+00
1.000000000000000000e+00 -1.717820104806026205e+00
1.000000000000000000e+00 -1.755634347303758780e+00
1.000000000000000000e+00 -1.840658021341634365e+00
1.000000000000000000e+00 -1.907421436806096660e+00
1.000000000000000000e+00 -1.907421436806096660e+00
1.000000000000000000e+00 -1.907421436806096660e+00
1.000000000000000000e+00 -1.943110155131408723e+00
1.000000000000000000e+00 -1.943110155131408723e+00
1.000000000000000000e+00 -1.943110155131408723e+00
1.000000000000000000e+00 -1.943110155131408723e+00
1.000000000000000000e+00 -1.943110155131408723e+00
1.000000000000000000e+00 -1.943110155131408723e+00
1.000000000000000000e+00 -1.943110155131408723e+00
1.000000000000000000e+00 -1.943110155131408723e+00
1.000000000000000000e+00 -1.943110155131408723e+00
1.000000000000000000e+00 -1.943110155131408723e+00
1.000000000000000000e+00 -1.943110155131408723e+00
1.000000000000000000e+00 -1.973946734535165559e+00
2.000000000000000000e+00 1.578096996980493660e+00
2.000000000000000000e+00 1.578096996980493660e+00
2.000000000000000000e+00 1.578096996980493660e+00
2.000000000000000000e+00 1.578096996980493660e+00
2.000000000000000000e+00 1.578096996980493660e+00
2.000000000000000000e+00 1.578096996980493660e+00
2.000000000000000000e+00 1.578096996980493660e+00
2.000000000000000000e+00 1.578096996980493660e+00
2.000000000000000000e+00 1.578096996980493660e+00
2.000000000000000000e+00 7.517981229067218774e-01
2.000000000000000000e+00 7.517981229067218774e-01
2.000000000000000000e+00 7.517981229067218774e-01
2.000000000000000000e+00 -2.790946642516800025e-01
2.000000000000000000e+00 -1.129697383277232792e+00
2.000000000000000000e+00 -1.507412214694969776e+00
2.000000000000000000e+00 -1.507412214694969776e+00
2.000000000000000000e+00 -1.507412214694969776e+00
2.000000000000000000e+00 -1.507412214694969776e+00
2.000000000000000000e+00 -1.507412214694969776e+00
2.000000000000000000e+00 -1.507412214694969776e+00
2.000000000000000000e+00 -1.507412214694969776e+00
2.000000000000000000e+00 -1.507412214694969776e+00
2.000000000000000000e+00 -1.507412214694969776e+00
2.000000000000000000e+00 -1.507412214694969776e+00
2.000000000000000000e+00 -1.507412214694969776e+00
2.000000000000000000e+00 -1.507412214694969776e+00
2.000000000000000000e+00 -1.507412214694969776e+00
2.000000000000000000e+00 -1.507412214694969776e+00
2.000000000000000000e+00 -1.507412214694969776e+00
2.000000000000000000e+00 -1.507412214694969776e+00
3.000000000000000000e+00 7.218301695909848270e+00
3.000000000000000000e+00 -5.726778557526477492e-02
3.000000000000000000e+00 -5.726778557526477492e-02
3.000000000000000000e+00 -5.141081005725068875e-01
3.000000000000000000e+00 -6.870899031134372059e-01
3.000000000000000000e+00 -6.870899031134372059e-01
3.000000000000000000e+00 -6.870899031134372059e-01
3.000000000000000000e+00 -6.870899031134372059e-01
3.000000000000000000e+00 -6.870899031134372059e-01
3.000000000000000000e+00 -6.870899031134372059e-01
3.000000000000000000e+00 -6.870899031134372059e-01
3.000000000000000000e+00 -1.107338326286784191e+00
3.000000000000000000e+00 -1.107338326286784191e+00
3.000000000000000000e+00 -1.746846856333911235e+00
3.000000000000000000e+00 -1.791277823460309504e+00
3.000000000000000000e+00 -1.791277823460309504e+00
3.000000000000000000e+00 -1.791277823460309504e+00
3.000000000000000000e+00 -1.791277823460309504e+00
3.000000000000000000e+00 -1.791277823460309504e+00
3.000000000000000000e+00 -1.791277823460309504e+00
3.000000000000000000e+00 -1.791277823460309504e+00
3.000000000000000000e+00 -1.809413655474204186e+00
3.000000000000000000e+00 -1.898588783865815532e+00
3.000000000000000000e+00 -1.898588783865815532e+00
3.000000000000000000e+00 -1.898588783865815532e+00
3.000000000000000000e+00 -1.898588783865815532e+00
3.000000000000000000e+00 -1.898588783865815532e+00
3.000000000000000000e+00 -1.898588783865815532e+00
3.000000000000000000e+00 -1.898588783865815532e+00
3.000000000000000000e+00 -1.898588783865815532e+00
4.000000000000000000e+00 3.323245944731308299e+00
4.000000000000000000e+00 3.323245944731308299e+00
4.000000000000000000e+00 9.667953908935575935e-01
4.000000000000000000e+00 9.667953908935575935e-01
4.000000000000000000e+00 9.667953908935575935e-01
4.000000000000000000e+00 9.667953908935575935e-01
4.000000000000000000e+00 9.667953908935575935e-01
4.000000000000000000e+00 9.667953908935575935e-01
4.000000000000000000e+00 -1.135540722054000917e-01
4.000000000000000000e+00 -1.135540722054000917e-01
4.000000000000000000e+00 -1.378639695643540941e+00
4.000000000000000000e+00 -1.378639695643540941e+00
4.000000000000000000e+00 -1.378639695643540941e+00
4.000000000000000000e+00 -1.715530478450194130e+00
4.000000000000000000e+00 -1.784429014884856723e+00
4.000000000000000000e+00 -1.784429014884856723e+00
4.000000000000000000e+00 -1.784429014884856723e+00
4.000000000000000000e+00 -1.820858526460426230e+00
4.000000000000000000e+00 -1.820858526460426230e+00
4.000000000000000000e+00 -1.820858526460426230e+00
4.000000000000000000e+00 -1.820858526460426230e+00
4.000000000000000000e+00 -1.820858526460426230e+00
4.000000000000000000e+00 -1.820858526460426230e+00
4.000000000000000000e+00 -1.820858526460426230e+00
4.000000000000000000e+00 -1.820858526460426230e+00
4.000000000000000000e+00 -1.820858526460426230e+00
4.000000000000000000e+00 -1.820858526460426230e+00
4.000000000000000000e+00 -1.820858526460426230e+00
4.000000000000000000e+00 -1.820858526460426230e+00
4.000000000000000000e+00 -1.896489768951428179e+00
5.000000000000000000e+00 9.633835936177920445e+00
5.000000000000000000e+00 1.212559556175227815e+00
5.000000000000000000e+00 -1.607235546113188418e+00
5.000000000000000000e+00 -1.607235546113188418e+00
5.000000000000000000e+00 -1.607235546113188418e+00
5.000000000000000000e+00 -1.607235546113188418e+00
5.000000000000000000e+00 -1.693827477678532700e+00
5.000000000000000000e+00 -1.693827477678532700e+00
5.000000000000000000e+00 -1.693827477678532700e+00
5.000000000000000000e+00 -1.693827477678532700e+00
5.000000000000000000e+00 -1.693827477678532700e+00
5.000000000000000000e+00 -1.920442145891572583e+00
5.000000000000000000e+00 -1.920442145891572583e+00
5.000000000000000000e+00 -1.920442145891572583e+00
5.000000000000000000e+00 -1.920442145891572583e+00
5.000000000000000000e+00 -1.920442145891572583e+00
5.000000000000000000e+00 -1.926347368298954033e+00
5.000000000000000000e+00 -1.926347368298954033e+00
5.000000000000000000e+00 -1.926347368298954033e+00
5.000000000000000000e+00 -1.926347368298954033e+00
5.000000000000000000e+00 -1.926347368298954033e+00
5.000000000000000000e+00 -1.979518005298337213e+00
5.000000000000000000e+00 -1.979518005298337213e+00
5.000000000000000000e+00 -1.979518005298337213e+00
5.000000000000000000e+00 -1.979518005298337213e+00
5.000000000000000000e+00 -1.979518005298337213e+00
5.000000000000000000e+00 -2.037050766271794267e+00
5.000000000000000000e+00 -2.037050766271794267e+00
5.000000000000000000e+00 -2.037050766271794267e+00
5.000000000000000000e+00 -2.037050766271794267e+00
6.000000000000000000e+00 3.834876551078719054e+00
6.000000000000000000e+00 3.606865973868970787e+00
6.000000000000000000e+00 3.606865973868970787e+00
6.000000000000000000e+00 3.606865973868970787e+00
6.000000000000000000e+00 1.547853859960822920e+00
6.000000000000000000e+00 1.547853859960822920e+00
6.000000000000000000e+00 1.547853859960822920e+00
6.000000000000000000e+00 1.547853859960822920e+00
6.000000000000000000e+00 1.547853859960822920e+00
6.000000000000000000e+00 1.547853859960822920e+00
6.000000000000000000e+00 -1.141481499704449787e-01
6.000000000000000000e+00 -3.401655305371256155e-01
6.000000000000000000e+00 -3.401655305371256155e-01
6.000000000000000000e+00 -3.401655305371256155e-01
6.000000000000000000e+00 -3.401655305371256155e-01
6.000000000000000000e+00 -3.401655305371256155e-01
6.000000000000000000e+00 -1.455888802364241119e+00
6.000000000000000000e+00 -1.455888802364241119e+00
6.000000000000000000e+00 -1.559923113736493283e+00
6.000000000000000000e+00 -1.599597656390696843e+00
6.000000000000000000e+00 -1.599597656390696843e+00
6.000000000000000000e+00 -1.599597656390696843e+00
6.000000000000000000e+00 -1.599597656390696843e+00
6.000000000000000000e+00 -1.669643921360950634e+00
6.000000000000000000e+00 -1.669643921360950634e+00
6.000000000000000000e+00 -1.887111258500628219e+00
6.000000000000000000e+00 -1.887111258500628219e+00
6.000000000000000000e+00 -1.887111258500628219e+00
6.000000000000000000e+00 -1.887111258500628219e+00
6.000000000000000000e+00 -1.887111258500628219e+00
7.000000000000000000e+00 -1.076783260527559793e+00
7.000000000000000000e+00 -1.076783260527559793e+00
7.000000000000000000e+00 -1.076783260527559793e+00
7.000000000000000000e+00 -1.076783260527559793e+00
7.000000000000000000e+00 -1.076783260527559793e+00
7.000000000000000000e+00 -1.076783260527559793e+00
7.000000000000000000e+00 -1.076783260527559793e+00
7.000000000000000000e+00 -1.076783260527559793e+00
7.000000000000000000e+00 -1.076783260527559793e+00
7.000000000000000000e+00 -1.180605015037784700e+00
7.000000000000000000e+00 -1.180605015037784700e+00
7.000000000000000000e+00 -1.461507497819324097e+00
7.000000000000000000e+00 -1.773659815486539948e+00
7.000000000000000000e+00 -1.857738172977413615e+00
7.000000000000000000e+00 -1.862657017043912289e+00
7.000000000000000000e+00 -1.862657017043912289e+00
7.000000000000000000e+00 -1.862657017043912289e+00
7.000000000000000000e+00 -1.862657017043912289e+00
7.000000000000000000e+00 -1.959733006307459835e+00
7.000000000000000000e+00 -1.959733006307459835e+00
7.000000000000000000e+00 -1.959733006307459835e+00
7.000000000000000000e+00 -1.959733006307459835e+00
7.000000000000000000e+00 -1.959733006307459835e+00
7.000000000000000000e+00 -1.959733006307459835e+00
7.000000000000000000e+00 -1.959733006307459835e+00
7.000000000000000000e+00 -1.959733006307459835e+00
7.000000000000000000e+00 -1.959733006307459835e+00
7.000000000000000000e+00 -1.959733006307459835e+00
7.000000000000000000e+00 -1.959733006307459835e+00
7.000000000000000000e+00 -1.959733006307459835e+00
8.000000000000000000e+00 1.067028933329336482e+01
8.000000000000000000e+00 -5.933081167504714593e-01
8.000000000000000000e+00 -5.933081167504714593e-01
8.000000000000000000e+00 -5.933081167504714593e-01
8.000000000000000000e+00 -5.933081167504714593e-01
8.000000000000000000e+00 -5.933081167504714593e-01
8.000000000000000000e+00 -1.782589094325864654e+00
8.000000000000000000e+00 -1.782589094325864654e+00
8.000000000000000000e+00 -1.782589094325864654e+00
8.000000000000000000e+00 -1.782589094325864654e+00
8.000000000000000000e+00 -1.782589094325864654e+00
8.000000000000000000e+00 -2.015711528246098005e+00
8.000000000000000000e+00 -2.015711528246098005e+00
8.000000000000000000e+00 -2.015711528246098005e+00
8.000000000000000000e+00 -2.015711528246098005e+00
8.000000000000000000e+00 -2.015711528246098005e+00
8.000000000000000000e+00 -2.015711528246098005e+00
8.000000000000000000e+00 -2.015711528246098005e+00
8.000000000000000000e+00 -2.015711528246098005e+00
8.000000000000000000e+00 -2.015711528246098005e+00
8.000000000000000000e+00 -2.015711528246098005e+00
8.000000000000000000e+00 -2.015711528246098005e+00
8.000000000000000000e+00 -2.015711528246098005e+00
8.000000000000000000e+00 -2.015711528246098005e+00
8.000000000000000000e+00 -2.015711528246098005e+00
8.000000000000000000e+00 -2.015711528246098005e+00
8.000000000000000000e+00 -2.038699667160453810e+00
8.000000000000000000e+00 -2.038699667160453810e+00
8.000000000000000000e+00 -2.038699667160453810e+00
8.000000000000000000e+00 -2.038699667160453810e+00
9.000000000000000000e+00 -1.237917523091030869e+00
9.000000000000000000e+00 -1.237917523091030869e+00
9.000000000000000000e+00 -1.237917523091030869e+00
9.000000000000000000e+00 -1.237917523091030869e+00
9.000000000000000000e+00 -1.237917523091030869e+00
9.000000000000000000e+00 -1.237917523091030869e+00
9.000000000000000000e+00 -1.237917523091030869e+00
9.000000000000000000e+00 -1.237917523091030869e+00
9.000000000000000000e+00 -1.237917523091030869e+00
9.000000000000000000e+00 -1.339119315311397607e+00
9.000000000000000000e+00 -1.339119315311397607e+00
9.000000000000000000e+00 -1.902996443363740742e+00
9.000000000000000000e+00 -1.902996443363740742e+00
9.000000000000000000e+00 -1.902996443363740742e+00
9.000000000000000000e+00 -1.920939345686888400e+00
9.000000000000000000e+00 -1.920939345686888400e+00
9.000000000000000000e+00 -1.950694422187118304e+00
9.000000000000000000e+00 -1.983090199700804579e+00
9.000000000000000000e+00 -1.983090199700804579e+00
9.000000000000000000e+00 -1.983090199700804579e+00
9.000000000000000000e+00 -1.983090199700804579e+00
9.000000000000000000e+00 -1.983090199700804579e+00
9.000000000000000000e+00 -1.983090199700804579e+00
9.000000000000000000e+00 -1.983090199700804579e+00
9.000000000000000000e+00 -1.987655350529050846e+00
9.000000000000000000e+00 -1.987655350529050846e+00
9.000000000000000000e+00 -1.987655350529050846e+00
9.000000000000000000e+00 -1.987655350529050846e+00
9.000000000000000000e+00 -1.987655350529050846e+00
9.000000000000000000e+00 -1.987655350529050846e+00
