6.903823296796512407e-310 6.903823296796512407e-310
0.000000000000000000e+00 6.046576963456138376e-01
0.000000000000000000e+00 1.477009141860644581e-01
0.000000000000000000e+00 -7.752629853182133601e-01
0.000000000000000000e+00 -7.752629853182133601e-01
0.000000000000000000e+00 -7.752629853182133601e-01
0.000000000000000000e+00 -7.752629853182133601e-01
0.000000000000000000e+00 -7.752629853182133601e-01
0.000000000000000000e+00 -7.752629853182133601e-01
0.000000000000000000e+00 -7.752629853182133601e-01
0.000000000000000000e+00 -7.957550452412627262e-01
0.000000000000000000e+00 -7.957550452412627262e-01
0.000000000000000000e+00 -7.957550452412627262e-01
0.000000000000000000e+00 -1.123232962553830871e+00
0.000000000000000000e+00 -1.123232962553830871e+00
0.000000000000000000e+00 -1.123232962553830871e+00
0.000000000000000000e+00 -1.123232962553830871e+00
0.000000000000000000e+00 -1.123232962553830871e+00
0.000000000000000000e+00 -1.123232962553830871e+00
0.000000000000000000e+00 -1.123232962553830871e+00
0.000000000000000000e+00 -1.286926630542655436e+00
0.000000000000000000e+00 -1.286926630542655436e+00
0.000000000000000000e+00 -1.299828538082080209e+00
0.000000000000000000e+00 -1.299828538082080209e+00
0.000000000000000000e+00 -1.299828538082080209e+00
0.000000000000000000e+00 -1.299828538082080209e+00
0.000000000000000000e+00 -1.299828538082080209e+00
0.000000000000000000e+00 -1.299828538082080209e+00
0.000000000000000000e+00 -1.299828538082080209e+00
0.000000000000000000e+00 -1.370600119386078841e+00
0.000000000000000000e+00 -1.370600119386078841e+00
1.000000000000000000e+00 3.080665791957114541e-01
1.000000000000000000e+00 -9.567672944639359356e-01
1.000000000000000000e+00 -9.567672944639359356e-01
1.000000000000000000e+00 -9.567672944639359356e-01
1.000000000000000000e+00 -9.567672944639359356e-01
1.000000000000000000e+00 -9.567672944639359356e-01
1.000000000000000000e+00 -9.567672944639359356e-01
1.000000000000000000e+00 -9.567672944639359356e-01
1.000000000000000000e+00 -1.179971276104965883e+00
1.000000000000000000e+00 -1.179971276104965883e+00
1.000000000000000000e+00 -1.179971276104965883e+00
1.000000000000000000e+00 -1.179971276104965883e+00
1.000000000000000000e+00 -1.179971276104965883e+00
1.000000000000000000e+00 -1.179971276104965883e+00
1.000000000000000000e+00 -1.179971276104965883e+00
1.000000000000000000e+00 -1.179971276104965883e+00
1.000000000000000000e+00 -1.179971276104965883e+00
1.000000000000000000e+00 -1.179971276104965883e+00
1.000000000000000000e+00 -1.398905062659904885e+00
1.000000000000000000e+00 -1.695490824574314548e+00
1.000000000000000000e+00 -1.695490824574314548e+00
1.000000000000000000e+00 -1.695490824574314548e+00
1.000000000000000000e+00 -1.695490824574314548e+00
1.000000000000000000e+00 -1.695490824574314548e+00
1.000000000000000000e+00 -1.695490824574314548e+00
1.000000000000000000e+00 -1.695490824574314548e+00
1.000000000000000000e+00 -1.695490824574314548e+00
1.000000000000000000e+00 -1.695490824574314548e+00
1.000000000000000000e+00 -1.695490824574314548e+00
1.000000000000000000e+00 -1.742998097139758507e+00
2.000000000000000000e+00 7.875025950805252251e-01
2.000000000000000000e+00 5.557035698654646527e-01
2.000000000000000000e+00 -2.862814677632815608e-01
2.000000000000000000e+00 -6.186623978494181220e-01
2.000000000000000000e+00 -6.186623978494181220e-01
2.000000000000000000e+00 -9.271021361888428514e-01
2.000000000000000000e+00 -9.271021361888428514e-01
2.000000000000000000e+00 -9.271021361888428514e-01
2.000000000000000000e+00 -9.271021361888428514e-01
2.000000000000000000e+00 -9.271021361888428514e-01
2.000000000000000000e+00 -9.271021361888428514e-01
2.000000000000000000e+00 -9.271021361888428514e-01
2.000000000000000000e+00 -1.372302884620546504e+00
2.000000000000000000e+00 -1.372302884620546504e+00
2.000000000000000000e+00 -1.372302884620546504e+00
2.000000000000000000e+00 -1.372302884620546504e+00
2.000000000000000000e+00 -1.372302884620546504e+00
2.000000000000000000e+00 -1.372302884620546504e+00
2.000000000000000000e+00 -1.372302884620546504e+00
2.000000000000000000e+00 -1.372302884620546504e+00
2.000000000000000000e+00 -1.372302884620546504e+00
2.000000000000000000e+00 -1.372302884620546504e+00
2.000000000000000000e+00 -1.372302884620546504e+00
2.000000000000000000e+00 -1.372302884620546504e+00
2.000000000000000000e+00 -1.372302884620546504e+00
2.000000000000000000e+00 -1.372302884620546504e+00
2.000000000000000000e+00 -1.372302884620546504e+00
2.000000000000000000e+00 -1.372302884620546504e+00
2.000000000000000000e+00 -1.397622612984600332e+00
2.000000000000000000e+00 -1.397622612984600332e+00
3.000000000000000000e+00 -4.671732047641223851e-01
3.000000000000000000e+00 -4.671732047641223851e-01
3.000000000000000000e+00 -4.671732047641223851e-01
3.000000000000000000e+00 -1.102632504152778248e+00
3.000000000000000000e+00 -1.102632504152778248e+00
3.000000000000000000e+00 -1.102632504152778248e+00
3.000000000000000000e+00 -1.102632504152778248e+00
3.000000000000000000e+00 -1.102632504152778248e+00
3.000000000000000000e+00 -1.102632504152778248e+00
3.000000000000000000e+00 -1.102632504152778248e+00
3.000000000000000000e+00 -1.102632504152778248e+00
3.000000000000000000e+00 -1.102632504152778248e+00
3.000000000000000000e+00 -1.241008292769910870e+00
3.000000000000000000e+00 -1.241008292769910870e+00
3.000000000000000000e+00 -1.241008292769910870e+00
3.000000000000000000e+00 -1.241008292769910870e+00
3.000000000000000000e+00 -1.241008292769910870e+00
3.000000000000000000e+00 -1.241008292769910870e+00
3.000000000000000000e+00 -1.241008292769910870e+00
3.000000000000000000e+00 -1.241008292769910870e+00
3.000000000000000000e+00 -1.241008292769910870e+00
3.000000000000000000e+00 -1.241008292769910870e+00
3.000000000000000000e+00 -1.315628897807249675e+00
3.000000000000000000e+00 -1.315628897807249675e+00
3.000000000000000000e+00 -1.315628897807249675e+00
3.000000000000000000e+00 -1.365807405947290221e+00
3.000000000000000000e+00 -1.365807405947290221e+00
3.000000000000000000e+00 -1.365807405947290221e+00
3.000000000000000000e+00 -1.365807405947290221e+00
3.000000000000000000e+00 -1.365807405947290221e+00
4.000000000000000000e+00 4.466094263440158474e-01
4.000000000000000000e+00 -3.564277463599624385e-01
4.000000000000000000e+00 -3.564277463599624385e-01
4.000000000000000000e+00 -1.570445209016589017e+00
4.000000000000000000e+00 -1.570445209016589017e+00
4.000000000000000000e+00 -1.570445209016589017e+00
4.000000000000000000e+00 -1.570445209016589017e+00
4.000000000000000000e+00 -1.570445209016589017e+00
4.000000000000000000e+00 -1.570445209016589017e+00
4.000000000000000000e+00 -1.570445209016589017e+00
4.000000000000000000e+00 -1.646957865496451401e+00
4.000000000000000000e+00 -1.646957865496451401e+00
4.000000000000000000e+00 -1.646957865496451401e+00
4.000000000000000000e+00 -1.758817552772494519e+00
4.000000000000000000e+00 -1.758817552772494519e+00
4.000000000000000000e+00 -1.758817552772494519e+00
4.000000000000000000e+00 -1.758817552772494519e+00
4.000000000000000000e+00 -1.758817552772494519e+00
4.000000000000000000e+00 -1.758817552772494519e+00
4.000000000000000000e+00 -1.758817552772494519e+00
4.000000000000000000e+00 -1.805075262287136217e+00
4.000000000000000000e+00 -1.805075262287136217e+00
4.000000000000000000e+00 -1.805075262287136217e+00
4.000000000000000000e+00 -1.805075262287136217e+00
4.000000000000000000e+00 -1.805075262287136217e+00
4.000000000000000000e+00 -1.805075262287136217e+00
4.000000000000000000e+00 -1.805075262287136217e+00
4.000000000000000000e+00 -1.805075262287136217e+00
4.000000000000000000e+00 -1.805075262287136217e+00
4.000000000000000000e+00 -1.805075262287136217e+00
