6.903823296798883922e-310 3.483736709834997328e-316
0.000000000000000000e+00 6.046576963456138376e-01
0.000000000000000000e+00 1.477009141860644581e-01
0.000000000000000000e+00 -7.752629853182133601e-01
0.000000000000000000e+00 -7.752629853182133601e-01
0.000000000000000000e+00 -7.752629853182133601e-01
0.000000000000000000e+00 -7.752629853182133601e-01
0.000000000000000000e+00 -7.752629853182133601e-01
0.000000000000000000e+00 -7.752629853182133601e-01
0.000000000000000000e+00 -7.752629853182133601e-01
0.000000000000000000e+00 -7.957550452412627262e-01
0.000000000000000000e+00 -7.957550452412627262e-01
0.000000000000000000e+00 -7.957550452412627262e-01
0.000000000000000000e+00 -1.104772081657234839e+00
0.000000000000000000e+00 -1.104772081657234839e+00
0.000000000000000000e+00 -1.104772081657234839e+00
0.000000000000000000e+00 -1.104772081657234839e+00
0.000000000000000000e+00 -1.104772081657234839e+00
0.000000000000000000e+00 -1.104772081657234839e+00
0.000000000000000000e+00 -1.104772081657234839e+00
0.000000000000000000e+00 -1.184202112630815318e+00
0.000000000000000000e+00 -1.184202112630815318e+00
0.000000000000000000e+00 -1.184202112630815318e+00
0.000000000000000000e+00 -1.184202112630815318e+00
0.000000000000000000e+00 -1.184202112630815318e+00
0.000000000000000000e+00 -1.184202112630815318e+00
0.000000000000000000e+00 -1.184202112630815318e+00
0.000000000000000000e+00 -1.210540251101340781e+00
0.000000000000000000e+00 -1.210540251101340781e+00
0.000000000000000000e+00 -1.210540251101340781e+00
0.000000000000000000e+00 -1.210540251101340781e+00
1.000000000000000000e+00 3.080665791957114541e-01
1.000000000000000000e+00 -9.567672944639359356e-01
1.000000000000000000e+00 -9.567672944639359356e-01
1.000000000000000000e+00 -9.567672944639359356e-01
1.000000000000000000e+00 -9.567672944639359356e-01
1.000000000000000000e+00 -9.567672944639359356e-01
1.000000000000000000e+00 -9.567672944639359356e-01
1.000000000000000000e+00 -9.567672944639359356e-01
1.000000000000000000e+00 -1.179971276104965883e+00
1.000000000000000000e+00 -1.179971276104965883e+00
1.000000000000000000e+00 -1.179971276104965883e+00
1.000000000000000000e+00 -1.179971276104965883e+00
1.000000000000000000e+00 -1.179971276104965883e+00
1.000000000000000000e+00 -1.179971276104965883e+00
1.000000000000000000e+00 -1.179971276104965883e+00
1.000000000000000000e+00 -1.362102598461019776e+00
1.000000000000000000e+00 -1.362102598461019776e+00
1.000000000000000000e+00 -1.362102598461019776e+00
1.000000000000000000e+00 -1.362102598461019776e+00
1.000000000000000000e+00 -1.481481986501654413e+00
1.000000000000000000e+00 -1.838642790089866308e+00
1.000000000000000000e+00 -1.838642790089866308e+00
1.000000000000000000e+00 -1.838642790089866308e+00
1.000000000000000000e+00 -1.838642790089866308e+00
1.000000000000000000e+00 -1.838642790089866308e+00
1.000000000000000000e+00 -1.838642790089866308e+00
1.000000000000000000e+00 -1.838642790089866308e+00
1.000000000000000000e+00 -1.838642790089866308e+00
1.000000000000000000e+00 -1.838642790089866308e+00
1.000000000000000000e+00 -1.838642790089866308e+00
2.000000000000000000e+00 7.875025950805252251e-01
2.000000000000000000e+00 5.557035698654646527e-01
2.000000000000000000e+00 -2.862814677632815608e-01
2.000000000000000000e+00 -6.186623978494181220e-01
2.000000000000000000e+00 -6.186623978494181220e-01
2.000000000000000000e+00 -9.271021361888428514e-01
2.000000000000000000e+00 -9.271021361888428514e-01
2.000000000000000000e+00 -9.271021361888428514e-01
2.000000000000000000e+00 -9.271021361888428514e-01
2.000000000000000000e+00 -9.271021361888428514e-01
2.000000000000000000e+00 -1.164743957282158071e+00
2.000000000000000000e+00 -1.164743957282158071e+00
2.000000000000000000e+00 -1.185967542657599960e+00
2.000000000000000000e+00 -1.190454037802543219e+00
2.000000000000000000e+00 -1.190454037802543219e+00
2.000000000000000000e+00 -1.190454037802543219e+00
2.000000000000000000e+00 -1.190454037802543219e+00
2.000000000000000000e+00 -1.190454037802543219e+00
2.000000000000000000e+00 -1.190454037802543219e+00
2.000000000000000000e+00 -1.190454037802543219e+00
2.000000000000000000e+00 -1.190454037802543219e+00
2.000000000000000000e+00 -1.190454037802543219e+00
2.000000000000000000e+00 -1.190454037802543219e+00
2.000000000000000000e+00 -1.334649905428922478e+00
2.000000000000000000e+00 -1.334649905428922478e+00
2.000000000000000000e+00 -1.334649905428922478e+00
2.000000000000000000e+00 -1.334649905428922478e+00
2.000000000000000000e+00 -1.378627647449296445e+00
2.000000000000000000e+00 -1.378627647449296445e+00
2.000000000000000000e+00 -1.445354215211357207e+00
3.000000000000000000e+00 -4.671732047641223851e-01
3.000000000000000000e+00 -4.671732047641223851e-01
3.000000000000000000e+00 -4.671732047641223851e-01
3.000000000000000000e+00 -1.102632504152778248e+00
3.000000000000000000e+00 -1.102632504152778248e+00
3.000000000000000000e+00 -1.102632504152778248e+00
3.000000000000000000e+00 -1.102632504152778248e+00
3.000000000000000000e+00 -1.102632504152778248e+00
3.000000000000000000e+00 -1.102632504152778248e+00
3.000000000000000000e+00 -1.102632504152778248e+00
3.000000000000000000e+00 -1.102632504152778248e+00
3.000000000000000000e+00 -1.190316220039848494e+00
3.000000000000000000e+00 -1.190316220039848494e+00
3.000000000000000000e+00 -1.190316220039848494e+00
3.000000000000000000e+00 -1.341499541606102852e+00
3.000000000000000000e+00 -1.341499541606102852e+00
3.000000000000000000e+00 -1.341499541606102852e+00
3.000000000000000000e+00 -1.341499541606102852e+00
3.000000000000000000e+00 -1.365477983605503098e+00
3.000000000000000000e+00 -1.365477983605503098e+00
3.000000000000000000e+00 -1.365477983605503098e+00
3.000000000000000000e+00 -1.365477983605503098e+00
3.000000000000000000e+00 -1.365477983605503098e+00
3.000000000000000000e+00 -1.365477983605503098e+00
3.000000000000000000e+00 -1.365477983605503098e+00
3.000000000000000000e+00 -1.365477983605503098e+00
3.000000000000000000e+00 -1.365477983605503098e+00
3.000000000000000000e+00 -1.365477983605503098e+00
3.000000000000000000e+00 -1.365477983605503098e+00
3.000000000000000000e+00 -1.365477983605503098e+00
4.000000000000000000e+00 4.466094263440158474e-01
4.000000000000000000e+00 -3.564277463599624385e-01
4.000000000000000000e+00 -3.564277463599624385e-01
4.000000000000000000e+00 -1.570445209016589017e+00
4.000000000000000000e+00 -1.570445209016589017e+00
4.000000000000000000e+00 -1.570445209016589017e+00
4.000000000000000000e+00 -1.570445209016589017e+00
4.000000000000000000e+00 -1.570445209016589017e+00
4.000000000000000000e+00 -1.570445209016589017e+00
4.000000000000000000e+00 -1.570445209016589017e+00
4.000000000000000000e+00 -1.570445209016589017e+00
4.000000000000000000e+00 -1.570445209016589017e+00
4.000000000000000000e+00 -1.604462329205339488e+00
4.000000000000000000e+00 -1.678409046744752109e+00
4.000000000000000000e+00 -1.678409046744752109e+00
4.000000000000000000e+00 -1.705419723250347852e+00
4.000000000000000000e+00 -1.705419723250347852e+00
4.000000000000000000e+00 -1.705419723250347852e+00
4.000000000000000000e+00 -1.705419723250347852e+00
4.000000000000000000e+00 -1.771683548772684746e+00
4.000000000000000000e+00 -1.771683548772684746e+00
4.000000000000000000e+00 -1.771683548772684746e+00
4.000000000000000000e+00 -1.771683548772684746e+00
4.000000000000000000e+00 -1.788834036461286914e+00
4.000000000000000000e+00 -1.788834036461286914e+00
4.000000000000000000e+00 -1.788834036461286914e+00
4.000000000000000000e+00 -1.788834036461286914e+00
4.000000000000000000e+00 -1.788834036461286914e+00
4.000000000000000000e+00 -1.812491113063266157e+00
4.000000000000000000e+00 -1.812491113063266157e+00
