6.930271131569341242e-310 4.280222704263287593e-316
0.000000000000000000e+00 2.329043161790366412e+00
0.000000000000000000e+00 5.034844944581040593e-01
0.000000000000000000e+00 5.034844944581040593e-01
0.000000000000000000e+00 5.034844944581040593e-01
0.000000000000000000e+00 -2.030328377084270608e-01
0.000000000000000000e+00 -2.030328377084270608e-01
0.000000000000000000e+00 -2.030328377084270608e-01
0.000000000000000000e+00 -2.030328377084270608e-01
0.000000000000000000e+00 -2.030328377084270608e-01
0.000000000000000000e+00 -2.030328377084270608e-01
0.000000000000000000e+00 -2.030328377084270608e-01
0.000000000000000000e+00 -2.030328377084270608e-01
0.000000000000000000e+00 -2.030328377084270608e-01
0.000000000000000000e+00 -2.030328377084270608e-01
0.000000000000000000e+00 -2.030328377084270608e-01
0.000000000000000000e+00 -2.030328377084270608e-01
0.000000000000000000e+00 -9.735525953658283882e-01
0.000000000000000000e+00 -9.735525953658283882e-01
0.000000000000000000e+00 -9.735525953658283882e-01
0.000000000000000000e+00 -9.735525953658283882e-01
0.000000000000000000e+00 -9.735525953658283882e-01
0.000000000000000000e+00 -9.735525953658283882e-01
0.000000000000000000e+00 -9.735525953658283882e-01
0.000000000000000000e+00 -1.097290309256583107e+00
0.000000000000000000e+00 -1.097290309256583107e+00
0.000000000000000000e+00 -1.097290309256583107e+00
0.000000000000000000e+00 -1.097290309256583107e+00
0.000000000000000000e+00 -1.097290309256583107e+00
0.000000000000000000e+00 -1.122349306508559019e+00
0.000000000000000000e+00 -1.122349306508559019e+00
1.000000000000000000e+00 4.446908910214119048e-01
1.000000000000000000e+00 4.446908910214119048e-01
1.000000000000000000e+00 4.446908910214119048e-01
1.000000000000000000e+00 1.238390827226932556e-01
1.000000000000000000e+00 1.238390827226932556e-01
1.000000000000000000e+00 1.238390827226932556e-01
1.000000000000000000e+00 1.238390827226932556e-01
1.000000000000000000e+00 -9.608259545349677744e-01
1.000000000000000000e+00 -9.608259545349677744e-01
1.000000000000000000e+00 -9.608259545349677744e-01
1.000000000000000000e+00 -9.608259545349677744e-01
1.000000000000000000e+00 -9.608259545349677744e-01
1.000000000000000000e+00 -9.608259545349677744e-01
1.000000000000000000e+00 -9.608259545349677744e-01
1.000000000000000000e+00 -9.608259545349677744e-01
1.000000000000000000e+00 -9.608259545349677744e-01
1.000000000000000000e+00 -9.608259545349677744e-01
1.000000000000000000e+00 -9.608259545349677744e-01
1.000000000000000000e+00 -9.608259545349677744e-01
1.000000000000000000e+00 -1.004444335021357437e+00
1.000000000000000000e+00 -1.004444335021357437e+00
1.000000000000000000e+00 -1.004444335021357437e+00
1.000000000000000000e+00 -1.004444335021357437e+00
1.000000000000000000e+00 -1.004444335021357437e+00
1.000000000000000000e+00 -1.004444335021357437e+00
1.000000000000000000e+00 -1.004444335021357437e+00
1.000000000000000000e+00 -1.004444335021357437e+00
1.000000000000000000e+00 -1.004444335021357437e+00
1.000000000000000000e+00 -1.004444335021357437e+00
1.000000000000000000e+00 -1.004444335021357437e+00
2.000000000000000000e+00 1.689793254611754170e-01
2.000000000000000000e+00 1.689793254611754170e-01
2.000000000000000000e+00 1.689793254611754170e-01
2.000000000000000000e+00 1.689793254611754170e-01
2.000000000000000000e+00 1.689793254611754170e-01
2.000000000000000000e+00 -5.501639702173820312e-02
2.000000000000000000e+00 -6.908808259307949173e-01
2.000000000000000000e+00 -8.546803992440945574e-01
2.000000000000000000e+00 -8.546803992440945574e-01
2.000000000000000000e+00 -8.546803992440945574e-01
2.000000000000000000e+00 -8.546803992440945574e-01
2.000000000000000000e+00 -8.546803992440945574e-01
2.000000000000000000e+00 -8.546803992440945574e-01
2.000000000000000000e+00 -8.546803992440945574e-01
2.000000000000000000e+00 -8.546803992440945574e-01
2.000000000000000000e+00 -8.546803992440945574e-01
2.000000000000000000e+00 -8.546803992440945574e-01
2.000000000000000000e+00 -8.546803992440945574e-01
2.000000000000000000e+00 -8.546803992440945574e-01
2.000000000000000000e+00 -8.546803992440945574e-01
2.000000000000000000e+00 -8.729348351313064303e-01
2.000000000000000000e+00 -1.029751729592176757e+00
2.000000000000000000e+00 -1.029751729592176757e+00
2.000000000000000000e+00 -1.029751729592176757e+00
2.000000000000000000e+00 -1.029751729592176757e+00
2.000000000000000000e+00 -1.029751729592176757e+00
2.000000000000000000e+00 -1.029751729592176757e+00
2.000000000000000000e+00 -1.029751729592176757e+00
2.000000000000000000e+00 -1.029751729592176757e+00
2.000000000000000000e+00 -1.029751729592176757e+00
3.000000000000000000e+00 7.630372339050708885e-02
3.000000000000000000e+00 7.630372339050708885e-02
3.000000000000000000e+00 7.630372339050708885e-02
3.000000000000000000e+00 7.630372339050708885e-02
3.000000000000000000e+00 7.630372339050708885e-02
3.000000000000000000e+00 7.630372339050708885e-02
3.000000000000000000e+00 7.630372339050708885e-02
3.000000000000000000e+00 -3.092947666214029834e-01
3.000000000000000000e+00 -3.092947666214029834e-01
3.000000000000000000e+00 -7.305052899306276881e-01
3.000000000000000000e+00 -7.305052899306276881e-01
3.000000000000000000e+00 -7.305052899306276881e-01
3.000000000000000000e+00 -7.305052899306276881e-01
3.000000000000000000e+00 -7.305052899306276881e-01
3.000000000000000000e+00 -8.645540961991228235e-01
3.000000000000000000e+00 -1.010075508817460888e+00
3.000000000000000000e+00 -1.010075508817460888e+00
3.000000000000000000e+00 -1.010075508817460888e+00
3.000000000000000000e+00 -1.010075508817460888e+00
3.000000000000000000e+00 -1.010075508817460888e+00
3.000000000000000000e+00 -1.010075508817460888e+00
3.000000000000000000e+00 -1.010075508817460888e+00
3.000000000000000000e+00 -1.010075508817460888e+00
3.000000000000000000e+00 -1.010075508817460888e+00
3.000000000000000000e+00 -1.010075508817460888e+00
3.000000000000000000e+00 -1.058431228352819220e+00
3.000000000000000000e+00 -1.058431228352819220e+00
3.000000000000000000e+00 -1.058431228352819220e+00
3.000000000000000000e+00 -1.058431228352819220e+00
3.000000000000000000e+00 -1.058431228352819220e+00
4.000000000000000000e+00 1.472100891088042041e-02
4.000000000000000000e+00 1.472100891088042041e-02
4.000000000000000000e+00 1.472100891088042041e-02
4.000000000000000000e+00 1.472100891088042041e-02
4.000000000000000000e+00 -8.748960451597700416e-01
4.000000000000000000e+00 -8.748960451597700416e-01
4.000000000000000000e+00 -8.748960451597700416e-01
4.000000000000000000e+00 -8.748960451597700416e-01
4.000000000000000000e+00 -8.748960451597700416e-01
4.000000000000000000e+00 -8.748960451597700416e-01
4.000000000000000000e+00 -8.748960451597700416e-01
4.000000000000000000e+00 -8.748960451597700416e-01
4.000000000000000000e+00 -8.974316891379957584e-01
4.000000000000000000e+00 -8.974316891379957584e-01
4.000000000000000000e+00 -8.974316891379957584e-01
4.000000000000000000e+00 -9.659941382753288730e-01
4.000000000000000000e+00 -9.659941382753288730e-01
4.000000000000000000e+00 -1.019273212777663584e+00
4.000000000000000000e+00 -1.019273212777663584e+00
4.000000000000000000e+00 -1.019273212777663584e+00
4.000000000000000000e+00 -1.019273212777663584e+00
4.000000000000000000e+00 -1.019273212777663584e+00
4.000000000000000000e+00 -1.156519504408612065e+00
4.000000000000000000e+00 -1.156519504408612065e+00
4.000000000000000000e+00 -1.156519504408612065e+00
4.000000000000000000e+00 -1.156519504408612065e+00
4.000000000000000000e+00 -1.163707169451629664e+00
4.000000000000000000e+00 -1.163707169451629664e+00
4.000000000000000000e+00 -1.163707169451629664e+00
4.000000000000000000e+00 -1.163707169451629664e+00
5.000000000000000000e+00 2.514436726108420395e+00
5.000000000000000000e+00 2.514436726108420395e+00
5.000000000000000000e+00 7.601762709849154698e-01
5.000000000000000000e+00 6.355079949830297892e-01
5.000000000000000000e+00 2.960520184413725220e-01
5.000000000000000000e+00 -9.800553406721346228e-02
5.000000000000000000e+00 -9.800553406721346228e-02
5.000000000000000000e+00 -9.800553406721346228e-02
5.000000000000000000e+00 -9.800553406721346228e-02
5.000000000000000000e+00 -3.988230690931493516e-01
5.000000000000000000e+00 -3.988230690931493516e-01
5.000000000000000000e+00 -3.988230690931493516e-01
5.000000000000000000e+00 -3.988230690931493516e-01
5.000000000000000000e+00 -9.878659115112243816e-01
5.000000000000000000e+00 -9.878659115112243816e-01
5.000000000000000000e+00 -9.878659115112243816e-01
5.000000000000000000e+00 -9.878659115112243816e-01
5.000000000000000000e+00 -9.878659115112243816e-01
5.000000000000000000e+00 -9.878659115112243816e-01
5.000000000000000000e+00 -9.878659115112243816e-01
5.000000000000000000e+00 -9.878659115112243816e-01
5.000000000000000000e+00 -9.878659115112243816e-01
5.000000000000000000e+00 -1.136785390234176685e+00
5.000000000000000000e+00 -1.136785390234176685e+00
5.000000000000000000e+00 -1.136785390234176685e+00
5.000000000000000000e+00 -1.136785390234176685e+00
5.000000000000000000e+00 -1.136785390234176685e+00
5.000000000000000000e+00 -1.136785390234176685e+00
5.000000000000000000e+00 -1.136785390234176685e+00
5.000000000000000000e+00 -1.136785390234176685e+00
6.000000000000000000e+00 1.233964834474595929e+00
6.000000000000000000e+00 1.205329898079353423e+00
6.000000000000000000e+00 1.205329898079353423e+00
6.000000000000000000e+00 1.205329898079353423e+00
6.000000000000000000e+00 1.205329898079353423e+00
6.000000000000000000e+00 1.324075076291908459e-01
6.000000000000000000e+00 1.324075076291908459e-01
6.000000000000000000e+00 -2.800518395023248730e-01
6.000000000000000000e+00 -2.800518395023248730e-01
6.000000000000000000e+00 -4.850903595738046414e-01
6.000000000000000000e+00 -4.850903595738046414e-01
6.000000000000000000e+00 -4.850903595738046414e-01
6.000000000000000000e+00 -4.850903595738046414e-01
6.000000000000000000e+00 -4.850903595738046414e-01
6.000000000000000000e+00 -4.850903595738046414e-01
6.000000000000000000e+00 -4.850903595738046414e-01
6.000000000000000000e+00 -4.850903595738046414e-01
6.000000000000000000e+00 -4.850903595738046414e-01
6.000000000000000000e+00 -4.850903595738046414e-01
6.000000000000000000e+00 -6.930373086237225921e-01
6.000000000000000000e+00 -8.779207296184952103e-01
6.000000000000000000e+00 -8.779207296184952103e-01
6.000000000000000000e+00 -8.779207296184952103e-01
6.000000000000000000e+00 -9.569540569154072474e-01
6.000000000000000000e+00 -9.569540569154072474e-01
6.000000000000000000e+00 -9.569540569154072474e-01
6.000000000000000000e+00 -1.170774458594511014e+00
6.000000000000000000e+00 -1.170774458594511014e+00
6.000000000000000000e+00 -1.170774458594511014e+00
6.000000000000000000e+00 -1.170774458594511014e+00
7.000000000000000000e+00 4.961427685687551659e-01
7.000000000000000000e+00 4.961427685687551659e-01
7.000000000000000000e+00 4.961427685687551659e-01
7.000000000000000000e+00 4.961427685687551659e-01
7.000000000000000000e+00 -6.925072772855045411e-02
7.000000000000000000e+00 -6.925072772855045411e-02
7.000000000000000000e+00 -6.925072772855045411e-02
7.000000000000000000e+00 -6.925072772855045411e-02
7.000000000000000000e+00 -6.925072772855045411e-02
7.000000000000000000e+00 -6.925072772855045411e-02
7.000000000000000000e+00 -6.925072772855045411e-02
7.000000000000000000e+00 -6.925072772855045411e-02
7.000000000000000000e+00 -6.925072772855045411e-02
7.000000000000000000e+00 -6.925072772855045411e-02
7.000000000000000000e+00 -9.323999883146276701e-01
7.000000000000000000e+00 -9.323999883146276701e-01
7.000000000000000000e+00 -9.323999883146276701e-01
7.000000000000000000e+00 -9.323999883146276701e-01
7.000000000000000000e+00 -9.323999883146276701e-01
7.000000000000000000e+00 -1.019484961478922092e+00
7.000000000000000000e+00 -1.019484961478922092e+00
7.000000000000000000e+00 -1.019484961478922092e+00
7.000000000000000000e+00 -1.019484961478922092e+00
7.000000000000000000e+00 -1.019484961478922092e+00
7.000000000000000000e+00 -1.019484961478922092e+00
7.000000000000000000e+00 -1.019484961478922092e+00
7.000000000000000000e+00 -1.019484961478922092e+00
7.000000000000000000e+00 -1.019484961478922092e+00
7.000000000000000000e+00 -1.019484961478922092e+00
7.000000000000000000e+00 -1.019484961478922092e+00
8.000000000000000000e+00 -6.460417410657304238e-02
8.000000000000000000e+00 -6.460417410657304238e-02
8.000000000000000000e+00 -6.460417410657304238e-02
8.000000000000000000e+00 -6.460417410657304238e-02
8.000000000000000000e+00 -6.460417410657304238e-02
8.000000000000000000e+00 -6.460417410657304238e-02
8.000000000000000000e+00 -6.460417410657304238e-02
8.000000000000000000e+00 -6.460417410657304238e-02
8.000000000000000000e+00 -6.460417410657304238e-02
8.000000000000000000e+00 -4.273051311529115215e-01
8.000000000000000000e+00 -4.273051311529115215e-01
8.000000000000000000e+00 -6.960259237826333933e-01
8.000000000000000000e+00 -6.960259237826333933e-01
8.000000000000000000e+00 -6.960259237826333933e-01
8.000000000000000000e+00 -6.960259237826333933e-01
8.000000000000000000e+00 -6.960259237826333933e-01
8.000000000000000000e+00 -6.960259237826333933e-01
8.000000000000000000e+00 -7.904042041964618459e-01
8.000000000000000000e+00 -8.566245624711795736e-01
8.000000000000000000e+00 -9.189184563407730710e-01
8.000000000000000000e+00 -9.189184563407730710e-01
8.000000000000000000e+00 -9.189184563407730710e-01
8.000000000000000000e+00 -1.075255559198511568e+00
8.000000000000000000e+00 -1.075255559198511568e+00
8.000000000000000000e+00 -1.075255559198511568e+00
8.000000000000000000e+00 -1.075255559198511568e+00
8.000000000000000000e+00 -1.075255559198511568e+00
8.000000000000000000e+00 -1.075255559198511568e+00
8.000000000000000000e+00 -1.085057302360544984e+00
8.000000000000000000e+00 -1.085057302360544984e+00
9.000000000000000000e+00 2.250309794006422059e+00
9.000000000000000000e+00 8.966252944387951285e-01
9.000000000000000000e+00 8.966252944387951285e-01
9.000000000000000000e+00 -4.503232589776711564e-02
9.000000000000000000e+00 -4.503232589776711564e-02
9.000000000000000000e+00 -4.503232589776711564e-02
9.000000000000000000e+00 -6.923694404557961812e-01
9.000000000000000000e+00 -6.923694404557961812e-01
9.000000000000000000e+00 -6.923694404557961812e-01
9.000000000000000000e+00 -6.923694404557961812e-01
9.000000000000000000e+00 -6.923694404557961812e-01
9.000000000000000000e+00 -6.923694404557961812e-01
9.000000000000000000e+00 -6.923694404557961812e-01
9.000000000000000000e+00 -6.923694404557961812e-01
9.000000000000000000e+00 -8.311694354756390402e-01
9.000000000000000000e+00 -8.311694354756390402e-01
9.000000000000000000e+00 -8.311694354756390402e-01
9.000000000000000000e+00 -8.394241075882085124e-01
9.000000000000000000e+00 -8.394241075882085124e-01
9.000000000000000000e+00 -8.394241075882085124e-01
9.000000000000000000e+00 -9.813747699123138712e-01
9.000000000000000000e+00 -9.813747699123138712e-01
9.000000000000000000e+00 -9.813747699123138712e-01
9.000000000000000000e+00 -1.061578985167317191e+00
9.000000000000000000e+00 -1.061578985167317191e+00
9.000000000000000000e+00 -1.061578985167317191e+00
9.000000000000000000e+00 -1.061578985167317191e+00
9.000000000000000000e+00 -1.061578985167317191e+00
9.000000000000000000e+00 -1.061578985167317191e+00
9.000000000000000000e+00 -1.061578985167317191e+00
