6.930271131569341242e-310 1.169455834271833943e-315
0.000000000000000000e+00 4.315556590560849504e-01
0.000000000000000000e+00 1.309238124432152706e-01
0.000000000000000000e+00 1.309238124432152706e-01
0.000000000000000000e+00 1.309238124432152706e-01
0.000000000000000000e+00 3.867452381046455889e-02
0.000000000000000000e+00 3.867452381046455889e-02
0.000000000000000000e+00 3.867452381046455889e-02
0.000000000000000000e+00 3.867452381046455889e-02
0.000000000000000000e+00 3.867452381046455889e-02
0.000000000000000000e+00 3.867452381046455889e-02
0.000000000000000000e+00 3.824169040775195205e-02
0.000000000000000000e+00 3.824169040775195205e-02
0.000000000000000000e+00 3.824169040775195205e-02
0.000000000000000000e+00 3.824169040775195205e-02
0.000000000000000000e+00 3.824169040775195205e-02
0.000000000000000000e+00 3.824169040775195205e-02
0.000000000000000000e+00 3.824169040775195205e-02
0.000000000000000000e+00 3.824169040775195205e-02
0.000000000000000000e+00 3.824169040775195205e-02
0.000000000000000000e+00 3.824169040775195205e-02
0.000000000000000000e+00 3.824169040775195205e-02
0.000000000000000000e+00 3.824169040775195205e-02
0.000000000000000000e+00 3.824169040775195205e-02
0.000000000000000000e+00 3.824169040775195205e-02
0.000000000000000000e+00 -1.536603491405984512e-01
0.000000000000000000e+00 -1.536603491405984512e-01
0.000000000000000000e+00 -1.536603491405984512e-01
0.000000000000000000e+00 -1.536603491405984512e-01
0.000000000000000000e+00 -1.536603491405984512e-01
0.000000000000000000e+00 -1.536603491405984512e-01
1.000000000000000000e+00 3.215975666021789192e-01
1.000000000000000000e+00 3.215975666021789192e-01
1.000000000000000000e+00 3.215975666021789192e-01
1.000000000000000000e+00 3.215975666021789192e-01
1.000000000000000000e+00 3.215975666021789192e-01
1.000000000000000000e+00 1.850807775299546931e-01
1.000000000000000000e+00 1.850807775299546931e-01
1.000000000000000000e+00 1.850807775299546931e-01
1.000000000000000000e+00 1.850807775299546931e-01
1.000000000000000000e+00 1.166855824287874460e-01
1.000000000000000000e+00 1.166855824287874460e-01
1.000000000000000000e+00 9.823831169419733333e-03
1.000000000000000000e+00 -3.039361581763773412e-02
1.000000000000000000e+00 -3.039361581763773412e-02
1.000000000000000000e+00 -3.039361581763773412e-02
1.000000000000000000e+00 -6.415779736336077455e-02
1.000000000000000000e+00 -9.185777590535157411e-02
1.000000000000000000e+00 -9.185777590535157411e-02
1.000000000000000000e+00 -9.185777590535157411e-02
1.000000000000000000e+00 -9.185777590535157411e-02
1.000000000000000000e+00 -9.185777590535157411e-02
1.000000000000000000e+00 -1.764447745834446524e-01
1.000000000000000000e+00 -2.191729087852608560e-01
1.000000000000000000e+00 -2.191729087852608560e-01
1.000000000000000000e+00 -2.191729087852608560e-01
1.000000000000000000e+00 -2.191729087852608560e-01
1.000000000000000000e+00 -2.191729087852608560e-01
1.000000000000000000e+00 -2.191729087852608560e-01
1.000000000000000000e+00 -2.191729087852608560e-01
1.000000000000000000e+00 -2.191729087852608560e-01
2.000000000000000000e+00 2.500308020888003524e-01
2.000000000000000000e+00 2.500308020888003524e-01
2.000000000000000000e+00 1.811396903045732476e-02
2.000000000000000000e+00 1.811396903045732476e-02
2.000000000000000000e+00 1.811396903045732476e-02
2.000000000000000000e+00 1.811396903045732476e-02
2.000000000000000000e+00 1.811396903045732476e-02
2.000000000000000000e+00 1.811396903045732476e-02
2.000000000000000000e+00 1.811396903045732476e-02
2.000000000000000000e+00 1.811396903045732476e-02
2.000000000000000000e+00 1.811396903045732476e-02
2.000000000000000000e+00 1.811396903045732476e-02
2.000000000000000000e+00 1.811396903045732476e-02
2.000000000000000000e+00 1.811396903045732476e-02
2.000000000000000000e+00 1.811396903045732476e-02
2.000000000000000000e+00 1.811396903045732476e-02
2.000000000000000000e+00 1.811396903045732476e-02
2.000000000000000000e+00 1.811396903045732476e-02
2.000000000000000000e+00 -1.228856063608889521e-01
2.000000000000000000e+00 -1.228856063608889521e-01
2.000000000000000000e+00 -1.228856063608889521e-01
2.000000000000000000e+00 -1.228856063608889521e-01
2.000000000000000000e+00 -1.228856063608889521e-01
2.000000000000000000e+00 -1.228856063608889521e-01
2.000000000000000000e+00 -1.228856063608889521e-01
2.000000000000000000e+00 -1.228856063608889521e-01
2.000000000000000000e+00 -1.228856063608889521e-01
2.000000000000000000e+00 -1.228856063608889521e-01
2.000000000000000000e+00 -1.228856063608889521e-01
2.000000000000000000e+00 -1.228856063608889521e-01
3.000000000000000000e+00 8.858124203443427103e-01
3.000000000000000000e+00 1.048245003463224578e-01
3.000000000000000000e+00 1.048245003463224578e-01
3.000000000000000000e+00 1.959251006765125314e-02
3.000000000000000000e+00 1.959251006765125314e-02
3.000000000000000000e+00 1.959251006765125314e-02
3.000000000000000000e+00 1.959251006765125314e-02
3.000000000000000000e+00 1.959251006765125314e-02
3.000000000000000000e+00 1.959251006765125314e-02
3.000000000000000000e+00 1.959251006765125314e-02
3.000000000000000000e+00 1.569822881079929733e-03
3.000000000000000000e+00 1.569822881079929733e-03
3.000000000000000000e+00 1.569822881079929733e-03
3.000000000000000000e+00 1.569822881079929733e-03
3.000000000000000000e+00 1.569822881079929733e-03
3.000000000000000000e+00 1.569822881079929733e-03
3.000000000000000000e+00 1.569822881079929733e-03
3.000000000000000000e+00 1.569822881079929733e-03
3.000000000000000000e+00 1.569822881079929733e-03
3.000000000000000000e+00 -1.246193346481694192e-01
3.000000000000000000e+00 -1.246193346481694192e-01
3.000000000000000000e+00 -2.365698402361834929e-01
3.000000000000000000e+00 -2.365698402361834929e-01
3.000000000000000000e+00 -2.365698402361834929e-01
3.000000000000000000e+00 -2.365698402361834929e-01
3.000000000000000000e+00 -2.365698402361834929e-01
3.000000000000000000e+00 -2.365698402361834929e-01
3.000000000000000000e+00 -2.365698402361834929e-01
3.000000000000000000e+00 -2.365698402361834929e-01
3.000000000000000000e+00 -2.365698402361834929e-01
4.000000000000000000e+00 3.316233373581200516e-01
4.000000000000000000e+00 3.316233373581200516e-01
4.000000000000000000e+00 -3.960748787297152518e-02
4.000000000000000000e+00 -3.960748787297152518e-02
4.000000000000000000e+00 -3.960748787297152518e-02
4.000000000000000000e+00 -3.960748787297152518e-02
4.000000000000000000e+00 -3.960748787297152518e-02
4.000000000000000000e+00 -3.960748787297152518e-02
4.000000000000000000e+00 -3.960748787297152518e-02
4.000000000000000000e+00 -3.960748787297152518e-02
4.000000000000000000e+00 -3.960748787297152518e-02
4.000000000000000000e+00 -3.960748787297152518e-02
4.000000000000000000e+00 -3.960748787297152518e-02
4.000000000000000000e+00 -3.960748787297152518e-02
4.000000000000000000e+00 -6.318121085068313658e-02
4.000000000000000000e+00 -6.318121085068313658e-02
4.000000000000000000e+00 -6.318121085068313658e-02
4.000000000000000000e+00 -6.318121085068313658e-02
4.000000000000000000e+00 -6.318121085068313658e-02
4.000000000000000000e+00 -6.318121085068313658e-02
4.000000000000000000e+00 -6.318121085068313658e-02
4.000000000000000000e+00 -6.318121085068313658e-02
4.000000000000000000e+00 -6.318121085068313658e-02
4.000000000000000000e+00 -6.318121085068313658e-02
4.000000000000000000e+00 -6.318121085068313658e-02
4.000000000000000000e+00 -1.142640606669644288e-01
4.000000000000000000e+00 -1.142640606669644288e-01
4.000000000000000000e+00 -1.142640606669644288e-01
4.000000000000000000e+00 -1.240699002068228890e-01
4.000000000000000000e+00 -1.240699002068228890e-01
5.000000000000000000e+00 7.103079142632543475e-01
5.000000000000000000e+00 2.512850614549289041e-01
5.000000000000000000e+00 2.512850614549289041e-01
5.000000000000000000e+00 1.888537761481331734e-01
5.000000000000000000e+00 1.888537761481331734e-01
5.000000000000000000e+00 7.745215882362377346e-02
5.000000000000000000e+00 7.745215882362377346e-02
5.000000000000000000e+00 7.745215882362377346e-02
5.000000000000000000e+00 7.745215882362377346e-02
5.000000000000000000e+00 7.745215882362377346e-02
5.000000000000000000e+00 -1.762448974893688139e-02
5.000000000000000000e+00 -1.762448974893688139e-02
5.000000000000000000e+00 -1.762448974893688139e-02
5.000000000000000000e+00 -1.762448974893688139e-02
5.000000000000000000e+00 -1.762448974893688139e-02
5.000000000000000000e+00 -1.762448974893688139e-02
5.000000000000000000e+00 -1.762448974893688139e-02
5.000000000000000000e+00 -1.762448974893688139e-02
5.000000000000000000e+00 -3.208341059144634300e-02
5.000000000000000000e+00 -3.208341059144634300e-02
5.000000000000000000e+00 -3.208341059144634300e-02
5.000000000000000000e+00 -2.525365313251932142e-01
5.000000000000000000e+00 -2.525365313251932142e-01
5.000000000000000000e+00 -2.525365313251932142e-01
5.000000000000000000e+00 -2.525365313251932142e-01
5.000000000000000000e+00 -2.525365313251932142e-01
5.000000000000000000e+00 -2.525365313251932142e-01
5.000000000000000000e+00 -2.525365313251932142e-01
5.000000000000000000e+00 -2.525365313251932142e-01
5.000000000000000000e+00 -2.525365313251932142e-01
6.000000000000000000e+00 5.063036208341238353e-01
6.000000000000000000e+00 4.252623219821445866e-01
6.000000000000000000e+00 4.252623219821445866e-01
6.000000000000000000e+00 4.252623219821445866e-01
6.000000000000000000e+00 4.252623219821445866e-01
6.000000000000000000e+00 2.158719717229951873e-01
6.000000000000000000e+00 2.158719717229951873e-01
6.000000000000000000e+00 2.158719717229951873e-01
6.000000000000000000e+00 -9.137831853433155127e-02
6.000000000000000000e+00 -9.137831853433155127e-02
6.000000000000000000e+00 -9.137831853433155127e-02
6.000000000000000000e+00 -9.137831853433155127e-02
6.000000000000000000e+00 -9.137831853433155127e-02
6.000000000000000000e+00 -9.137831853433155127e-02
6.000000000000000000e+00 -9.137831853433155127e-02
6.000000000000000000e+00 -9.137831853433155127e-02
6.000000000000000000e+00 -9.137831853433155127e-02
6.000000000000000000e+00 -9.137831853433155127e-02
6.000000000000000000e+00 -9.985609300385495102e-02
6.000000000000000000e+00 -9.985609300385495102e-02
6.000000000000000000e+00 -9.985609300385495102e-02
6.000000000000000000e+00 -9.985609300385495102e-02
6.000000000000000000e+00 -9.985609300385495102e-02
6.000000000000000000e+00 -1.383867600756103211e-01
6.000000000000000000e+00 -1.383867600756103211e-01
6.000000000000000000e+00 -1.383867600756103211e-01
6.000000000000000000e+00 -1.383867600756103211e-01
6.000000000000000000e+00 -1.383867600756103211e-01
6.000000000000000000e+00 -1.383867600756103211e-01
6.000000000000000000e+00 -1.383867600756103211e-01
7.000000000000000000e+00 5.204524255584879189e-01
7.000000000000000000e+00 5.204524255584879189e-01
7.000000000000000000e+00 2.926431732563875010e-01
7.000000000000000000e+00 2.926431732563875010e-01
7.000000000000000000e+00 2.926431732563875010e-01
7.000000000000000000e+00 2.223146331344614257e-01
7.000000000000000000e+00 2.223146331344614257e-01
7.000000000000000000e+00 2.223146331344614257e-01
7.000000000000000000e+00 2.223146331344614257e-01
7.000000000000000000e+00 2.223146331344614257e-01
7.000000000000000000e+00 2.223146331344614257e-01
7.000000000000000000e+00 1.310697317496711811e-02
7.000000000000000000e+00 1.310697317496711811e-02
7.000000000000000000e+00 1.310697317496711811e-02
7.000000000000000000e+00 1.310697317496711811e-02
7.000000000000000000e+00 -1.605617650675654484e-02
7.000000000000000000e+00 -1.605617650675654484e-02
7.000000000000000000e+00 -1.605617650675654484e-02
7.000000000000000000e+00 -9.236094572099151634e-02
7.000000000000000000e+00 -9.236094572099151634e-02
7.000000000000000000e+00 -9.236094572099151634e-02
7.000000000000000000e+00 -9.236094572099151634e-02
7.000000000000000000e+00 -1.387663780990498752e-01
7.000000000000000000e+00 -1.387663780990498752e-01
7.000000000000000000e+00 -1.912474519292517439e-01
7.000000000000000000e+00 -1.912474519292517439e-01
7.000000000000000000e+00 -1.912474519292517439e-01
7.000000000000000000e+00 -1.912474519292517439e-01
7.000000000000000000e+00 -1.912474519292517439e-01
7.000000000000000000e+00 -1.912474519292517439e-01
8.000000000000000000e+00 5.595505399813035519e-01
8.000000000000000000e+00 2.189397570160532269e-01
8.000000000000000000e+00 2.189397570160532269e-01
8.000000000000000000e+00 2.189397570160532269e-01
8.000000000000000000e+00 2.189397570160532269e-01
8.000000000000000000e+00 2.189397570160532269e-01
8.000000000000000000e+00 2.189397570160532269e-01
8.000000000000000000e+00 1.812831033497263045e-01
8.000000000000000000e+00 1.812831033497263045e-01
8.000000000000000000e+00 1.812831033497263045e-01
8.000000000000000000e+00 -6.735505517167531160e-03
8.000000000000000000e+00 -5.917468649647068119e-02
8.000000000000000000e+00 -5.917468649647068119e-02
8.000000000000000000e+00 -5.917468649647068119e-02
8.000000000000000000e+00 -5.917468649647068119e-02
8.000000000000000000e+00 -1.122269554452248602e-01
8.000000000000000000e+00 -1.122269554452248602e-01
8.000000000000000000e+00 -1.122269554452248602e-01
8.000000000000000000e+00 -1.122269554452248602e-01
8.000000000000000000e+00 -1.122269554452248602e-01
8.000000000000000000e+00 -1.122269554452248602e-01
8.000000000000000000e+00 -1.122269554452248602e-01
8.000000000000000000e+00 -1.122269554452248602e-01
8.000000000000000000e+00 -1.122269554452248602e-01
8.000000000000000000e+00 -1.122269554452248602e-01
8.000000000000000000e+00 -1.122269554452248602e-01
8.000000000000000000e+00 -1.122269554452248602e-01
8.000000000000000000e+00 -2.444915730549472588e-01
8.000000000000000000e+00 -2.444915730549472588e-01
8.000000000000000000e+00 -2.444915730549472588e-01
9.000000000000000000e+00 9.668981048896061470e-01
9.000000000000000000e+00 3.103574584211444831e-01
9.000000000000000000e+00 3.103574584211444831e-01
9.000000000000000000e+00 3.103574584211444831e-01
9.000000000000000000e+00 3.103574584211444831e-01
9.000000000000000000e+00 3.103574584211444831e-01
9.000000000000000000e+00 3.103574584211444831e-01
9.000000000000000000e+00 1.060560872751089984e-01
9.000000000000000000e+00 1.060560872751089984e-01
9.000000000000000000e+00 1.060560872751089984e-01
9.000000000000000000e+00 1.060560872751089984e-01
9.000000000000000000e+00 8.351902737014924027e-02
9.000000000000000000e+00 8.351902737014924027e-02
9.000000000000000000e+00 8.351902737014924027e-02
9.000000000000000000e+00 8.351902737014924027e-02
9.000000000000000000e+00 3.204986261430569500e-02
9.000000000000000000e+00 3.204986261430569500e-02
9.000000000000000000e+00 3.204986261430569500e-02
9.000000000000000000e+00 -8.299580964740480016e-02
9.000000000000000000e+00 -8.299580964740480016e-02
9.000000000000000000e+00 -8.299580964740480016e-02
9.000000000000000000e+00 -8.299580964740480016e-02
9.000000000000000000e+00 -1.200077323060605716e-01
9.000000000000000000e+00 -1.200077323060605716e-01
9.000000000000000000e+00 -1.200077323060605716e-01
9.000000000000000000e+00 -1.200077323060605716e-01
9.000000000000000000e+00 -1.200077323060605716e-01
9.000000000000000000e+00 -1.200077323060605716e-01
9.000000000000000000e+00 -1.200077323060605716e-01
9.000000000000000000e+00 -1.200077323060605716e-01
