6.950065557107464886e-310 4.178596958186393236e-316
0.000000000000000000e+00 6.046576963456138376e-01
0.000000000000000000e+00 1.477009141860644581e-01
0.000000000000000000e+00 -7.752629853182133601e-01
0.000000000000000000e+00 -7.752629853182133601e-01
0.000000000000000000e+00 -7.752629853182133601e-01
0.000000000000000000e+00 -7.752629853182133601e-01
0.000000000000000000e+00 -7.752629853182133601e-01
0.000000000000000000e+00 -7.752629853182133601e-01
0.000000000000000000e+00 -7.752629853182133601e-01
0.000000000000000000e+00 -7.957550452412627262e-01
0.000000000000000000e+00 -7.957550452412627262e-01
0.000000000000000000e+00 -7.957550452412627262e-01
0.000000000000000000e+00 -7.957550452412627262e-01
0.000000000000000000e+00 -1.122408297025624391e+00
0.000000000000000000e+00 -1.122408297025624391e+00
0.000000000000000000e+00 -1.122408297025624391e+00
0.000000000000000000e+00 -1.125250484891663794e+00
0.000000000000000000e+00 -1.125250484891663794e+00
0.000000000000000000e+00 -1.140231760374220915e+00
0.000000000000000000e+00 -1.204329207478574970e+00
0.000000000000000000e+00 -1.204329207478574970e+00
0.000000000000000000e+00 -1.204329207478574970e+00
0.000000000000000000e+00 -1.291905125028128820e+00
0.000000000000000000e+00 -1.291905125028128820e+00
0.000000000000000000e+00 -1.291905125028128820e+00
0.000000000000000000e+00 -1.291905125028128820e+00
0.000000000000000000e+00 -1.291905125028128820e+00
0.000000000000000000e+00 -1.332262958347607107e+00
0.000000000000000000e+00 -1.332262958347607107e+00
0.000000000000000000e+00 -1.332262958347607107e+00
1.000000000000000000e+00 -5.989644323185646657e-01
1.000000000000000000e+00 -1.055753882588027492e+00
1.000000000000000000e+00 -1.055753882588027492e+00
1.000000000000000000e+00 -1.055753882588027492e+00
1.000000000000000000e+00 -1.055753882588027492e+00
1.000000000000000000e+00 -1.055753882588027492e+00
1.000000000000000000e+00 -1.055753882588027492e+00
1.000000000000000000e+00 -1.055753882588027492e+00
1.000000000000000000e+00 -1.055753882588027492e+00
1.000000000000000000e+00 -1.055753882588027492e+00
1.000000000000000000e+00 -1.162952047484569373e+00
1.000000000000000000e+00 -1.162952047484569373e+00
1.000000000000000000e+00 -1.162952047484569373e+00
1.000000000000000000e+00 -1.162952047484569373e+00
1.000000000000000000e+00 -1.162952047484569373e+00
1.000000000000000000e+00 -1.162952047484569373e+00
1.000000000000000000e+00 -1.162952047484569373e+00
1.000000000000000000e+00 -1.162952047484569373e+00
1.000000000000000000e+00 -1.162952047484569373e+00
1.000000000000000000e+00 -1.162952047484569373e+00
1.000000000000000000e+00 -1.162952047484569373e+00
1.000000000000000000e+00 -1.162952047484569373e+00
1.000000000000000000e+00 -1.162952047484569373e+00
1.000000000000000000e+00 -1.162952047484569373e+00
1.000000000000000000e+00 -1.162952047484569373e+00
1.000000000000000000e+00 -1.162952047484569373e+00
1.000000000000000000e+00 -1.162952047484569373e+00
1.000000000000000000e+00 -1.162952047484569373e+00
1.000000000000000000e+00 -1.162952047484569373e+00
1.000000000000000000e+00 -1.219210842636087255e+00
2.000000000000000000e+00 -7.490928444145266152e-01
2.000000000000000000e+00 -7.490928444145266152e-01
2.000000000000000000e+00 -7.490928444145266152e-01
2.000000000000000000e+00 -7.490928444145266152e-01
2.000000000000000000e+00 -7.490928444145266152e-01
2.000000000000000000e+00 -7.490928444145266152e-01
2.000000000000000000e+00 -1.028863000998449850e+00
2.000000000000000000e+00 -1.028863000998449850e+00
2.000000000000000000e+00 -1.028863000998449850e+00
2.000000000000000000e+00 -1.028863000998449850e+00
2.000000000000000000e+00 -1.028863000998449850e+00
2.000000000000000000e+00 -1.028863000998449850e+00
2.000000000000000000e+00 -1.028863000998449850e+00
2.000000000000000000e+00 -1.183145313944485189e+00
2.000000000000000000e+00 -1.183145313944485189e+00
2.000000000000000000e+00 -1.183145313944485189e+00
2.000000000000000000e+00 -1.183145313944485189e+00
2.000000000000000000e+00 -1.183145313944485189e+00
2.000000000000000000e+00 -1.183145313944485189e+00
2.000000000000000000e+00 -1.183145313944485189e+00
2.000000000000000000e+00 -1.183145313944485189e+00
2.000000000000000000e+00 -1.562636588789050318e+00
2.000000000000000000e+00 -1.562636588789050318e+00
2.000000000000000000e+00 -1.562636588789050318e+00
2.000000000000000000e+00 -1.562636588789050318e+00
2.000000000000000000e+00 -1.577175223885785016e+00
2.000000000000000000e+00 -1.577175223885785016e+00
2.000000000000000000e+00 -1.577175223885785016e+00
2.000000000000000000e+00 -1.577175223885785016e+00
2.000000000000000000e+00 -1.577175223885785016e+00
3.000000000000000000e+00 -2.735039894187322740e-01
3.000000000000000000e+00 -2.735039894187322740e-01
3.000000000000000000e+00 -2.735039894187322740e-01
3.000000000000000000e+00 -6.656143862062016137e-01
3.000000000000000000e+00 -6.656143862062016137e-01
3.000000000000000000e+00 -6.656143862062016137e-01
3.000000000000000000e+00 -6.656143862062016137e-01
3.000000000000000000e+00 -6.656143862062016137e-01
3.000000000000000000e+00 -1.247417103081083445e+00
3.000000000000000000e+00 -1.247417103081083445e+00
3.000000000000000000e+00 -1.673914236726959714e+00
3.000000000000000000e+00 -1.673914236726959714e+00
3.000000000000000000e+00 -1.673914236726959714e+00
3.000000000000000000e+00 -1.673914236726959714e+00
3.000000000000000000e+00 -1.673914236726959714e+00
3.000000000000000000e+00 -1.673914236726959714e+00
3.000000000000000000e+00 -1.673914236726959714e+00
3.000000000000000000e+00 -1.673914236726959714e+00
3.000000000000000000e+00 -1.673914236726959714e+00
3.000000000000000000e+00 -1.673914236726959714e+00
3.000000000000000000e+00 -1.673914236726959714e+00
3.000000000000000000e+00 -1.673914236726959714e+00
3.000000000000000000e+00 -1.673914236726959714e+00
3.000000000000000000e+00 -1.673914236726959714e+00
3.000000000000000000e+00 -1.673914236726959714e+00
3.000000000000000000e+00 -1.673914236726959714e+00
3.000000000000000000e+00 -1.673914236726959714e+00
3.000000000000000000e+00 -1.673914236726959714e+00
3.000000000000000000e+00 -1.673914236726959714e+00
3.000000000000000000e+00 -1.722592388947039588e+00
4.000000000000000000e+00 -7.934806122542532592e-01
4.000000000000000000e+00 -7.934806122542532592e-01
4.000000000000000000e+00 -9.988381083676053374e-01
4.000000000000000000e+00 -9.988381083676053374e-01
4.000000000000000000e+00 -9.988381083676053374e-01
4.000000000000000000e+00 -9.988381083676053374e-01
4.000000000000000000e+00 -9.988381083676053374e-01
4.000000000000000000e+00 -9.988381083676053374e-01
4.000000000000000000e+00 -1.421423881890508945e+00
4.000000000000000000e+00 -1.421423881890508945e+00
4.000000000000000000e+00 -1.421423881890508945e+00
4.000000000000000000e+00 -1.421423881890508945e+00
4.000000000000000000e+00 -1.421423881890508945e+00
4.000000000000000000e+00 -1.421423881890508945e+00
4.000000000000000000e+00 -1.421423881890508945e+00
4.000000000000000000e+00 -1.421423881890508945e+00
4.000000000000000000e+00 -1.421423881890508945e+00
4.000000000000000000e+00 -1.421423881890508945e+00
4.000000000000000000e+00 -1.421423881890508945e+00
4.000000000000000000e+00 -1.421423881890508945e+00
4.000000000000000000e+00 -1.421423881890508945e+00
4.000000000000000000e+00 -1.421423881890508945e+00
4.000000000000000000e+00 -1.421423881890508945e+00
4.000000000000000000e+00 -1.421423881890508945e+00
4.000000000000000000e+00 -1.421423881890508945e+00
4.000000000000000000e+00 -1.421423881890508945e+00
4.000000000000000000e+00 -1.421423881890508945e+00
4.000000000000000000e+00 -1.421423881890508945e+00
4.000000000000000000e+00 -1.421423881890508945e+00
4.000000000000000000e+00 -1.421423881890508945e+00
5.000000000000000000e+00 -3.986931030570177725e-01
5.000000000000000000e+00 -4.285782013731865847e-01
5.000000000000000000e+00 -4.285782013731865847e-01
5.000000000000000000e+00 -4.285782013731865847e-01
5.000000000000000000e+00 -4.285782013731865847e-01
5.000000000000000000e+00 -8.473283217739400186e-01
5.000000000000000000e+00 -8.473283217739400186e-01
5.000000000000000000e+00 -8.473283217739400186e-01
5.000000000000000000e+00 -8.473283217739400186e-01
5.000000000000000000e+00 -8.473283217739400186e-01
5.000000000000000000e+00 -8.473283217739400186e-01
5.000000000000000000e+00 -9.545680954519029093e-01
5.000000000000000000e+00 -9.545680954519029093e-01
5.000000000000000000e+00 -1.593250735273260998e+00
5.000000000000000000e+00 -1.593250735273260998e+00
5.000000000000000000e+00 -1.593250735273260998e+00
5.000000000000000000e+00 -1.593250735273260998e+00
5.000000000000000000e+00 -1.593250735273260998e+00
5.000000000000000000e+00 -1.654860624754144194e+00
5.000000000000000000e+00 -1.654860624754144194e+00
5.000000000000000000e+00 -1.654860624754144194e+00
5.000000000000000000e+00 -1.654860624754144194e+00
5.000000000000000000e+00 -1.654860624754144194e+00
5.000000000000000000e+00 -1.654860624754144194e+00
5.000000000000000000e+00 -1.654860624754144194e+00
5.000000000000000000e+00 -1.654860624754144194e+00
5.000000000000000000e+00 -1.654860624754144194e+00
5.000000000000000000e+00 -1.654860624754144194e+00
5.000000000000000000e+00 -1.654860624754144194e+00
5.000000000000000000e+00 -1.656985199754847038e+00
6.000000000000000000e+00 -1.572082412385308992e+00
6.000000000000000000e+00 -1.572082412385308992e+00
6.000000000000000000e+00 -1.572082412385308992e+00
6.000000000000000000e+00 -1.572082412385308992e+00
6.000000000000000000e+00 -1.572082412385308992e+00
6.000000000000000000e+00 -1.572082412385308992e+00
6.000000000000000000e+00 -1.572082412385308992e+00
6.000000000000000000e+00 -1.572082412385308992e+00
6.000000000000000000e+00 -1.572082412385308992e+00
6.000000000000000000e+00 -1.572082412385308992e+00
6.000000000000000000e+00 -1.572082412385308992e+00
6.000000000000000000e+00 -1.572082412385308992e+00
6.000000000000000000e+00 -1.572082412385308992e+00
6.000000000000000000e+00 -1.572082412385308992e+00
6.000000000000000000e+00 -1.572082412385308992e+00
6.000000000000000000e+00 -1.572082412385308992e+00
6.000000000000000000e+00 -1.572082412385308992e+00
6.000000000000000000e+00 -1.620808353643057753e+00
6.000000000000000000e+00 -1.620808353643057753e+00
6.000000000000000000e+00 -1.781147233704702515e+00
6.000000000000000000e+00 -1.781147233704702515e+00
6.000000000000000000e+00 -1.781147233704702515e+00
6.000000000000000000e+00 -1.781147233704702515e+00
6.000000000000000000e+00 -1.781147233704702515e+00
6.000000000000000000e+00 -1.781147233704702515e+00
6.000000000000000000e+00 -1.781147233704702515e+00
6.000000000000000000e+00 -1.781147233704702515e+00
6.000000000000000000e+00 -1.781147233704702515e+00
6.000000000000000000e+00 -1.781147233704702515e+00
6.000000000000000000e+00 -1.781147233704702515e+00
7.000000000000000000e+00 -7.513558619656830473e-01
7.000000000000000000e+00 -1.334238331060217497e+00
7.000000000000000000e+00 -1.334238331060217497e+00
7.000000000000000000e+00 -1.334238331060217497e+00
7.000000000000000000e+00 -1.334238331060217497e+00
7.000000000000000000e+00 -1.334238331060217497e+00
7.000000000000000000e+00 -1.334238331060217497e+00
7.000000000000000000e+00 -1.334238331060217497e+00
7.000000000000000000e+00 -1.334238331060217497e+00
7.000000000000000000e+00 -1.334238331060217497e+00
7.000000000000000000e+00 -1.334238331060217497e+00
7.000000000000000000e+00 -1.334238331060217497e+00
7.000000000000000000e+00 -1.334238331060217497e+00
7.000000000000000000e+00 -1.334238331060217497e+00
7.000000000000000000e+00 -1.334238331060217497e+00
7.000000000000000000e+00 -1.564102970759407407e+00
7.000000000000000000e+00 -1.564102970759407407e+00
7.000000000000000000e+00 -1.564102970759407407e+00
7.000000000000000000e+00 -1.564102970759407407e+00
7.000000000000000000e+00 -1.564102970759407407e+00
7.000000000000000000e+00 -1.564102970759407407e+00
7.000000000000000000e+00 -1.564102970759407407e+00
7.000000000000000000e+00 -1.630451159842092324e+00
7.000000000000000000e+00 -1.630451159842092324e+00
7.000000000000000000e+00 -1.630451159842092324e+00
7.000000000000000000e+00 -1.634357743524878614e+00
7.000000000000000000e+00 -1.714387271704331361e+00
7.000000000000000000e+00 -1.714387271704331361e+00
7.000000000000000000e+00 -1.714387271704331361e+00
7.000000000000000000e+00 -1.714387271704331361e+00
8.000000000000000000e+00 -1.083685813428183264e+00
8.000000000000000000e+00 -1.083685813428183264e+00
8.000000000000000000e+00 -1.083685813428183264e+00
8.000000000000000000e+00 -1.083685813428183264e+00
8.000000000000000000e+00 -1.083685813428183264e+00
8.000000000000000000e+00 -1.083685813428183264e+00
8.000000000000000000e+00 -1.083685813428183264e+00
8.000000000000000000e+00 -1.089550852271928605e+00
8.000000000000000000e+00 -1.089550852271928605e+00
8.000000000000000000e+00 -1.089550852271928605e+00
8.000000000000000000e+00 -1.089550852271928605e+00
8.000000000000000000e+00 -1.089550852271928605e+00
8.000000000000000000e+00 -1.089550852271928605e+00
8.000000000000000000e+00 -1.089550852271928605e+00
8.000000000000000000e+00 -1.610307124020895264e+00
8.000000000000000000e+00 -1.610307124020895264e+00
8.000000000000000000e+00 -1.610307124020895264e+00
8.000000000000000000e+00 -1.610307124020895264e+00
8.000000000000000000e+00 -1.610307124020895264e+00
8.000000000000000000e+00 -1.610307124020895264e+00
8.000000000000000000e+00 -1.610307124020895264e+00
8.000000000000000000e+00 -1.688528873579937528e+00
8.000000000000000000e+00 -1.688528873579937528e+00
8.000000000000000000e+00 -1.688528873579937528e+00
8.000000000000000000e+00 -1.763855739827352664e+00
8.000000000000000000e+00 -1.763855739827352664e+00
8.000000000000000000e+00 -1.763855739827352664e+00
8.000000000000000000e+00 -1.763855739827352664e+00
8.000000000000000000e+00 -1.763855739827352664e+00
8.000000000000000000e+00 -1.763855739827352664e+00
9.000000000000000000e+00 4.580245714190339101e-01
9.000000000000000000e+00 4.572316283624279776e-01
9.000000000000000000e+00 -7.687439200864033539e-01
9.000000000000000000e+00 -9.101012999587348995e-01
9.000000000000000000e+00 -9.101012999587348995e-01
9.000000000000000000e+00 -9.101012999587348995e-01
9.000000000000000000e+00 -1.154607475898817182e+00
9.000000000000000000e+00 -1.154607475898817182e+00
9.000000000000000000e+00 -1.154607475898817182e+00
9.000000000000000000e+00 -1.154607475898817182e+00
9.000000000000000000e+00 -1.421727208288351418e+00
9.000000000000000000e+00 -1.452408483865887723e+00
9.000000000000000000e+00 -1.554843730946623426e+00
9.000000000000000000e+00 -1.554843730946623426e+00
9.000000000000000000e+00 -1.554843730946623426e+00
9.000000000000000000e+00 -1.815386933975213335e+00
9.000000000000000000e+00 -1.815386933975213335e+00
9.000000000000000000e+00 -1.815386933975213335e+00
9.000000000000000000e+00 -1.815386933975213335e+00
9.000000000000000000e+00 -1.815386933975213335e+00
9.000000000000000000e+00 -1.815386933975213335e+00
9.000000000000000000e+00 -1.815386933975213335e+00
9.000000000000000000e+00 -1.815386933975213335e+00
9.000000000000000000e+00 -1.815386933975213335e+00
9.000000000000000000e+00 -1.815386933975213335e+00
9.000000000000000000e+00 -1.815386933975213335e+00
9.000000000000000000e+00 -1.815386933975213335e+00
9.000000000000000000e+00 -1.815386933975213335e+00
9.000000000000000000e+00 -1.815386933975213335e+00
9.000000000000000000e+00 -1.815386933975213335e+00
