6.930271131569341242e-310 4.342207784938013712e-316
0.000000000000000000e+00 2.329043161790366412e+00
0.000000000000000000e+00 5.034844944581040593e-01
0.000000000000000000e+00 5.034844944581040593e-01
0.000000000000000000e+00 5.034844944581040593e-01
0.000000000000000000e+00 -2.030328377084270608e-01
0.000000000000000000e+00 -2.030328377084270608e-01
0.000000000000000000e+00 -2.030328377084270608e-01
0.000000000000000000e+00 -2.030328377084270608e-01
0.000000000000000000e+00 -2.030328377084270608e-01
0.000000000000000000e+00 -2.030328377084270608e-01
0.000000000000000000e+00 -2.030328377084270608e-01
0.000000000000000000e+00 -2.030328377084270608e-01
0.000000000000000000e+00 -2.030328377084270608e-01
0.000000000000000000e+00 -2.030328377084270608e-01
0.000000000000000000e+00 -2.030328377084270608e-01
0.000000000000000000e+00 -7.986017665639062457e-01
0.000000000000000000e+00 -7.986017665639062457e-01
0.000000000000000000e+00 -7.986017665639062457e-01
0.000000000000000000e+00 -7.986017665639062457e-01
0.000000000000000000e+00 -7.986017665639062457e-01
0.000000000000000000e+00 -7.986017665639062457e-01
0.000000000000000000e+00 -7.986017665639062457e-01
0.000000000000000000e+00 -7.986017665639062457e-01
0.000000000000000000e+00 -7.986017665639062457e-01
0.000000000000000000e+00 -7.986017665639062457e-01
0.000000000000000000e+00 -7.986017665639062457e-01
0.000000000000000000e+00 -8.791786847673979111e-01
0.000000000000000000e+00 -9.403743036000016264e-01
0.000000000000000000e+00 -9.403743036000016264e-01
0.000000000000000000e+00 -1.082494460497099853e+00
1.000000000000000000e+00 4.446908910214119048e-01
1.000000000000000000e+00 4.446908910214119048e-01
1.000000000000000000e+00 4.446908910214119048e-01
1.000000000000000000e+00 1.238390827226932556e-01
1.000000000000000000e+00 1.238390827226932556e-01
1.000000000000000000e+00 1.238390827226932556e-01
1.000000000000000000e+00 1.238390827226932556e-01
1.000000000000000000e+00 -9.608259545349677744e-01
1.000000000000000000e+00 -9.608259545349677744e-01
1.000000000000000000e+00 -9.608259545349677744e-01
1.000000000000000000e+00 -9.608259545349677744e-01
1.000000000000000000e+00 -9.608259545349677744e-01
1.000000000000000000e+00 -9.608259545349677744e-01
1.000000000000000000e+00 -9.608259545349677744e-01
1.000000000000000000e+00 -9.608259545349677744e-01
1.000000000000000000e+00 -9.608259545349677744e-01
1.000000000000000000e+00 -9.608259545349677744e-01
1.000000000000000000e+00 -9.608259545349677744e-01
1.000000000000000000e+00 -9.608259545349677744e-01
1.000000000000000000e+00 -9.608259545349677744e-01
1.000000000000000000e+00 -9.608259545349677744e-01
1.000000000000000000e+00 -9.608259545349677744e-01
1.000000000000000000e+00 -9.817690179046372201e-01
1.000000000000000000e+00 -9.817690179046372201e-01
1.000000000000000000e+00 -9.817690179046372201e-01
1.000000000000000000e+00 -1.016017882211016632e+00
1.000000000000000000e+00 -1.016017882211016632e+00
1.000000000000000000e+00 -1.016017882211016632e+00
1.000000000000000000e+00 -1.047280323328532381e+00
1.000000000000000000e+00 -1.047280323328532381e+00
2.000000000000000000e+00 1.689793254611754170e-01
2.000000000000000000e+00 1.689793254611754170e-01
2.000000000000000000e+00 1.689793254611754170e-01
2.000000000000000000e+00 1.689793254611754170e-01
2.000000000000000000e+00 1.689793254611754170e-01
2.000000000000000000e+00 -5.501639702173820312e-02
2.000000000000000000e+00 -6.908808259307949173e-01
2.000000000000000000e+00 -8.546803992440945574e-01
2.000000000000000000e+00 -8.546803992440945574e-01
2.000000000000000000e+00 -8.546803992440945574e-01
2.000000000000000000e+00 -8.546803992440945574e-01
2.000000000000000000e+00 -8.546803992440945574e-01
2.000000000000000000e+00 -1.072524293459008904e+00
2.000000000000000000e+00 -1.072524293459008904e+00
2.000000000000000000e+00 -1.072524293459008904e+00
2.000000000000000000e+00 -1.072524293459008904e+00
2.000000000000000000e+00 -1.072524293459008904e+00
2.000000000000000000e+00 -1.072524293459008904e+00
2.000000000000000000e+00 -1.072524293459008904e+00
2.000000000000000000e+00 -1.072524293459008904e+00
2.000000000000000000e+00 -1.072524293459008904e+00
2.000000000000000000e+00 -1.072524293459008904e+00
2.000000000000000000e+00 -1.072524293459008904e+00
2.000000000000000000e+00 -1.072524293459008904e+00
2.000000000000000000e+00 -1.072524293459008904e+00
2.000000000000000000e+00 -1.072524293459008904e+00
2.000000000000000000e+00 -1.072524293459008904e+00
2.000000000000000000e+00 -1.072524293459008904e+00
2.000000000000000000e+00 -1.072524293459008904e+00
2.000000000000000000e+00 -1.072524293459008904e+00
3.000000000000000000e+00 7.630372339050708885e-02
3.000000000000000000e+00 7.630372339050708885e-02
3.000000000000000000e+00 7.630372339050708885e-02
3.000000000000000000e+00 7.630372339050708885e-02
3.000000000000000000e+00 7.630372339050708885e-02
3.000000000000000000e+00 7.630372339050708885e-02
3.000000000000000000e+00 7.630372339050708885e-02
3.000000000000000000e+00 -3.092947666214029834e-01
3.000000000000000000e+00 -3.092947666214029834e-01
3.000000000000000000e+00 -7.305052899306276881e-01
3.000000000000000000e+00 -7.305052899306276881e-01
3.000000000000000000e+00 -7.305052899306276881e-01
3.000000000000000000e+00 -7.305052899306276881e-01
3.000000000000000000e+00 -9.038776921577116319e-01
3.000000000000000000e+00 -9.038776921577116319e-01
3.000000000000000000e+00 -9.038776921577116319e-01
3.000000000000000000e+00 -1.041673203959999627e+00
3.000000000000000000e+00 -1.041673203959999627e+00
3.000000000000000000e+00 -1.041673203959999627e+00
3.000000000000000000e+00 -1.041673203959999627e+00
3.000000000000000000e+00 -1.041673203959999627e+00
3.000000000000000000e+00 -1.041673203959999627e+00
3.000000000000000000e+00 -1.041673203959999627e+00
3.000000000000000000e+00 -1.133766476210234408e+00
3.000000000000000000e+00 -1.133766476210234408e+00
3.000000000000000000e+00 -1.133766476210234408e+00
3.000000000000000000e+00 -1.161124544395633063e+00
3.000000000000000000e+00 -1.161124544395633063e+00
3.000000000000000000e+00 -1.161124544395633063e+00
3.000000000000000000e+00 -1.161124544395633063e+00
4.000000000000000000e+00 1.472100891088042041e-02
4.000000000000000000e+00 1.472100891088042041e-02
4.000000000000000000e+00 1.472100891088042041e-02
4.000000000000000000e+00 1.472100891088042041e-02
4.000000000000000000e+00 -8.748960451597700416e-01
4.000000000000000000e+00 -8.748960451597700416e-01
4.000000000000000000e+00 -8.748960451597700416e-01
4.000000000000000000e+00 -8.748960451597700416e-01
4.000000000000000000e+00 -8.748960451597700416e-01
4.000000000000000000e+00 -8.748960451597700416e-01
4.000000000000000000e+00 -8.748960451597700416e-01
4.000000000000000000e+00 -8.748960451597700416e-01
4.000000000000000000e+00 -9.508361713635917756e-01
4.000000000000000000e+00 -9.602734001056213442e-01
4.000000000000000000e+00 -9.602734001056213442e-01
4.000000000000000000e+00 -9.602734001056213442e-01
4.000000000000000000e+00 -9.602734001056213442e-01
4.000000000000000000e+00 -9.602734001056213442e-01
4.000000000000000000e+00 -9.602734001056213442e-01
4.000000000000000000e+00 -9.602734001056213442e-01
4.000000000000000000e+00 -9.602734001056213442e-01
4.000000000000000000e+00 -9.602734001056213442e-01
4.000000000000000000e+00 -9.602734001056213442e-01
4.000000000000000000e+00 -9.602734001056213442e-01
4.000000000000000000e+00 -9.602734001056213442e-01
4.000000000000000000e+00 -9.602734001056213442e-01
4.000000000000000000e+00 -9.765705765195222821e-01
4.000000000000000000e+00 -9.765705765195222821e-01
4.000000000000000000e+00 -9.765705765195222821e-01
4.000000000000000000e+00 -1.065168778491451196e+00
5.000000000000000000e+00 2.514436726108420395e+00
5.000000000000000000e+00 2.514436726108420395e+00
5.000000000000000000e+00 7.601762709849154698e-01
5.000000000000000000e+00 6.355079949830297892e-01
5.000000000000000000e+00 2.960520184413725220e-01
5.000000000000000000e+00 -9.800553406721346228e-02
5.000000000000000000e+00 -9.800553406721346228e-02
5.000000000000000000e+00 -9.800553406721346228e-02
5.000000000000000000e+00 -9.800553406721346228e-02
5.000000000000000000e+00 -3.988230690931493516e-01
5.000000000000000000e+00 -3.988230690931493516e-01
5.000000000000000000e+00 -3.988230690931493516e-01
5.000000000000000000e+00 -9.039651173385524485e-01
5.000000000000000000e+00 -9.172889241389352577e-01
5.000000000000000000e+00 -9.172889241389352577e-01
5.000000000000000000e+00 -9.172889241389352577e-01
5.000000000000000000e+00 -9.172889241389352577e-01
5.000000000000000000e+00 -9.727154706836796949e-01
5.000000000000000000e+00 -1.059101555988157806e+00
5.000000000000000000e+00 -1.129193978110985430e+00
5.000000000000000000e+00 -1.129193978110985430e+00
5.000000000000000000e+00 -1.129193978110985430e+00
5.000000000000000000e+00 -1.129193978110985430e+00
5.000000000000000000e+00 -1.129193978110985430e+00
5.000000000000000000e+00 -1.129193978110985430e+00
5.000000000000000000e+00 -1.129193978110985430e+00
5.000000000000000000e+00 -1.129193978110985430e+00
5.000000000000000000e+00 -1.129193978110985430e+00
5.000000000000000000e+00 -1.129193978110985430e+00
5.000000000000000000e+00 -1.129193978110985430e+00
6.000000000000000000e+00 1.233964834474595929e+00
6.000000000000000000e+00 1.205329898079353423e+00
6.000000000000000000e+00 1.205329898079353423e+00
6.000000000000000000e+00 1.205329898079353423e+00
6.000000000000000000e+00 1.205329898079353423e+00
6.000000000000000000e+00 1.324075076291908459e-01
6.000000000000000000e+00 1.324075076291908459e-01
6.000000000000000000e+00 -2.800518395023248730e-01
6.000000000000000000e+00 -2.800518395023248730e-01
6.000000000000000000e+00 -4.850903595738046414e-01
6.000000000000000000e+00 -4.850903595738046414e-01
6.000000000000000000e+00 -4.850903595738046414e-01
6.000000000000000000e+00 -4.850903595738046414e-01
6.000000000000000000e+00 -4.850903595738046414e-01
6.000000000000000000e+00 -4.850903595738046414e-01
6.000000000000000000e+00 -4.850903595738046414e-01
6.000000000000000000e+00 -4.850903595738046414e-01
6.000000000000000000e+00 -4.850903595738046414e-01
6.000000000000000000e+00 -7.143741464574289157e-01
6.000000000000000000e+00 -7.143741464574289157e-01
6.000000000000000000e+00 -1.048173643545260880e+00
6.000000000000000000e+00 -1.114326711726350894e+00
6.000000000000000000e+00 -1.114326711726350894e+00
6.000000000000000000e+00 -1.114326711726350894e+00
6.000000000000000000e+00 -1.114326711726350894e+00
6.000000000000000000e+00 -1.156798206650023531e+00
6.000000000000000000e+00 -1.156798206650023531e+00
6.000000000000000000e+00 -1.240746972357616551e+00
6.000000000000000000e+00 -1.240746972357616551e+00
6.000000000000000000e+00 -1.240746972357616551e+00
7.000000000000000000e+00 4.961427685687551659e-01
7.000000000000000000e+00 4.961427685687551659e-01
7.000000000000000000e+00 4.961427685687551659e-01
7.000000000000000000e+00 4.961427685687551659e-01
7.000000000000000000e+00 -6.925072772855045411e-02
7.000000000000000000e+00 -6.925072772855045411e-02
7.000000000000000000e+00 -6.925072772855045411e-02
7.000000000000000000e+00 -6.925072772855045411e-02
7.000000000000000000e+00 -6.925072772855045411e-02
7.000000000000000000e+00 -6.925072772855045411e-02
7.000000000000000000e+00 -6.925072772855045411e-02
7.000000000000000000e+00 -6.925072772855045411e-02
7.000000000000000000e+00 -6.925072772855045411e-02
7.000000000000000000e+00 -6.925072772855045411e-02
7.000000000000000000e+00 -6.503710215645530646e-01
7.000000000000000000e+00 -6.503710215645530646e-01
7.000000000000000000e+00 -9.304484291410297647e-01
7.000000000000000000e+00 -9.427818760855253277e-01
7.000000000000000000e+00 -9.427818760855253277e-01
7.000000000000000000e+00 -9.825207326854372702e-01
7.000000000000000000e+00 -1.126419296334929765e+00
7.000000000000000000e+00 -1.126419296334929765e+00
7.000000000000000000e+00 -1.126419296334929765e+00
7.000000000000000000e+00 -1.126419296334929765e+00
7.000000000000000000e+00 -1.126419296334929765e+00
7.000000000000000000e+00 -1.126419296334929765e+00
7.000000000000000000e+00 -1.126419296334929765e+00
7.000000000000000000e+00 -1.126419296334929765e+00
7.000000000000000000e+00 -1.126419296334929765e+00
7.000000000000000000e+00 -1.126419296334929765e+00
8.000000000000000000e+00 -6.460417410657304238e-02
8.000000000000000000e+00 -6.460417410657304238e-02
8.000000000000000000e+00 -6.460417410657304238e-02
8.000000000000000000e+00 -6.460417410657304238e-02
8.000000000000000000e+00 -6.460417410657304238e-02
8.000000000000000000e+00 -6.460417410657304238e-02
8.000000000000000000e+00 -6.460417410657304238e-02
8.000000000000000000e+00 -6.460417410657304238e-02
8.000000000000000000e+00 -6.460417410657304238e-02
8.000000000000000000e+00 -4.273051311529115215e-01
8.000000000000000000e+00 -4.273051311529115215e-01
8.000000000000000000e+00 -4.273051311529115215e-01
8.000000000000000000e+00 -8.020834995390930811e-01
8.000000000000000000e+00 -8.020834995390930811e-01
8.000000000000000000e+00 -8.978452175996898266e-01
8.000000000000000000e+00 -9.558136246499329136e-01
8.000000000000000000e+00 -9.558136246499329136e-01
8.000000000000000000e+00 -9.558136246499329136e-01
8.000000000000000000e+00 -9.558136246499329136e-01
8.000000000000000000e+00 -9.558136246499329136e-01
8.000000000000000000e+00 -9.558136246499329136e-01
8.000000000000000000e+00 -9.558136246499329136e-01
8.000000000000000000e+00 -9.558136246499329136e-01
8.000000000000000000e+00 -9.558136246499329136e-01
8.000000000000000000e+00 -9.558136246499329136e-01
8.000000000000000000e+00 -9.558136246499329136e-01
8.000000000000000000e+00 -9.558136246499329136e-01
8.000000000000000000e+00 -9.558136246499329136e-01
8.000000000000000000e+00 -9.558136246499329136e-01
8.000000000000000000e+00 -9.558136246499329136e-01
9.000000000000000000e+00 2.250309794006422059e+00
9.000000000000000000e+00 8.966252944387951285e-01
9.000000000000000000e+00 8.966252944387951285e-01
9.000000000000000000e+00 -4.503232589776711564e-02
9.000000000000000000e+00 -4.503232589776711564e-02
9.000000000000000000e+00 -4.503232589776711564e-02
9.000000000000000000e+00 -6.923694404557961812e-01
9.000000000000000000e+00 -6.923694404557961812e-01
9.000000000000000000e+00 -6.923694404557961812e-01
9.000000000000000000e+00 -6.923694404557961812e-01
9.000000000000000000e+00 -6.923694404557961812e-01
9.000000000000000000e+00 -6.923694404557961812e-01
9.000000000000000000e+00 -8.532342956309786342e-01
9.000000000000000000e+00 -1.071017613747800912e+00
9.000000000000000000e+00 -1.071017613747800912e+00
9.000000000000000000e+00 -1.071017613747800912e+00
9.000000000000000000e+00 -1.110672801661353404e+00
9.000000000000000000e+00 -1.110672801661353404e+00
9.000000000000000000e+00 -1.110672801661353404e+00
9.000000000000000000e+00 -1.110672801661353404e+00
9.000000000000000000e+00 -1.110672801661353404e+00
9.000000000000000000e+00 -1.110672801661353404e+00
9.000000000000000000e+00 -1.110672801661353404e+00
9.000000000000000000e+00 -1.110672801661353404e+00
9.000000000000000000e+00 -1.110672801661353404e+00
9.000000000000000000e+00 -1.110672801661353404e+00
9.000000000000000000e+00 -1.110672801661353404e+00
9.000000000000000000e+00 -1.110672801661353404e+00
9.000000000000000000e+00 -1.110672801661353404e+00
9.000000000000000000e+00 -1.110672801661353404e+00
