6.930271131569341242e-310 4.304249314246805749e-316
0.000000000000000000e+00 2.329043161790366412e+00
0.000000000000000000e+00 5.034844944581040593e-01
0.000000000000000000e+00 5.034844944581040593e-01
0.000000000000000000e+00 5.034844944581040593e-01
0.000000000000000000e+00 -2.030328377084270608e-01
0.000000000000000000e+00 -2.030328377084270608e-01
0.000000000000000000e+00 -2.030328377084270608e-01
0.000000000000000000e+00 -2.030328377084270608e-01
0.000000000000000000e+00 -2.030328377084270608e-01
0.000000000000000000e+00 -2.030328377084270608e-01
0.000000000000000000e+00 -2.030328377084270608e-01
0.000000000000000000e+00 -2.030328377084270608e-01
0.000000000000000000e+00 -2.030328377084270608e-01
0.000000000000000000e+00 -2.030328377084270608e-01
0.000000000000000000e+00 -2.030328377084270608e-01
0.000000000000000000e+00 -2.030328377084270608e-01
0.000000000000000000e+00 -2.030328377084270608e-01
0.000000000000000000e+00 -2.030328377084270608e-01
0.000000000000000000e+00 -2.030328377084270608e-01
0.000000000000000000e+00 -2.030328377084270608e-01
0.000000000000000000e+00 -2.030328377084270608e-01
0.000000000000000000e+00 -1.192847744400511223e+00
0.000000000000000000e+00 -1.192847744400511223e+00
0.000000000000000000e+00 -1.192847744400511223e+00
0.000000000000000000e+00 -1.192847744400511223e+00
0.000000000000000000e+00 -1.192847744400511223e+00
0.000000000000000000e+00 -1.192847744400511223e+00
0.000000000000000000e+00 -1.192847744400511223e+00
0.000000000000000000e+00 -1.192847744400511223e+00
0.000000000000000000e+00 -1.192847744400511223e+00
1.000000000000000000e+00 4.446908910214119048e-01
1.000000000000000000e+00 4.446908910214119048e-01
1.000000000000000000e+00 4.446908910214119048e-01
1.000000000000000000e+00 1.238390827226932556e-01
1.000000000000000000e+00 1.238390827226932556e-01
1.000000000000000000e+00 1.238390827226932556e-01
1.000000000000000000e+00 1.238390827226932556e-01
1.000000000000000000e+00 -9.608259545349677744e-01
1.000000000000000000e+00 -9.608259545349677744e-01
1.000000000000000000e+00 -9.608259545349677744e-01
1.000000000000000000e+00 -9.608259545349677744e-01
1.000000000000000000e+00 -9.608259545349677744e-01
1.000000000000000000e+00 -9.608259545349677744e-01
1.000000000000000000e+00 -9.608259545349677744e-01
1.000000000000000000e+00 -9.608259545349677744e-01
1.000000000000000000e+00 -9.608259545349677744e-01
1.000000000000000000e+00 -9.608259545349677744e-01
1.000000000000000000e+00 -9.608259545349677744e-01
1.000000000000000000e+00 -9.608259545349677744e-01
1.000000000000000000e+00 -9.608259545349677744e-01
1.000000000000000000e+00 -9.608259545349677744e-01
1.000000000000000000e+00 -9.608259545349677744e-01
1.000000000000000000e+00 -9.608259545349677744e-01
1.000000000000000000e+00 -9.608259545349677744e-01
1.000000000000000000e+00 -9.608259545349677744e-01
1.000000000000000000e+00 -9.608259545349677744e-01
1.000000000000000000e+00 -9.608259545349677744e-01
1.000000000000000000e+00 -9.608259545349677744e-01
1.000000000000000000e+00 -9.608259545349677744e-01
1.000000000000000000e+00 -9.608259545349677744e-01
2.000000000000000000e+00 1.689793254611754170e-01
2.000000000000000000e+00 1.689793254611754170e-01
2.000000000000000000e+00 1.689793254611754170e-01
2.000000000000000000e+00 1.689793254611754170e-01
2.000000000000000000e+00 1.689793254611754170e-01
2.000000000000000000e+00 -5.501639702173820312e-02
2.000000000000000000e+00 -6.908808259307949173e-01
2.000000000000000000e+00 -8.546803992440945574e-01
2.000000000000000000e+00 -8.546803992440945574e-01
2.000000000000000000e+00 -8.546803992440945574e-01
2.000000000000000000e+00 -8.546803992440945574e-01
2.000000000000000000e+00 -8.546803992440945574e-01
2.000000000000000000e+00 -8.546803992440945574e-01
2.000000000000000000e+00 -8.546803992440945574e-01
2.000000000000000000e+00 -8.546803992440945574e-01
2.000000000000000000e+00 -8.546803992440945574e-01
2.000000000000000000e+00 -1.057391587404039823e+00
2.000000000000000000e+00 -1.057391587404039823e+00
2.000000000000000000e+00 -1.057391587404039823e+00
2.000000000000000000e+00 -1.057391587404039823e+00
2.000000000000000000e+00 -1.057391587404039823e+00
2.000000000000000000e+00 -1.057391587404039823e+00
2.000000000000000000e+00 -1.057391587404039823e+00
2.000000000000000000e+00 -1.057391587404039823e+00
2.000000000000000000e+00 -1.057391587404039823e+00
2.000000000000000000e+00 -1.057391587404039823e+00
2.000000000000000000e+00 -1.057391587404039823e+00
2.000000000000000000e+00 -1.057391587404039823e+00
2.000000000000000000e+00 -1.057391587404039823e+00
2.000000000000000000e+00 -1.057391587404039823e+00
3.000000000000000000e+00 7.630372339050708885e-02
3.000000000000000000e+00 7.630372339050708885e-02
3.000000000000000000e+00 7.630372339050708885e-02
3.000000000000000000e+00 7.630372339050708885e-02
3.000000000000000000e+00 7.630372339050708885e-02
3.000000000000000000e+00 7.630372339050708885e-02
3.000000000000000000e+00 7.630372339050708885e-02
3.000000000000000000e+00 -3.092947666214029834e-01
3.000000000000000000e+00 -3.092947666214029834e-01
3.000000000000000000e+00 -7.305052899306276881e-01
3.000000000000000000e+00 -7.305052899306276881e-01
3.000000000000000000e+00 -7.305052899306276881e-01
3.000000000000000000e+00 -7.305052899306276881e-01
3.000000000000000000e+00 -1.088565275513155406e+00
3.000000000000000000e+00 -1.088565275513155406e+00
3.000000000000000000e+00 -1.088565275513155406e+00
3.000000000000000000e+00 -1.088565275513155406e+00
3.000000000000000000e+00 -1.088565275513155406e+00
3.000000000000000000e+00 -1.088565275513155406e+00
3.000000000000000000e+00 -1.088565275513155406e+00
3.000000000000000000e+00 -1.088565275513155406e+00
3.000000000000000000e+00 -1.088565275513155406e+00
3.000000000000000000e+00 -1.088565275513155406e+00
3.000000000000000000e+00 -1.088565275513155406e+00
3.000000000000000000e+00 -1.088565275513155406e+00
3.000000000000000000e+00 -1.088565275513155406e+00
3.000000000000000000e+00 -1.088565275513155406e+00
3.000000000000000000e+00 -1.088565275513155406e+00
3.000000000000000000e+00 -1.088565275513155406e+00
3.000000000000000000e+00 -1.088565275513155406e+00
4.000000000000000000e+00 1.472100891088042041e-02
4.000000000000000000e+00 1.472100891088042041e-02
4.000000000000000000e+00 1.472100891088042041e-02
4.000000000000000000e+00 1.472100891088042041e-02
4.000000000000000000e+00 -8.748960451597700416e-01
4.000000000000000000e+00 -8.748960451597700416e-01
4.000000000000000000e+00 -8.748960451597700416e-01
4.000000000000000000e+00 -8.748960451597700416e-01
4.000000000000000000e+00 -8.748960451597700416e-01
4.000000000000000000e+00 -8.748960451597700416e-01
4.000000000000000000e+00 -8.748960451597700416e-01
4.000000000000000000e+00 -8.882516219098472998e-01
4.000000000000000000e+00 -8.882516219098472998e-01
4.000000000000000000e+00 -8.882516219098472998e-01
4.000000000000000000e+00 -9.625334569333663381e-01
4.000000000000000000e+00 -9.625334569333663381e-01
4.000000000000000000e+00 -9.625334569333663381e-01
4.000000000000000000e+00 -9.625334569333663381e-01
4.000000000000000000e+00 -9.625334569333663381e-01
4.000000000000000000e+00 -1.010262675824840528e+00
4.000000000000000000e+00 -1.010262675824840528e+00
4.000000000000000000e+00 -1.010262675824840528e+00
4.000000000000000000e+00 -1.010262675824840528e+00
4.000000000000000000e+00 -1.010262675824840528e+00
4.000000000000000000e+00 -1.010262675824840528e+00
4.000000000000000000e+00 -1.010262675824840528e+00
4.000000000000000000e+00 -1.010262675824840528e+00
4.000000000000000000e+00 -1.010262675824840528e+00
4.000000000000000000e+00 -1.010262675824840528e+00
4.000000000000000000e+00 -1.010262675824840528e+00
5.000000000000000000e+00 2.514436726108420395e+00
5.000000000000000000e+00 2.514436726108420395e+00
5.000000000000000000e+00 7.601762709849154698e-01
5.000000000000000000e+00 6.355079949830297892e-01
5.000000000000000000e+00 2.960520184413725220e-01
5.000000000000000000e+00 -9.800553406721346228e-02
5.000000000000000000e+00 -9.800553406721346228e-02
5.000000000000000000e+00 -9.800553406721346228e-02
5.000000000000000000e+00 -9.800553406721346228e-02
5.000000000000000000e+00 -3.988230690931493516e-01
5.000000000000000000e+00 -3.988230690931493516e-01
5.000000000000000000e+00 -7.478167315773474044e-01
5.000000000000000000e+00 -7.478167315773474044e-01
5.000000000000000000e+00 -7.478167315773474044e-01
5.000000000000000000e+00 -7.478167315773474044e-01
5.000000000000000000e+00 -7.478167315773474044e-01
5.000000000000000000e+00 -7.478167315773474044e-01
5.000000000000000000e+00 -7.478167315773474044e-01
5.000000000000000000e+00 -7.478167315773474044e-01
5.000000000000000000e+00 -7.478167315773474044e-01
5.000000000000000000e+00 -9.244479885773292382e-01
5.000000000000000000e+00 -9.244479885773292382e-01
5.000000000000000000e+00 -9.244479885773292382e-01
5.000000000000000000e+00 -9.244479885773292382e-01
5.000000000000000000e+00 -9.244479885773292382e-01
5.000000000000000000e+00 -9.244479885773292382e-01
5.000000000000000000e+00 -9.244479885773292382e-01
5.000000000000000000e+00 -9.244479885773292382e-01
5.000000000000000000e+00 -9.244479885773292382e-01
5.000000000000000000e+00 -9.925319036812443318e-01
6.000000000000000000e+00 1.233964834474595929e+00
6.000000000000000000e+00 1.205329898079353423e+00
6.000000000000000000e+00 1.205329898079353423e+00
6.000000000000000000e+00 1.205329898079353423e+00
6.000000000000000000e+00 1.205329898079353423e+00
6.000000000000000000e+00 1.324075076291908459e-01
6.000000000000000000e+00 1.324075076291908459e-01
6.000000000000000000e+00 -2.800518395023248730e-01
6.000000000000000000e+00 -2.800518395023248730e-01
6.000000000000000000e+00 -4.850903595738046414e-01
6.000000000000000000e+00 -4.850903595738046414e-01
6.000000000000000000e+00 -4.850903595738046414e-01
6.000000000000000000e+00 -4.850903595738046414e-01
6.000000000000000000e+00 -4.850903595738046414e-01
6.000000000000000000e+00 -4.850903595738046414e-01
6.000000000000000000e+00 -4.850903595738046414e-01
6.000000000000000000e+00 -4.850903595738046414e-01
6.000000000000000000e+00 -4.850903595738046414e-01
6.000000000000000000e+00 -4.850903595738046414e-01
6.000000000000000000e+00 -4.850903595738046414e-01
6.000000000000000000e+00 -1.059079368935873289e+00
6.000000000000000000e+00 -1.059079368935873289e+00
6.000000000000000000e+00 -1.059079368935873289e+00
6.000000000000000000e+00 -1.201114396125178452e+00
6.000000000000000000e+00 -1.201114396125178452e+00
6.000000000000000000e+00 -1.201114396125178452e+00
6.000000000000000000e+00 -1.201114396125178452e+00
6.000000000000000000e+00 -1.201114396125178452e+00
6.000000000000000000e+00 -1.201114396125178452e+00
6.000000000000000000e+00 -1.201114396125178452e+00
7.000000000000000000e+00 4.961427685687551659e-01
7.000000000000000000e+00 4.961427685687551659e-01
7.000000000000000000e+00 4.961427685687551659e-01
7.000000000000000000e+00 4.961427685687551659e-01
7.000000000000000000e+00 -6.925072772855045411e-02
7.000000000000000000e+00 -6.925072772855045411e-02
7.000000000000000000e+00 -6.925072772855045411e-02
7.000000000000000000e+00 -6.925072772855045411e-02
7.000000000000000000e+00 -6.925072772855045411e-02
7.000000000000000000e+00 -6.925072772855045411e-02
7.000000000000000000e+00 -6.925072772855045411e-02
7.000000000000000000e+00 -3.212525683161914780e-01
7.000000000000000000e+00 -9.827773078137973517e-01
7.000000000000000000e+00 -9.827773078137973517e-01
7.000000000000000000e+00 -9.827773078137973517e-01
7.000000000000000000e+00 -9.827773078137973517e-01
7.000000000000000000e+00 -9.827773078137973517e-01
7.000000000000000000e+00 -9.827773078137973517e-01
7.000000000000000000e+00 -9.827773078137973517e-01
7.000000000000000000e+00 -9.827773078137973517e-01
7.000000000000000000e+00 -9.827773078137973517e-01
7.000000000000000000e+00 -9.827773078137973517e-01
7.000000000000000000e+00 -9.827773078137973517e-01
7.000000000000000000e+00 -9.827773078137973517e-01
7.000000000000000000e+00 -1.002298296268532285e+00
7.000000000000000000e+00 -1.002298296268532285e+00
7.000000000000000000e+00 -1.120426545579556565e+00
7.000000000000000000e+00 -1.120426545579556565e+00
7.000000000000000000e+00 -1.120426545579556565e+00
7.000000000000000000e+00 -1.120426545579556565e+00
8.000000000000000000e+00 -6.460417410657304238e-02
8.000000000000000000e+00 -6.460417410657304238e-02
8.000000000000000000e+00 -6.460417410657304238e-02
8.000000000000000000e+00 -6.460417410657304238e-02
8.000000000000000000e+00 -6.460417410657304238e-02
8.000000000000000000e+00 -6.460417410657304238e-02
8.000000000000000000e+00 -6.460417410657304238e-02
8.000000000000000000e+00 -6.460417410657304238e-02
8.000000000000000000e+00 -6.460417410657304238e-02
8.000000000000000000e+00 -4.273051311529115215e-01
8.000000000000000000e+00 -4.273051311529115215e-01
8.000000000000000000e+00 -7.647077015648122700e-01
8.000000000000000000e+00 -7.647077015648122700e-01
8.000000000000000000e+00 -7.647077015648122700e-01
8.000000000000000000e+00 -9.065796168705652081e-01
8.000000000000000000e+00 -9.065796168705652081e-01
8.000000000000000000e+00 -9.065796168705652081e-01
8.000000000000000000e+00 -9.065796168705652081e-01
8.000000000000000000e+00 -1.024733879676848369e+00
8.000000000000000000e+00 -1.085268135571817449e+00
8.000000000000000000e+00 -1.085268135571817449e+00
8.000000000000000000e+00 -1.085268135571817449e+00
8.000000000000000000e+00 -1.085268135571817449e+00
8.000000000000000000e+00 -1.085268135571817449e+00
8.000000000000000000e+00 -1.181617967362402544e+00
8.000000000000000000e+00 -1.181617967362402544e+00
8.000000000000000000e+00 -1.181617967362402544e+00
8.000000000000000000e+00 -1.181617967362402544e+00
8.000000000000000000e+00 -1.181617967362402544e+00
8.000000000000000000e+00 -1.181617967362402544e+00
9.000000000000000000e+00 2.250309794006422059e+00
9.000000000000000000e+00 8.966252944387951285e-01
9.000000000000000000e+00 8.966252944387951285e-01
9.000000000000000000e+00 -4.503232589776711564e-02
9.000000000000000000e+00 -4.503232589776711564e-02
9.000000000000000000e+00 -4.503232589776711564e-02
9.000000000000000000e+00 -6.923694404557961812e-01
9.000000000000000000e+00 -6.923694404557961812e-01
9.000000000000000000e+00 -6.923694404557961812e-01
9.000000000000000000e+00 -6.923694404557961812e-01
9.000000000000000000e+00 -6.923694404557961812e-01
9.000000000000000000e+00 -6.923694404557961812e-01
9.000000000000000000e+00 -1.051599966364867855e+00
9.000000000000000000e+00 -1.051599966364867855e+00
9.000000000000000000e+00 -1.051599966364867855e+00
9.000000000000000000e+00 -1.051599966364867855e+00
9.000000000000000000e+00 -1.051599966364867855e+00
9.000000000000000000e+00 -1.051599966364867855e+00
9.000000000000000000e+00 -1.051599966364867855e+00
9.000000000000000000e+00 -1.051599966364867855e+00
9.000000000000000000e+00 -1.051599966364867855e+00
9.000000000000000000e+00 -1.051599966364867855e+00
9.000000000000000000e+00 -1.051599966364867855e+00
9.000000000000000000e+00 -1.051599966364867855e+00
9.000000000000000000e+00 -1.051599966364867855e+00
9.000000000000000000e+00 -1.066486585589485836e+00
9.000000000000000000e+00 -1.108343273370347326e+00
9.000000000000000000e+00 -1.108343273370347326e+00
9.000000000000000000e+00 -1.108343273370347326e+00
9.000000000000000000e+00 -1.108343273370347326e+00
