6.903823296798883922e-310 3.488318477008270712e-316
0.000000000000000000e+00 6.046576963456138376e-01
0.000000000000000000e+00 1.477009141860644581e-01
0.000000000000000000e+00 -7.752629853182133601e-01
0.000000000000000000e+00 -7.752629853182133601e-01
0.000000000000000000e+00 -7.752629853182133601e-01
0.000000000000000000e+00 -7.752629853182133601e-01
0.000000000000000000e+00 -7.752629853182133601e-01
0.000000000000000000e+00 -7.752629853182133601e-01
0.000000000000000000e+00 -7.752629853182133601e-01
0.000000000000000000e+00 -7.957550452412627262e-01
0.000000000000000000e+00 -7.957550452412627262e-01
0.000000000000000000e+00 -7.957550452412627262e-01
0.000000000000000000e+00 -7.957550452412627262e-01
0.000000000000000000e+00 -7.957550452412627262e-01
0.000000000000000000e+00 -9.919052749837586891e-01
0.000000000000000000e+00 -1.031531381795846913e+00
0.000000000000000000e+00 -1.031531381795846913e+00
0.000000000000000000e+00 -1.363559048240289506e+00
0.000000000000000000e+00 -1.363559048240289506e+00
0.000000000000000000e+00 -1.363559048240289506e+00
0.000000000000000000e+00 -1.363559048240289506e+00
0.000000000000000000e+00 -1.363559048240289506e+00
0.000000000000000000e+00 -1.363559048240289506e+00
0.000000000000000000e+00 -1.363559048240289506e+00
0.000000000000000000e+00 -1.363559048240289506e+00
0.000000000000000000e+00 -1.363559048240289506e+00
0.000000000000000000e+00 -1.363559048240289506e+00
0.000000000000000000e+00 -1.363559048240289506e+00
0.000000000000000000e+00 -1.523031798521725211e+00
0.000000000000000000e+00 -1.687250717124874955e+00
1.000000000000000000e+00 3.080665791957114541e-01
1.000000000000000000e+00 -9.567672944639359356e-01
1.000000000000000000e+00 -9.567672944639359356e-01
1.000000000000000000e+00 -9.567672944639359356e-01
1.000000000000000000e+00 -9.567672944639359356e-01
1.000000000000000000e+00 -9.567672944639359356e-01
1.000000000000000000e+00 -9.567672944639359356e-01
1.000000000000000000e+00 -9.567672944639359356e-01
1.000000000000000000e+00 -1.179971276104965883e+00
1.000000000000000000e+00 -1.179971276104965883e+00
1.000000000000000000e+00 -1.179971276104965883e+00
1.000000000000000000e+00 -1.471189749645490874e+00
1.000000000000000000e+00 -1.471189749645490874e+00
1.000000000000000000e+00 -1.471189749645490874e+00
1.000000000000000000e+00 -1.471189749645490874e+00
1.000000000000000000e+00 -1.471189749645490874e+00
1.000000000000000000e+00 -1.471189749645490874e+00
1.000000000000000000e+00 -1.493652567224518002e+00
1.000000000000000000e+00 -1.493652567224518002e+00
1.000000000000000000e+00 -1.493652567224518002e+00
1.000000000000000000e+00 -1.493652567224518002e+00
1.000000000000000000e+00 -1.563020456038233474e+00
1.000000000000000000e+00 -1.563020456038233474e+00
1.000000000000000000e+00 -1.605675548709737832e+00
1.000000000000000000e+00 -1.605675548709737832e+00
1.000000000000000000e+00 -1.605675548709737832e+00
1.000000000000000000e+00 -1.614497695924920651e+00
1.000000000000000000e+00 -1.614497695924920651e+00
1.000000000000000000e+00 -1.670067271126336017e+00
1.000000000000000000e+00 -1.670067271126336017e+00
2.000000000000000000e+00 7.875025950805252251e-01
2.000000000000000000e+00 5.557035698654646527e-01
2.000000000000000000e+00 -2.862814677632815608e-01
2.000000000000000000e+00 -6.186623978494181220e-01
2.000000000000000000e+00 -6.186623978494181220e-01
2.000000000000000000e+00 -9.271021361888428514e-01
2.000000000000000000e+00 -9.271021361888428514e-01
2.000000000000000000e+00 -9.271021361888428514e-01
2.000000000000000000e+00 -9.271021361888428514e-01
2.000000000000000000e+00 -9.271021361888428514e-01
2.000000000000000000e+00 -1.046374356733674960e+00
2.000000000000000000e+00 -1.046374356733674960e+00
2.000000000000000000e+00 -1.099493620968663210e+00
2.000000000000000000e+00 -1.314076035867803194e+00
2.000000000000000000e+00 -1.314076035867803194e+00
2.000000000000000000e+00 -1.314076035867803194e+00
2.000000000000000000e+00 -1.314076035867803194e+00
2.000000000000000000e+00 -1.314076035867803194e+00
2.000000000000000000e+00 -1.330376095995746910e+00
2.000000000000000000e+00 -1.330376095995746910e+00
2.000000000000000000e+00 -1.330376095995746910e+00
2.000000000000000000e+00 -1.330376095995746910e+00
2.000000000000000000e+00 -1.330376095995746910e+00
2.000000000000000000e+00 -1.330376095995746910e+00
2.000000000000000000e+00 -1.330376095995746910e+00
2.000000000000000000e+00 -1.330376095995746910e+00
2.000000000000000000e+00 -1.342920916840044221e+00
2.000000000000000000e+00 -1.342920916840044221e+00
2.000000000000000000e+00 -1.342920916840044221e+00
2.000000000000000000e+00 -1.342920916840044221e+00
3.000000000000000000e+00 -4.671732047641223851e-01
3.000000000000000000e+00 -4.671732047641223851e-01
3.000000000000000000e+00 -4.671732047641223851e-01
3.000000000000000000e+00 -1.102632504152778248e+00
3.000000000000000000e+00 -1.102632504152778248e+00
3.000000000000000000e+00 -1.102632504152778248e+00
3.000000000000000000e+00 -1.102632504152778248e+00
3.000000000000000000e+00 -1.102632504152778248e+00
3.000000000000000000e+00 -1.102632504152778248e+00
3.000000000000000000e+00 -1.102632504152778248e+00
3.000000000000000000e+00 -1.102632504152778248e+00
3.000000000000000000e+00 -1.238259319718155727e+00
3.000000000000000000e+00 -1.238259319718155727e+00
3.000000000000000000e+00 -1.238259319718155727e+00
3.000000000000000000e+00 -1.238259319718155727e+00
3.000000000000000000e+00 -1.268785420486721716e+00
3.000000000000000000e+00 -1.365157161220399651e+00
3.000000000000000000e+00 -1.365157161220399651e+00
3.000000000000000000e+00 -1.365157161220399651e+00
3.000000000000000000e+00 -1.365157161220399651e+00
3.000000000000000000e+00 -1.365157161220399651e+00
3.000000000000000000e+00 -1.365157161220399651e+00
3.000000000000000000e+00 -1.365157161220399651e+00
3.000000000000000000e+00 -1.365157161220399651e+00
3.000000000000000000e+00 -1.365157161220399651e+00
3.000000000000000000e+00 -1.365157161220399651e+00
3.000000000000000000e+00 -1.365157161220399651e+00
3.000000000000000000e+00 -1.365157161220399651e+00
3.000000000000000000e+00 -1.365157161220399651e+00
3.000000000000000000e+00 -1.365157161220399651e+00
