6.950065557105883876e-310 5.301431888561110474e-316
0.000000000000000000e+00 1.849800770451454355e+02
0.000000000000000000e+00 8.639645223999201207e+00
0.000000000000000000e+00 8.639645223999201207e+00
0.000000000000000000e+00 8.639645223999201207e+00
0.000000000000000000e+00 8.639645223999201207e+00
0.000000000000000000e+00 8.639645223999201207e+00
0.000000000000000000e+00 8.639645223999201207e+00
0.000000000000000000e+00 8.639645223999201207e+00
0.000000000000000000e+00 8.639645223999201207e+00
0.000000000000000000e+00 8.639645223999201207e+00
0.000000000000000000e+00 5.996184626346232172e+00
0.000000000000000000e+00 5.911516544745875734e+00
0.000000000000000000e+00 5.911516544745875734e+00
0.000000000000000000e+00 5.911516544745875734e+00
0.000000000000000000e+00 5.066517651069268879e+00
0.000000000000000000e+00 5.066517651069268879e+00
0.000000000000000000e+00 5.066517651069268879e+00
0.000000000000000000e+00 5.066517651069268879e+00
0.000000000000000000e+00 5.066517651069268879e+00
0.000000000000000000e+00 5.066517651069268879e+00
0.000000000000000000e+00 5.066517651069268879e+00
0.000000000000000000e+00 5.066517651069268879e+00
0.000000000000000000e+00 5.066517651069268879e+00
0.000000000000000000e+00 5.066517651069268879e+00
0.000000000000000000e+00 5.066517651069268879e+00
0.000000000000000000e+00 5.066517651069268879e+00
0.000000000000000000e+00 5.066517651069268879e+00
0.000000000000000000e+00 5.066517651069268879e+00
0.000000000000000000e+00 5.066517651069268879e+00
0.000000000000000000e+00 5.066517651069268879e+00
1.000000000000000000e+00 3.938200121731903636e+01
1.000000000000000000e+00 1.762478228084771459e+01
1.000000000000000000e+00 1.762478228084771459e+01
1.000000000000000000e+00 6.829980482596651470e+00
1.000000000000000000e+00 6.829980482596651470e+00
1.000000000000000000e+00 1.127535547896231227e+00
1.000000000000000000e+00 1.127535547896231227e+00
1.000000000000000000e+00 1.127535547896231227e+00
1.000000000000000000e+00 1.127535547896231227e+00
1.000000000000000000e+00 1.127535547896231227e+00
1.000000000000000000e+00 1.127535547896231227e+00
1.000000000000000000e+00 1.127535547896231227e+00
1.000000000000000000e+00 1.127535547896231227e+00
1.000000000000000000e+00 1.127535547896231227e+00
1.000000000000000000e+00 1.127535547896231227e+00
1.000000000000000000e+00 1.127535547896231227e+00
1.000000000000000000e+00 1.127535547896231227e+00
1.000000000000000000e+00 1.127535547896231227e+00
1.000000000000000000e+00 1.127535547896231227e+00
1.000000000000000000e+00 1.127535547896231227e+00
1.000000000000000000e+00 1.127535547896231227e+00
1.000000000000000000e+00 1.127535547896231227e+00
1.000000000000000000e+00 1.127535547896231227e+00
1.000000000000000000e+00 1.127535547896231227e+00
1.000000000000000000e+00 1.127535547896231227e+00
1.000000000000000000e+00 1.127535547896231227e+00
1.000000000000000000e+00 1.127535547896231227e+00
1.000000000000000000e+00 1.127535547896231227e+00
1.000000000000000000e+00 1.127535547896231227e+00
1.000000000000000000e+00 1.127535547896231227e+00
2.000000000000000000e+00 2.858448349164882174e+01
2.000000000000000000e+00 2.858448349164882174e+01
2.000000000000000000e+00 2.858448349164882174e+01
2.000000000000000000e+00 9.921048975047629170e+00
2.000000000000000000e+00 9.921048975047629170e+00
2.000000000000000000e+00 9.921048975047629170e+00
2.000000000000000000e+00 9.921048975047629170e+00
2.000000000000000000e+00 9.921048975047629170e+00
2.000000000000000000e+00 9.921048975047629170e+00
2.000000000000000000e+00 7.614091096264057335e+00
2.000000000000000000e+00 7.614091096264057335e+00
2.000000000000000000e+00 7.614091096264057335e+00
2.000000000000000000e+00 7.614091096264057335e+00
2.000000000000000000e+00 7.614091096264057335e+00
2.000000000000000000e+00 7.614091096264057335e+00
2.000000000000000000e+00 4.987451693765808436e+00
2.000000000000000000e+00 2.178115071674464609e+00
2.000000000000000000e+00 2.178115071674464609e+00
2.000000000000000000e+00 2.178115071674464609e+00
2.000000000000000000e+00 2.178115071674464609e+00
2.000000000000000000e+00 6.451301938587026275e-01
2.000000000000000000e+00 6.451301938587026275e-01
2.000000000000000000e+00 6.451301938587026275e-01
2.000000000000000000e+00 6.131881495884189404e-01
2.000000000000000000e+00 5.386108699790150833e-01
2.000000000000000000e+00 5.386108699790150833e-01
2.000000000000000000e+00 3.124677553267518615e-01
2.000000000000000000e+00 3.124677553267518615e-01
2.000000000000000000e+00 3.124677553267518615e-01
2.000000000000000000e+00 3.124677553267518615e-01
3.000000000000000000e+00 3.119785186615116146e+01
3.000000000000000000e+00 3.119785186615116146e+01
3.000000000000000000e+00 2.827364167282577156e+01
3.000000000000000000e+00 2.827364167282577156e+01
3.000000000000000000e+00 2.827364167282577156e+01
3.000000000000000000e+00 2.827364167282577156e+01
3.000000000000000000e+00 1.562890532351888240e+00
3.000000000000000000e+00 1.562890532351888240e+00
3.000000000000000000e+00 1.562890532351888240e+00
3.000000000000000000e+00 1.562890532351888240e+00
3.000000000000000000e+00 1.562890532351888240e+00
3.000000000000000000e+00 1.562890532351888240e+00
3.000000000000000000e+00 1.562890532351888240e+00
3.000000000000000000e+00 1.562890532351888240e+00
3.000000000000000000e+00 1.562890532351888240e+00
3.000000000000000000e+00 1.562890532351888240e+00
3.000000000000000000e+00 1.562890532351888240e+00
3.000000000000000000e+00 1.562890532351888240e+00
3.000000000000000000e+00 1.562890532351888240e+00
3.000000000000000000e+00 1.562890532351888240e+00
3.000000000000000000e+00 1.562890532351888240e+00
3.000000000000000000e+00 1.562890532351888240e+00
3.000000000000000000e+00 1.562890532351888240e+00
3.000000000000000000e+00 1.562890532351888240e+00
3.000000000000000000e+00 1.562890532351888240e+00
3.000000000000000000e+00 1.562890532351888240e+00
3.000000000000000000e+00 1.562890532351888240e+00
3.000000000000000000e+00 1.562890532351888240e+00
3.000000000000000000e+00 1.562890532351888240e+00
3.000000000000000000e+00 1.562890532351888240e+00
4.000000000000000000e+00 3.163218291739542209e+01
4.000000000000000000e+00 6.674021714155414564e+00
4.000000000000000000e+00 2.487930680646398329e+00
4.000000000000000000e+00 2.487930680646398329e+00
4.000000000000000000e+00 2.487930680646398329e+00
4.000000000000000000e+00 2.487930680646398329e+00
4.000000000000000000e+00 2.487930680646398329e+00
4.000000000000000000e+00 1.846107425514083245e+00
4.000000000000000000e+00 1.846107425514083245e+00
4.000000000000000000e+00 1.846107425514083245e+00
4.000000000000000000e+00 1.846107425514083245e+00
4.000000000000000000e+00 1.846107425514083245e+00
4.000000000000000000e+00 1.846107425514083245e+00
4.000000000000000000e+00 1.846107425514083245e+00
4.000000000000000000e+00 1.846107425514083245e+00
4.000000000000000000e+00 1.846107425514083245e+00
4.000000000000000000e+00 1.846107425514083245e+00
4.000000000000000000e+00 1.846107425514083245e+00
4.000000000000000000e+00 1.846107425514083245e+00
4.000000000000000000e+00 1.846107425514083245e+00
4.000000000000000000e+00 1.846107425514083245e+00
4.000000000000000000e+00 6.040329609482835149e-01
4.000000000000000000e+00 5.372219848616121007e-01
4.000000000000000000e+00 5.372219848616121007e-01
4.000000000000000000e+00 5.372219848616121007e-01
4.000000000000000000e+00 5.372219848616121007e-01
4.000000000000000000e+00 5.372219848616121007e-01
4.000000000000000000e+00 5.372219848616121007e-01
4.000000000000000000e+00 4.554445534822489372e-01
4.000000000000000000e+00 4.554445534822489372e-01
5.000000000000000000e+00 9.929928767681018087e+01
5.000000000000000000e+00 2.912590246379022574e+01
5.000000000000000000e+00 2.671002042276610311e+01
5.000000000000000000e+00 2.426882026097376510e+01
5.000000000000000000e+00 2.426882026097376510e+01
5.000000000000000000e+00 9.102280985230768451e+00
5.000000000000000000e+00 5.400718059579535435e+00
5.000000000000000000e+00 5.400718059579535435e+00
5.000000000000000000e+00 5.400718059579535435e+00
5.000000000000000000e+00 5.400718059579535435e+00
5.000000000000000000e+00 5.400718059579535435e+00
5.000000000000000000e+00 8.120641359578648633e-01
5.000000000000000000e+00 8.120641359578648633e-01
5.000000000000000000e+00 8.120641359578648633e-01
5.000000000000000000e+00 8.120641359578648633e-01
5.000000000000000000e+00 8.120641359578648633e-01
5.000000000000000000e+00 8.120641359578648633e-01
5.000000000000000000e+00 8.120641359578648633e-01
5.000000000000000000e+00 8.120641359578648633e-01
5.000000000000000000e+00 8.120641359578648633e-01
5.000000000000000000e+00 8.120641359578648633e-01
5.000000000000000000e+00 5.364399832444568528e-01
5.000000000000000000e+00 5.364399832444568528e-01
5.000000000000000000e+00 5.364399832444568528e-01
5.000000000000000000e+00 4.246371249528045344e-01
5.000000000000000000e+00 4.246371249528045344e-01
5.000000000000000000e+00 3.057129769742604752e-01
5.000000000000000000e+00 3.057129769742604752e-01
5.000000000000000000e+00 3.057129769742604752e-01
5.000000000000000000e+00 3.057129769742604752e-01
6.000000000000000000e+00 5.989239014279058182e+01
6.000000000000000000e+00 1.339700940693204778e+01
6.000000000000000000e+00 1.339700940693204778e+01
6.000000000000000000e+00 1.339700940693204778e+01
6.000000000000000000e+00 1.339700940693204778e+01
6.000000000000000000e+00 1.339700940693204778e+01
6.000000000000000000e+00 1.339700940693204778e+01
6.000000000000000000e+00 1.339700940693204778e+01
6.000000000000000000e+00 1.339700940693204778e+01
6.000000000000000000e+00 1.339700940693204778e+01
6.000000000000000000e+00 1.339700940693204778e+01
6.000000000000000000e+00 1.339700940693204778e+01
6.000000000000000000e+00 3.569910131566654155e+00
6.000000000000000000e+00 3.569910131566654155e+00
6.000000000000000000e+00 3.569910131566654155e+00
6.000000000000000000e+00 3.569910131566654155e+00
6.000000000000000000e+00 3.569910131566654155e+00
6.000000000000000000e+00 3.569910131566654155e+00
6.000000000000000000e+00 3.569910131566654155e+00
6.000000000000000000e+00 3.569910131566654155e+00
6.000000000000000000e+00 3.569910131566654155e+00
6.000000000000000000e+00 3.569910131566654155e+00
6.000000000000000000e+00 3.569910131566654155e+00
6.000000000000000000e+00 3.569910131566654155e+00
6.000000000000000000e+00 3.569910131566654155e+00
6.000000000000000000e+00 3.569910131566654155e+00
6.000000000000000000e+00 3.569910131566654155e+00
6.000000000000000000e+00 3.569910131566654155e+00
6.000000000000000000e+00 3.569910131566654155e+00
6.000000000000000000e+00 3.569910131566654155e+00
7.000000000000000000e+00 4.870739428187531672e+01
7.000000000000000000e+00 8.814047651572654019e+00
7.000000000000000000e+00 8.814047651572654019e+00
7.000000000000000000e+00 8.814047651572654019e+00
7.000000000000000000e+00 8.814047651572654019e+00
7.000000000000000000e+00 8.814047651572654019e+00
7.000000000000000000e+00 8.814047651572654019e+00
7.000000000000000000e+00 7.298553414421199648e+00
7.000000000000000000e+00 7.298553414421199648e+00
7.000000000000000000e+00 7.298553414421199648e+00
7.000000000000000000e+00 7.298553414421199648e+00
7.000000000000000000e+00 5.577012477953488201e+00
7.000000000000000000e+00 5.577012477953488201e+00
7.000000000000000000e+00 5.577012477953488201e+00
7.000000000000000000e+00 5.577012477953488201e+00
7.000000000000000000e+00 5.577012477953488201e+00
7.000000000000000000e+00 5.577012477953488201e+00
7.000000000000000000e+00 5.495822728262623968e+00
7.000000000000000000e+00 5.495822728262623968e+00
7.000000000000000000e+00 5.495822728262623968e+00
7.000000000000000000e+00 5.495822728262623968e+00
7.000000000000000000e+00 5.495822728262623968e+00
7.000000000000000000e+00 5.495822728262623968e+00
7.000000000000000000e+00 5.495822728262623968e+00
7.000000000000000000e+00 5.495822728262623968e+00
7.000000000000000000e+00 5.372743657106196835e+00
7.000000000000000000e+00 5.372743657106196835e+00
7.000000000000000000e+00 5.372743657106196835e+00
7.000000000000000000e+00 5.372743657106196835e+00
7.000000000000000000e+00 5.372743657106196835e+00
8.000000000000000000e+00 6.694152614159872883e+01
8.000000000000000000e+00 2.001440048961437768e+01
8.000000000000000000e+00 1.267741370127487954e+01
8.000000000000000000e+00 1.267741370127487954e+01
8.000000000000000000e+00 9.866920758548461734e+00
8.000000000000000000e+00 9.866920758548461734e+00
8.000000000000000000e+00 9.866920758548461734e+00
8.000000000000000000e+00 9.866920758548461734e+00
8.000000000000000000e+00 9.866920758548461734e+00
8.000000000000000000e+00 9.866920758548461734e+00
8.000000000000000000e+00 9.866920758548461734e+00
8.000000000000000000e+00 7.459824115684959622e+00
8.000000000000000000e+00 4.373205951717014095e+00
8.000000000000000000e+00 3.884257086935388181e-01
8.000000000000000000e+00 3.884257086935388181e-01
8.000000000000000000e+00 3.884257086935388181e-01
8.000000000000000000e+00 3.884257086935388181e-01
8.000000000000000000e+00 3.884257086935388181e-01
8.000000000000000000e+00 3.884257086935388181e-01
8.000000000000000000e+00 3.884257086935388181e-01
8.000000000000000000e+00 3.884257086935388181e-01
8.000000000000000000e+00 3.884257086935388181e-01
8.000000000000000000e+00 3.884257086935388181e-01
8.000000000000000000e+00 3.884257086935388181e-01
8.000000000000000000e+00 3.884257086935388181e-01
8.000000000000000000e+00 3.884257086935388181e-01
8.000000000000000000e+00 3.884257086935388181e-01
8.000000000000000000e+00 3.884257086935388181e-01
8.000000000000000000e+00 3.884257086935388181e-01
8.000000000000000000e+00 3.884257086935388181e-01
9.000000000000000000e+00 8.689003074261182746e+01
9.000000000000000000e+00 2.956769536343212579e+01
9.000000000000000000e+00 1.649317634018020939e+01
9.000000000000000000e+00 1.649317634018020939e+01
9.000000000000000000e+00 1.649317634018020939e+01
9.000000000000000000e+00 1.649317634018020939e+01
9.000000000000000000e+00 1.649317634018020939e+01
9.000000000000000000e+00 1.649317634018020939e+01
9.000000000000000000e+00 1.649317634018020939e+01
9.000000000000000000e+00 1.649317634018020939e+01
9.000000000000000000e+00 5.634672260419551826e+00
9.000000000000000000e+00 5.634672260419551826e+00
9.000000000000000000e+00 5.634672260419551826e+00
9.000000000000000000e+00 5.634672260419551826e+00
9.000000000000000000e+00 5.634672260419551826e+00
9.000000000000000000e+00 5.634672260419551826e+00
9.000000000000000000e+00 5.634672260419551826e+00
9.000000000000000000e+00 5.634672260419551826e+00
9.000000000000000000e+00 5.620191541102872890e+00
9.000000000000000000e+00 5.602674756084269347e+00
9.000000000000000000e+00 3.546844813707082267e+00
9.000000000000000000e+00 2.681156793885476119e+00
9.000000000000000000e+00 1.950556668209558975e+00
9.000000000000000000e+00 5.725024108374594523e-01
9.000000000000000000e+00 4.785434317101194268e-01
9.000000000000000000e+00 3.642729419601684615e-01
9.000000000000000000e+00 3.642729419601684615e-01
9.000000000000000000e+00 3.170218592154818715e-01
9.000000000000000000e+00 3.170218592154818715e-01
9.000000000000000000e+00 3.170218592154818715e-01
