6.903823296796512407e-310 6.903823296796512407e-310
0.000000000000000000e+00 6.046576963456138376e-01
0.000000000000000000e+00 1.477009141860644581e-01
0.000000000000000000e+00 -7.752629853182133601e-01
0.000000000000000000e+00 -7.752629853182133601e-01
0.000000000000000000e+00 -7.752629853182133601e-01
0.000000000000000000e+00 -7.752629853182133601e-01
0.000000000000000000e+00 -7.752629853182133601e-01
0.000000000000000000e+00 -7.752629853182133601e-01
0.000000000000000000e+00 -7.752629853182133601e-01
0.000000000000000000e+00 -7.957550452412627262e-01
0.000000000000000000e+00 -7.957550452412627262e-01
0.000000000000000000e+00 -9.285042601915728389e-01
0.000000000000000000e+00 -9.285042601915728389e-01
0.000000000000000000e+00 -1.044047150339870056e+00
0.000000000000000000e+00 -1.044047150339870056e+00
0.000000000000000000e+00 -1.044047150339870056e+00
0.000000000000000000e+00 -1.110067321048741729e+00
0.000000000000000000e+00 -1.114298117752558381e+00
0.000000000000000000e+00 -1.114298117752558381e+00
0.000000000000000000e+00 -1.114298117752558381e+00
0.000000000000000000e+00 -1.114298117752558381e+00
0.000000000000000000e+00 -1.114298117752558381e+00
0.000000000000000000e+00 -1.114298117752558381e+00
0.000000000000000000e+00 -1.114298117752558381e+00
0.000000000000000000e+00 -1.215663951360495432e+00
0.000000000000000000e+00 -1.215663951360495432e+00
0.000000000000000000e+00 -1.215663951360495432e+00
0.000000000000000000e+00 -1.215663951360495432e+00
0.000000000000000000e+00 -1.215663951360495432e+00
0.000000000000000000e+00 -1.416584381237284918e+00
1.000000000000000000e+00 3.080665791957114541e-01
1.000000000000000000e+00 -9.567672944639359356e-01
1.000000000000000000e+00 -9.567672944639359356e-01
1.000000000000000000e+00 -9.567672944639359356e-01
1.000000000000000000e+00 -9.567672944639359356e-01
1.000000000000000000e+00 -9.567672944639359356e-01
1.000000000000000000e+00 -9.567672944639359356e-01
1.000000000000000000e+00 -9.567672944639359356e-01
1.000000000000000000e+00 -1.179971276104965883e+00
1.000000000000000000e+00 -1.179971276104965883e+00
1.000000000000000000e+00 -1.179971276104965883e+00
1.000000000000000000e+00 -1.179971276104965883e+00
1.000000000000000000e+00 -1.208754099034187846e+00
1.000000000000000000e+00 -1.407905322275177173e+00
1.000000000000000000e+00 -1.407905322275177173e+00
1.000000000000000000e+00 -1.461426429777546554e+00
1.000000000000000000e+00 -1.461426429777546554e+00
1.000000000000000000e+00 -1.461426429777546554e+00
1.000000000000000000e+00 -1.461426429777546554e+00
1.000000000000000000e+00 -1.461426429777546554e+00
1.000000000000000000e+00 -1.461426429777546554e+00
1.000000000000000000e+00 -1.461426429777546554e+00
1.000000000000000000e+00 -1.461426429777546554e+00
1.000000000000000000e+00 -1.461426429777546554e+00
1.000000000000000000e+00 -1.469605013121437320e+00
1.000000000000000000e+00 -1.469605013121437320e+00
1.000000000000000000e+00 -1.528492167391821255e+00
1.000000000000000000e+00 -1.528492167391821255e+00
1.000000000000000000e+00 -1.528492167391821255e+00
1.000000000000000000e+00 -1.528492167391821255e+00
2.000000000000000000e+00 7.875025950805252251e-01
2.000000000000000000e+00 5.557035698654646527e-01
2.000000000000000000e+00 -2.862814677632815608e-01
2.000000000000000000e+00 -6.186623978494181220e-01
2.000000000000000000e+00 -6.186623978494181220e-01
2.000000000000000000e+00 -9.271021361888428514e-01
2.000000000000000000e+00 -9.271021361888428514e-01
2.000000000000000000e+00 -9.271021361888428514e-01
2.000000000000000000e+00 -9.271021361888428514e-01
2.000000000000000000e+00 -9.271021361888428514e-01
2.000000000000000000e+00 -9.271021361888428514e-01
2.000000000000000000e+00 -1.074833533988269751e+00
2.000000000000000000e+00 -1.147978948796388288e+00
2.000000000000000000e+00 -1.147978948796388288e+00
2.000000000000000000e+00 -1.147978948796388288e+00
2.000000000000000000e+00 -1.217045677205846221e+00
2.000000000000000000e+00 -1.217045677205846221e+00
2.000000000000000000e+00 -1.217045677205846221e+00
2.000000000000000000e+00 -1.217045677205846221e+00
2.000000000000000000e+00 -1.217045677205846221e+00
2.000000000000000000e+00 -1.217045677205846221e+00
2.000000000000000000e+00 -1.217045677205846221e+00
2.000000000000000000e+00 -1.223573063784493486e+00
2.000000000000000000e+00 -1.223573063784493486e+00
2.000000000000000000e+00 -1.223573063784493486e+00
2.000000000000000000e+00 -1.223573063784493486e+00
3.000000000000000000e+00 -4.671732047641223851e-01
3.000000000000000000e+00 -4.671732047641223851e-01
3.000000000000000000e+00 -4.671732047641223851e-01
3.000000000000000000e+00 -1.102632504152778248e+00
3.000000000000000000e+00 -1.102632504152778248e+00
3.000000000000000000e+00 -1.102632504152778248e+00
3.000000000000000000e+00 -1.102632504152778248e+00
3.000000000000000000e+00 -1.102632504152778248e+00
3.000000000000000000e+00 -1.102632504152778248e+00
3.000000000000000000e+00 -1.102632504152778248e+00
3.000000000000000000e+00 -1.102632504152778248e+00
3.000000000000000000e+00 -1.107796243551557591e+00
3.000000000000000000e+00 -1.190348791513846427e+00
3.000000000000000000e+00 -1.190348791513846427e+00
3.000000000000000000e+00 -1.190348791513846427e+00
3.000000000000000000e+00 -1.190348791513846427e+00
3.000000000000000000e+00 -1.239742521041390377e+00
3.000000000000000000e+00 -1.239742521041390377e+00
3.000000000000000000e+00 -1.239742521041390377e+00
3.000000000000000000e+00 -1.239742521041390377e+00
3.000000000000000000e+00 -1.247523083399090682e+00
3.000000000000000000e+00 -1.247523083399090682e+00
3.000000000000000000e+00 -1.247523083399090682e+00
3.000000000000000000e+00 -1.313786622728986941e+00
3.000000000000000000e+00 -1.313786622728986941e+00
3.000000000000000000e+00 -1.313786622728986941e+00
3.000000000000000000e+00 -1.313786622728986941e+00
3.000000000000000000e+00 -1.313786622728986941e+00
3.000000000000000000e+00 -1.355376881497978747e+00
3.000000000000000000e+00 -1.355376881497978747e+00
