6.930271131569341242e-310 7.916829648961833370e-316
0.000000000000000000e+00 -7.041849156077484295e-01
0.000000000000000000e+00 -7.041849156077484295e-01
0.000000000000000000e+00 -7.041849156077484295e-01
0.000000000000000000e+00 -7.041849156077484295e-01
0.000000000000000000e+00 -7.041849156077484295e-01
0.000000000000000000e+00 -7.041849156077484295e-01
0.000000000000000000e+00 -7.041849156077484295e-01
0.000000000000000000e+00 -7.041849156077484295e-01
0.000000000000000000e+00 -7.041849156077484295e-01
0.000000000000000000e+00 -7.041849156077484295e-01
0.000000000000000000e+00 -1.975953505411714994e+00
0.000000000000000000e+00 -1.975953505411714994e+00
0.000000000000000000e+00 -1.975953505411714994e+00
0.000000000000000000e+00 -1.975953505411714994e+00
0.000000000000000000e+00 -1.975953505411714994e+00
0.000000000000000000e+00 -1.975953505411714994e+00
0.000000000000000000e+00 -1.975953505411714994e+00
0.000000000000000000e+00 -1.975953505411714994e+00
0.000000000000000000e+00 -1.975953505411714994e+00
0.000000000000000000e+00 -1.975953505411714994e+00
0.000000000000000000e+00 -1.975953505411714994e+00
0.000000000000000000e+00 -1.975953505411714994e+00
0.000000000000000000e+00 -1.975953505411714994e+00
0.000000000000000000e+00 -1.975953505411714994e+00
0.000000000000000000e+00 -1.975953505411714994e+00
0.000000000000000000e+00 -1.975953505411714994e+00
0.000000000000000000e+00 -1.975953505411714994e+00
0.000000000000000000e+00 -1.975953505411714994e+00
0.000000000000000000e+00 -1.975953505411714994e+00
0.000000000000000000e+00 -1.975953505411714994e+00
1.000000000000000000e+00 1.590837952229798624e+00
1.000000000000000000e+00 -7.444418491946326322e-01
1.000000000000000000e+00 -7.444418491946326322e-01
1.000000000000000000e+00 -7.444418491946326322e-01
1.000000000000000000e+00 -7.444418491946326322e-01
1.000000000000000000e+00 -7.444418491946326322e-01
1.000000000000000000e+00 -7.444418491946326322e-01
1.000000000000000000e+00 -7.444418491946326322e-01
1.000000000000000000e+00 -7.444418491946326322e-01
1.000000000000000000e+00 -7.444418491946326322e-01
1.000000000000000000e+00 -1.742014984413460255e+00
1.000000000000000000e+00 -1.742014984413460255e+00
1.000000000000000000e+00 -1.742014984413460255e+00
1.000000000000000000e+00 -1.742014984413460255e+00
1.000000000000000000e+00 -1.742014984413460255e+00
1.000000000000000000e+00 -1.742014984413460255e+00
1.000000000000000000e+00 -1.742014984413460255e+00
1.000000000000000000e+00 -1.742014984413460255e+00
1.000000000000000000e+00 -1.742014984413460255e+00
1.000000000000000000e+00 -1.742014984413460255e+00
1.000000000000000000e+00 -1.742014984413460255e+00
1.000000000000000000e+00 -1.742014984413460255e+00
1.000000000000000000e+00 -1.742014984413460255e+00
1.000000000000000000e+00 -1.742014984413460255e+00
1.000000000000000000e+00 -1.742014984413460255e+00
1.000000000000000000e+00 -1.742014984413460255e+00
1.000000000000000000e+00 -1.742014984413460255e+00
1.000000000000000000e+00 -1.742014984413460255e+00
1.000000000000000000e+00 -1.742014984413460255e+00
1.000000000000000000e+00 -1.742014984413460255e+00
2.000000000000000000e+00 1.578096996980493660e+00
2.000000000000000000e+00 1.578096996980493660e+00
2.000000000000000000e+00 1.578096996980493660e+00
2.000000000000000000e+00 1.578096996980493660e+00
2.000000000000000000e+00 1.578096996980493660e+00
2.000000000000000000e+00 1.578096996980493660e+00
2.000000000000000000e+00 1.578096996980493660e+00
2.000000000000000000e+00 1.578096996980493660e+00
2.000000000000000000e+00 1.578096996980493660e+00
2.000000000000000000e+00 7.517981229067218774e-01
2.000000000000000000e+00 7.517981229067218774e-01
2.000000000000000000e+00 -9.552360212993662447e-01
2.000000000000000000e+00 -9.552360212993662447e-01
2.000000000000000000e+00 -1.305735665174782456e+00
2.000000000000000000e+00 -1.305735665174782456e+00
2.000000000000000000e+00 -1.393839382528401449e+00
2.000000000000000000e+00 -1.466108554133900954e+00
2.000000000000000000e+00 -1.466108554133900954e+00
2.000000000000000000e+00 -1.466108554133900954e+00
2.000000000000000000e+00 -1.466108554133900954e+00
2.000000000000000000e+00 -1.466108554133900954e+00
2.000000000000000000e+00 -1.466108554133900954e+00
2.000000000000000000e+00 -1.466108554133900954e+00
2.000000000000000000e+00 -1.466108554133900954e+00
2.000000000000000000e+00 -1.466108554133900954e+00
2.000000000000000000e+00 -1.466108554133900954e+00
2.000000000000000000e+00 -1.466108554133900954e+00
2.000000000000000000e+00 -1.466108554133900954e+00
2.000000000000000000e+00 -1.466108554133900954e+00
2.000000000000000000e+00 -1.466108554133900954e+00
3.000000000000000000e+00 7.218301695909848270e+00
3.000000000000000000e+00 -5.726778557526477492e-02
3.000000000000000000e+00 -5.726778557526477492e-02
3.000000000000000000e+00 -5.141081005725068875e-01
3.000000000000000000e+00 -6.870899031134372059e-01
3.000000000000000000e+00 -6.870899031134372059e-01
3.000000000000000000e+00 -6.870899031134372059e-01
3.000000000000000000e+00 -6.870899031134372059e-01
3.000000000000000000e+00 -6.870899031134372059e-01
3.000000000000000000e+00 -6.870899031134372059e-01
3.000000000000000000e+00 -6.870899031134372059e-01
3.000000000000000000e+00 -1.259339685591477798e+00
3.000000000000000000e+00 -1.391519733556478844e+00
3.000000000000000000e+00 -1.391519733556478844e+00
3.000000000000000000e+00 -1.752564956299430765e+00
3.000000000000000000e+00 -1.832389184798185244e+00
3.000000000000000000e+00 -1.860650518844058077e+00
3.000000000000000000e+00 -1.860650518844058077e+00
3.000000000000000000e+00 -1.860650518844058077e+00
3.000000000000000000e+00 -1.860650518844058077e+00
3.000000000000000000e+00 -1.860650518844058077e+00
3.000000000000000000e+00 -1.860650518844058077e+00
3.000000000000000000e+00 -1.860650518844058077e+00
3.000000000000000000e+00 -1.860650518844058077e+00
3.000000000000000000e+00 -1.860650518844058077e+00
3.000000000000000000e+00 -1.860650518844058077e+00
3.000000000000000000e+00 -1.860650518844058077e+00
3.000000000000000000e+00 -1.860650518844058077e+00
3.000000000000000000e+00 -1.860650518844058077e+00
3.000000000000000000e+00 -1.860650518844058077e+00
4.000000000000000000e+00 3.323245944731308299e+00
4.000000000000000000e+00 3.323245944731308299e+00
4.000000000000000000e+00 9.667953908935575935e-01
4.000000000000000000e+00 9.667953908935575935e-01
4.000000000000000000e+00 9.667953908935575935e-01
4.000000000000000000e+00 9.667953908935575935e-01
4.000000000000000000e+00 9.667953908935575935e-01
4.000000000000000000e+00 9.667953908935575935e-01
4.000000000000000000e+00 -1.135540722054000917e-01
4.000000000000000000e+00 -1.135540722054000917e-01
4.000000000000000000e+00 -1.040917076387294138e+00
4.000000000000000000e+00 -1.961478855507362562e+00
4.000000000000000000e+00 -1.961478855507362562e+00
4.000000000000000000e+00 -1.961478855507362562e+00
4.000000000000000000e+00 -2.003955107796704826e+00
4.000000000000000000e+00 -2.003955107796704826e+00
4.000000000000000000e+00 -2.003955107796704826e+00
4.000000000000000000e+00 -2.003955107796704826e+00
4.000000000000000000e+00 -2.003955107796704826e+00
4.000000000000000000e+00 -2.003955107796704826e+00
4.000000000000000000e+00 -2.003955107796704826e+00
4.000000000000000000e+00 -2.003955107796704826e+00
4.000000000000000000e+00 -2.018951101606095033e+00
4.000000000000000000e+00 -2.098050005632972503e+00
4.000000000000000000e+00 -2.098050005632972503e+00
4.000000000000000000e+00 -2.098050005632972503e+00
4.000000000000000000e+00 -2.098050005632972503e+00
4.000000000000000000e+00 -2.098050005632972503e+00
4.000000000000000000e+00 -2.098050005632972503e+00
4.000000000000000000e+00 -2.098050005632972503e+00
5.000000000000000000e+00 9.633835936177920445e+00
5.000000000000000000e+00 1.212559556175227815e+00
5.000000000000000000e+00 -1.607235546113188418e+00
5.000000000000000000e+00 -1.607235546113188418e+00
5.000000000000000000e+00 -1.607235546113188418e+00
5.000000000000000000e+00 -1.607235546113188418e+00
5.000000000000000000e+00 -1.693827477678532700e+00
5.000000000000000000e+00 -1.693827477678532700e+00
5.000000000000000000e+00 -1.693827477678532700e+00
5.000000000000000000e+00 -1.693827477678532700e+00
5.000000000000000000e+00 -1.693827477678532700e+00
5.000000000000000000e+00 -1.859351913961275971e+00
5.000000000000000000e+00 -1.859351913961275971e+00
5.000000000000000000e+00 -1.859351913961275971e+00
5.000000000000000000e+00 -1.859351913961275971e+00
5.000000000000000000e+00 -1.949826593513246387e+00
5.000000000000000000e+00 -1.949826593513246387e+00
5.000000000000000000e+00 -1.974382552799019530e+00
5.000000000000000000e+00 -2.112463319544231943e+00
5.000000000000000000e+00 -2.112463319544231943e+00
5.000000000000000000e+00 -2.112463319544231943e+00
5.000000000000000000e+00 -2.112463319544231943e+00
5.000000000000000000e+00 -2.112463319544231943e+00
5.000000000000000000e+00 -2.112463319544231943e+00
5.000000000000000000e+00 -2.112463319544231943e+00
5.000000000000000000e+00 -2.112463319544231943e+00
5.000000000000000000e+00 -2.112463319544231943e+00
5.000000000000000000e+00 -2.112463319544231943e+00
5.000000000000000000e+00 -2.112463319544231943e+00
5.000000000000000000e+00 -2.112463319544231943e+00
6.000000000000000000e+00 3.834876551078719054e+00
6.000000000000000000e+00 3.606865973868970787e+00
6.000000000000000000e+00 3.606865973868970787e+00
6.000000000000000000e+00 3.606865973868970787e+00
6.000000000000000000e+00 1.547853859960822920e+00
6.000000000000000000e+00 1.547853859960822920e+00
6.000000000000000000e+00 1.547853859960822920e+00
6.000000000000000000e+00 1.547853859960822920e+00
6.000000000000000000e+00 1.547853859960822920e+00
6.000000000000000000e+00 1.547853859960822920e+00
6.000000000000000000e+00 6.366333986495427422e-02
6.000000000000000000e+00 2.828188469587625958e-02
6.000000000000000000e+00 -7.266962343105190167e-03
6.000000000000000000e+00 -1.721955415201295858e-01
6.000000000000000000e+00 -2.312825046408370500e-01
6.000000000000000000e+00 -4.621384409809463634e-01
6.000000000000000000e+00 -1.403456054107023343e+00
6.000000000000000000e+00 -1.618762913451488705e+00
6.000000000000000000e+00 -1.658529795193625311e+00
6.000000000000000000e+00 -1.658529795193625311e+00
6.000000000000000000e+00 -1.728257364035474364e+00
6.000000000000000000e+00 -1.728257364035474364e+00
6.000000000000000000e+00 -1.728257364035474364e+00
6.000000000000000000e+00 -1.728257364035474364e+00
6.000000000000000000e+00 -1.728257364035474364e+00
6.000000000000000000e+00 -1.803722529279223163e+00
6.000000000000000000e+00 -1.904790808562749183e+00
6.000000000000000000e+00 -1.904790808562749183e+00
6.000000000000000000e+00 -1.904790808562749183e+00
6.000000000000000000e+00 -1.904790808562749183e+00
7.000000000000000000e+00 -1.076783260527559793e+00
7.000000000000000000e+00 -1.076783260527559793e+00
7.000000000000000000e+00 -1.076783260527559793e+00
7.000000000000000000e+00 -1.076783260527559793e+00
7.000000000000000000e+00 -1.076783260527559793e+00
7.000000000000000000e+00 -1.076783260527559793e+00
7.000000000000000000e+00 -1.076783260527559793e+00
7.000000000000000000e+00 -1.076783260527559793e+00
7.000000000000000000e+00 -1.076783260527559793e+00
7.000000000000000000e+00 -1.180605015037784700e+00
7.000000000000000000e+00 -1.573251044150895783e+00
7.000000000000000000e+00 -1.823646954610224746e+00
7.000000000000000000e+00 -1.823646954610224746e+00
7.000000000000000000e+00 -1.870244379428599890e+00
7.000000000000000000e+00 -1.870244379428599890e+00
7.000000000000000000e+00 -2.034986579665723827e+00
7.000000000000000000e+00 -2.034986579665723827e+00
7.000000000000000000e+00 -2.040632806562096224e+00
7.000000000000000000e+00 -2.040632806562096224e+00
7.000000000000000000e+00 -2.040632806562096224e+00
7.000000000000000000e+00 -2.040632806562096224e+00
7.000000000000000000e+00 -2.040632806562096224e+00
7.000000000000000000e+00 -2.040632806562096224e+00
7.000000000000000000e+00 -2.040632806562096224e+00
7.000000000000000000e+00 -2.040632806562096224e+00
7.000000000000000000e+00 -2.040632806562096224e+00
7.000000000000000000e+00 -2.040632806562096224e+00
7.000000000000000000e+00 -2.061334918478643807e+00
7.000000000000000000e+00 -2.061334918478643807e+00
7.000000000000000000e+00 -2.061334918478643807e+00
8.000000000000000000e+00 1.067028933329336482e+01
8.000000000000000000e+00 -5.933081167504714593e-01
8.000000000000000000e+00 -5.933081167504714593e-01
8.000000000000000000e+00 -5.933081167504714593e-01
8.000000000000000000e+00 -5.933081167504714593e-01
8.000000000000000000e+00 -5.933081167504714593e-01
8.000000000000000000e+00 -1.782589094325864654e+00
8.000000000000000000e+00 -1.782589094325864654e+00
8.000000000000000000e+00 -1.782589094325864654e+00
8.000000000000000000e+00 -1.782589094325864654e+00
8.000000000000000000e+00 -1.782589094325864654e+00
8.000000000000000000e+00 -1.782589094325864654e+00
8.000000000000000000e+00 -1.782589094325864654e+00
8.000000000000000000e+00 -1.782589094325864654e+00
8.000000000000000000e+00 -1.783543199952166924e+00
8.000000000000000000e+00 -1.830128127888459133e+00
8.000000000000000000e+00 -1.993267833949941448e+00
8.000000000000000000e+00 -2.012025554758654078e+00
8.000000000000000000e+00 -2.012025554758654078e+00
8.000000000000000000e+00 -2.012025554758654078e+00
8.000000000000000000e+00 -2.012025554758654078e+00
8.000000000000000000e+00 -2.012025554758654078e+00
8.000000000000000000e+00 -2.126072725470418590e+00
8.000000000000000000e+00 -2.126072725470418590e+00
8.000000000000000000e+00 -2.126072725470418590e+00
8.000000000000000000e+00 -2.126072725470418590e+00
8.000000000000000000e+00 -2.126072725470418590e+00
8.000000000000000000e+00 -2.126072725470418590e+00
8.000000000000000000e+00 -2.126072725470418590e+00
8.000000000000000000e+00 -2.126072725470418590e+00
9.000000000000000000e+00 -1.237917523091030869e+00
9.000000000000000000e+00 -1.237917523091030869e+00
9.000000000000000000e+00 -1.237917523091030869e+00
9.000000000000000000e+00 -1.237917523091030869e+00
9.000000000000000000e+00 -1.237917523091030869e+00
9.000000000000000000e+00 -1.237917523091030869e+00
9.000000000000000000e+00 -1.237917523091030869e+00
9.000000000000000000e+00 -1.237917523091030869e+00
9.000000000000000000e+00 -1.237917523091030869e+00
9.000000000000000000e+00 -1.339119315311397607e+00
9.000000000000000000e+00 -1.339119315311397607e+00
9.000000000000000000e+00 -1.905214819660764114e+00
9.000000000000000000e+00 -1.905214819660764114e+00
9.000000000000000000e+00 -1.905214819660764114e+00
9.000000000000000000e+00 -1.925117405224197054e+00
9.000000000000000000e+00 -1.925117405224197054e+00
9.000000000000000000e+00 -1.925117405224197054e+00
9.000000000000000000e+00 -1.925117405224197054e+00
9.000000000000000000e+00 -1.925117405224197054e+00
9.000000000000000000e+00 -1.925117405224197054e+00
9.000000000000000000e+00 -1.925117405224197054e+00
9.000000000000000000e+00 -1.925117405224197054e+00
9.000000000000000000e+00 -1.925117405224197054e+00
9.000000000000000000e+00 -1.925117405224197054e+00
9.000000000000000000e+00 -1.925117405224197054e+00
9.000000000000000000e+00 -2.017120509940068196e+00
9.000000000000000000e+00 -2.017120509940068196e+00
9.000000000000000000e+00 -2.017120509940068196e+00
9.000000000000000000e+00 -2.017120509940068196e+00
9.000000000000000000e+00 -2.017120509940068196e+00
