6.917104538421024034e-310 1.859133452574110176e-316
0.000000000000000000e+00 5.148091016244887852e-01
0.000000000000000000e+00 -1.092596840682404036e+00
0.000000000000000000e+00 -1.092596840682404036e+00
0.000000000000000000e+00 -1.092596840682404036e+00
0.000000000000000000e+00 -1.092596840682404036e+00
0.000000000000000000e+00 -1.092596840682404036e+00
0.000000000000000000e+00 -1.092596840682404036e+00
0.000000000000000000e+00 -1.092596840682404036e+00
0.000000000000000000e+00 -1.381294673222563940e+00
0.000000000000000000e+00 -1.381294673222563940e+00
1.000000000000000000e+00 -5.170240742278905399e-01
1.000000000000000000e+00 -5.170240742278905399e-01
1.000000000000000000e+00 -5.170240742278905399e-01
1.000000000000000000e+00 -5.508389187221184313e-01
1.000000000000000000e+00 -7.734812992938857601e-01
1.000000000000000000e+00 -7.734812992938857601e-01
1.000000000000000000e+00 -7.734812992938857601e-01
1.000000000000000000e+00 -7.734812992938857601e-01
1.000000000000000000e+00 -7.734812992938857601e-01
1.000000000000000000e+00 -7.734812992938857601e-01
