6.917104538421024034e-310 8.484504751993158882e-316
0.000000000000000000e+00 1.483781035657696634e+02
0.000000000000000000e+00 3.609888724950970129e+01
0.000000000000000000e+00 3.609888724950970129e+01
0.000000000000000000e+00 3.609888724950970129e+01
0.000000000000000000e+00 3.609888724950970129e+01
0.000000000000000000e+00 1.823934953879244958e+01
0.000000000000000000e+00 1.823934953879244958e+01
0.000000000000000000e+00 1.823934953879244958e+01
0.000000000000000000e+00 1.823934953879244958e+01
0.000000000000000000e+00 1.823934953879244958e+01
1.000000000000000000e+00 2.063994614947807094e+01
1.000000000000000000e+00 1.220015262606915663e+01
1.000000000000000000e+00 1.220015262606915663e+01
1.000000000000000000e+00 1.220015262606915663e+01
1.000000000000000000e+00 1.220015262606915663e+01
1.000000000000000000e+00 1.220015262606915663e+01
1.000000000000000000e+00 1.220015262606915663e+01
1.000000000000000000e+00 1.220015262606915663e+01
1.000000000000000000e+00 1.220015262606915663e+01
1.000000000000000000e+00 1.220015262606915663e+01
