6.947691732365946330e-310 6.947691732365946330e-310
0.000000000000000000e+00 7.445459257712940815e-01
0.000000000000000000e+00 -8.407992469829957960e-01
0.000000000000000000e+00 -8.407992469829957960e-01
0.000000000000000000e+00 -9.092891089939524329e-01
0.000000000000000000e+00 -9.092891089939524329e-01
0.000000000000000000e+00 -1.097429194543670050e+00
0.000000000000000000e+00 -1.097429194543670050e+00
0.000000000000000000e+00 -1.225445108493830260e+00
0.000000000000000000e+00 -1.225445108493830260e+00
0.000000000000000000e+00 -1.225445108493830260e+00
0.000000000000000000e+00 -1.225445108493830260e+00
0.000000000000000000e+00 -1.225445108493830260e+00
0.000000000000000000e+00 -1.225445108493830260e+00
0.000000000000000000e+00 -1.300712127856036071e+00
1.000000000000000000e+00 -1.027062926336895332e+00
1.000000000000000000e+00 -1.027062926336895332e+00
1.000000000000000000e+00 -1.027062926336895332e+00
1.000000000000000000e+00 -1.027062926336895332e+00
1.000000000000000000e+00 -1.027062926336895332e+00
1.000000000000000000e+00 -1.027062926336895332e+00
2.000000000000000000e+00 -9.883961861280006200e-01
2.000000000000000000e+00 -9.883961861280006200e-01
2.000000000000000000e+00 -9.883961861280006200e-01
2.000000000000000000e+00 -9.883961861280006200e-01
2.000000000000000000e+00 -9.883961861280006200e-01
2.000000000000000000e+00 -9.883961861280006200e-01
2.000000000000000000e+00 -9.883961861280006200e-01
2.000000000000000000e+00 -1.300707579195365060e+00
2.000000000000000000e+00 -1.300707579195365060e+00
2.000000000000000000e+00 -1.300707579195365060e+00
2.000000000000000000e+00 -1.300707579195365060e+00
2.000000000000000000e+00 -1.652156927027505606e+00
2.000000000000000000e+00 -1.652156927027505606e+00
2.000000000000000000e+00 -1.652156927027505606e+00
2.000000000000000000e+00 -1.652156927027505606e+00
2.000000000000000000e+00 -1.652156927027505606e+00
2.000000000000000000e+00 -1.652156927027505606e+00
2.000000000000000000e+00 -1.652156927027505606e+00
2.000000000000000000e+00 -1.652156927027505606e+00
2.000000000000000000e+00 -1.652156927027505606e+00
2.000000000000000000e+00 -1.652156927027505606e+00
3.000000000000000000e+00 -7.017031401432152204e-01
3.000000000000000000e+00 -7.017031401432152204e-01
3.000000000000000000e+00 -1.235400104216086703e+00
3.000000000000000000e+00 -1.235400104216086703e+00
3.000000000000000000e+00 -1.456001725645221123e+00
3.000000000000000000e+00 -1.456001725645221123e+00
3.000000000000000000e+00 -1.549456452080083091e+00
3.000000000000000000e+00 -1.549456452080083091e+00
3.000000000000000000e+00 -1.549456452080083091e+00
3.000000000000000000e+00 -1.549456452080083091e+00
3.000000000000000000e+00 -1.549456452080083091e+00
3.000000000000000000e+00 -1.676904067798799192e+00
3.000000000000000000e+00 -1.676904067798799192e+00
4.000000000000000000e+00 -4.367421170595220392e-01
4.000000000000000000e+00 -6.089496207506073233e-01
4.000000000000000000e+00 -6.497475614155706625e-01
4.000000000000000000e+00 -6.497475614155706625e-01
4.000000000000000000e+00 -7.107042045304863276e-01
4.000000000000000000e+00 -7.107042045304863276e-01
4.000000000000000000e+00 -7.107042045304863276e-01
4.000000000000000000e+00 -7.107042045304863276e-01
4.000000000000000000e+00 -7.107042045304863276e-01
4.000000000000000000e+00 -7.152780685945573369e-01
4.000000000000000000e+00 -8.324804935442967624e-01
4.000000000000000000e+00 -1.186397817280509193e+00
4.000000000000000000e+00 -1.186397817280509193e+00
4.000000000000000000e+00 -1.186397817280509193e+00
4.000000000000000000e+00 -1.186397817280509193e+00
4.000000000000000000e+00 -1.276802187084325801e+00
5.000000000000000000e+00 -7.703779075013962307e-01
5.000000000000000000e+00 -1.084328493495306356e+00
5.000000000000000000e+00 -1.084328493495306356e+00
5.000000000000000000e+00 -1.084328493495306356e+00
5.000000000000000000e+00 -1.084328493495306356e+00
5.000000000000000000e+00 -1.524088265658334551e+00
5.000000000000000000e+00 -1.524088265658334551e+00
5.000000000000000000e+00 -1.524088265658334551e+00
5.000000000000000000e+00 -1.524088265658334551e+00
5.000000000000000000e+00 -1.601249123786727457e+00
5.000000000000000000e+00 -1.601249123786727457e+00
5.000000000000000000e+00 -1.601249123786727457e+00
5.000000000000000000e+00 -1.680945187019790454e+00
5.000000000000000000e+00 -1.680945187019790454e+00
5.000000000000000000e+00 -1.680945187019790454e+00
5.000000000000000000e+00 -1.680945187019790454e+00
5.000000000000000000e+00 -1.680945187019790454e+00
5.000000000000000000e+00 -1.680945187019790454e+00
5.000000000000000000e+00 -1.680945187019790454e+00
6.000000000000000000e+00 -3.592315368925098618e-01
6.000000000000000000e+00 -3.592315368925098618e-01
6.000000000000000000e+00 -6.233083558606961061e-01
6.000000000000000000e+00 -6.408357443978862644e-01
6.000000000000000000e+00 -6.408357443978862644e-01
6.000000000000000000e+00 -6.408357443978862644e-01
6.000000000000000000e+00 -6.408357443978862644e-01
6.000000000000000000e+00 -7.280549761707965084e-01
6.000000000000000000e+00 -7.280549761707965084e-01
6.000000000000000000e+00 -9.394989093208248043e-01
6.000000000000000000e+00 -1.123719086858096627e+00
6.000000000000000000e+00 -1.188026026354797260e+00
6.000000000000000000e+00 -1.188026026354797260e+00
6.000000000000000000e+00 -1.188026026354797260e+00
6.000000000000000000e+00 -1.188026026354797260e+00
6.000000000000000000e+00 -1.276115599774456877e+00
6.000000000000000000e+00 -1.313411864973083931e+00
7.000000000000000000e+00 -9.127682861200142606e-01
7.000000000000000000e+00 -9.772260952358399200e-01
7.000000000000000000e+00 -9.772260952358399200e-01
7.000000000000000000e+00 -9.772260952358399200e-01
7.000000000000000000e+00 -9.772260952358399200e-01
7.000000000000000000e+00 -9.772260952358399200e-01
7.000000000000000000e+00 -9.772260952358399200e-01
7.000000000000000000e+00 -9.772260952358399200e-01
7.000000000000000000e+00 -9.772260952358399200e-01
7.000000000000000000e+00 -9.772260952358399200e-01
7.000000000000000000e+00 -1.132469221125697034e+00
7.000000000000000000e+00 -1.132469221125697034e+00
7.000000000000000000e+00 -1.132469221125697034e+00
7.000000000000000000e+00 -1.132469221125697034e+00
7.000000000000000000e+00 -1.132469221125697034e+00
7.000000000000000000e+00 -1.151383631066043023e+00
7.000000000000000000e+00 -1.251040252855666335e+00
7.000000000000000000e+00 -1.251040252855666335e+00
7.000000000000000000e+00 -1.251040252855666335e+00
7.000000000000000000e+00 -1.251040252855666335e+00
7.000000000000000000e+00 -1.251040252855666335e+00
8.000000000000000000e+00 4.846494319827573949e-01
8.000000000000000000e+00 -8.961259593220350927e-01
8.000000000000000000e+00 -8.961259593220350927e-01
8.000000000000000000e+00 -8.961259593220350927e-01
8.000000000000000000e+00 -8.961259593220350927e-01
8.000000000000000000e+00 -8.961259593220350927e-01
8.000000000000000000e+00 -8.961259593220350927e-01
8.000000000000000000e+00 -8.961259593220350927e-01
8.000000000000000000e+00 -8.961259593220350927e-01
8.000000000000000000e+00 -8.961259593220350927e-01
8.000000000000000000e+00 -8.961259593220350927e-01
8.000000000000000000e+00 -8.961259593220350927e-01
8.000000000000000000e+00 -1.033631105461718880e+00
8.000000000000000000e+00 -1.162875438437666720e+00
8.000000000000000000e+00 -1.599647849679723510e+00
8.000000000000000000e+00 -1.599647849679723510e+00
8.000000000000000000e+00 -1.599647849679723510e+00
8.000000000000000000e+00 -1.599647849679723510e+00
8.000000000000000000e+00 -1.600089392702566782e+00
8.000000000000000000e+00 -1.600089392702566782e+00
8.000000000000000000e+00 -1.600089392702566782e+00
8.000000000000000000e+00 -1.600089392702566782e+00
8.000000000000000000e+00 -1.600089392702566782e+00
8.000000000000000000e+00 -1.745762689134062517e+00
9.000000000000000000e+00 -4.519512196620376621e-01
9.000000000000000000e+00 -4.519512196620376621e-01
9.000000000000000000e+00 -1.298375464612135044e+00
9.000000000000000000e+00 -1.298375464612135044e+00
9.000000000000000000e+00 -1.298375464612135044e+00
9.000000000000000000e+00 -1.298375464612135044e+00
9.000000000000000000e+00 -1.485312809265826095e+00
9.000000000000000000e+00 -1.485312809265826095e+00
9.000000000000000000e+00 -1.485312809265826095e+00
9.000000000000000000e+00 -1.649610299558997184e+00
9.000000000000000000e+00 -1.649610299558997184e+00
9.000000000000000000e+00 -1.649610299558997184e+00
9.000000000000000000e+00 -1.649610299558997184e+00
