6.947691732368317845e-310 2.996021981431652504e-316
0.000000000000000000e+00 7.445459257712940815e-01
0.000000000000000000e+00 -8.407992469829957960e-01
0.000000000000000000e+00 -8.407992469829957960e-01
0.000000000000000000e+00 -9.092891089939524329e-01
0.000000000000000000e+00 -9.092891089939524329e-01
0.000000000000000000e+00 -9.092891089939524329e-01
0.000000000000000000e+00 -9.092891089939524329e-01
0.000000000000000000e+00 -1.012219589629767436e+00
0.000000000000000000e+00 -1.012219589629767436e+00
0.000000000000000000e+00 -1.012219589629767436e+00
0.000000000000000000e+00 -1.012219589629767436e+00
0.000000000000000000e+00 -1.012219589629767436e+00
0.000000000000000000e+00 -1.012219589629767436e+00
0.000000000000000000e+00 -1.012219589629767436e+00
0.000000000000000000e+00 -1.012219589629767436e+00
0.000000000000000000e+00 -1.012219589629767436e+00
0.000000000000000000e+00 -1.012219589629767436e+00
0.000000000000000000e+00 -1.012219589629767436e+00
0.000000000000000000e+00 -1.211856283313978322e+00
0.000000000000000000e+00 -1.211856283313978322e+00
0.000000000000000000e+00 -1.211856283313978322e+00
0.000000000000000000e+00 -1.211856283313978322e+00
0.000000000000000000e+00 -1.211856283313978322e+00
0.000000000000000000e+00 -1.581407274503236149e+00
1.000000000000000000e+00 -1.027062926336895332e+00
1.000000000000000000e+00 -1.027062926336895332e+00
1.000000000000000000e+00 -1.027062926336895332e+00
1.000000000000000000e+00 -1.027062926336895332e+00
1.000000000000000000e+00 -1.027062926336895332e+00
1.000000000000000000e+00 -1.027062926336895332e+00
1.000000000000000000e+00 -1.027062926336895332e+00
1.000000000000000000e+00 -1.027062926336895332e+00
1.000000000000000000e+00 -1.027062926336895332e+00
1.000000000000000000e+00 -1.027062926336895332e+00
1.000000000000000000e+00 -1.027062926336895332e+00
1.000000000000000000e+00 -1.027062926336895332e+00
1.000000000000000000e+00 -1.027062926336895332e+00
1.000000000000000000e+00 -1.027062926336895332e+00
1.000000000000000000e+00 -1.027062926336895332e+00
1.000000000000000000e+00 -1.027062926336895332e+00
1.000000000000000000e+00 -1.027062926336895332e+00
1.000000000000000000e+00 -1.027062926336895332e+00
1.000000000000000000e+00 -1.027062926336895332e+00
1.000000000000000000e+00 -1.027062926336895332e+00
1.000000000000000000e+00 -1.027062926336895332e+00
1.000000000000000000e+00 -1.027062926336895332e+00
1.000000000000000000e+00 -1.027062926336895332e+00
1.000000000000000000e+00 -1.027062926336895332e+00
2.000000000000000000e+00 -9.883961861280006200e-01
2.000000000000000000e+00 -9.883961861280006200e-01
2.000000000000000000e+00 -9.883961861280006200e-01
2.000000000000000000e+00 -9.883961861280006200e-01
2.000000000000000000e+00 -9.883961861280006200e-01
2.000000000000000000e+00 -9.883961861280006200e-01
2.000000000000000000e+00 -9.883961861280006200e-01
2.000000000000000000e+00 -9.883961861280006200e-01
2.000000000000000000e+00 -9.883961861280006200e-01
2.000000000000000000e+00 -9.883961861280006200e-01
2.000000000000000000e+00 -9.883961861280006200e-01
2.000000000000000000e+00 -9.883961861280006200e-01
2.000000000000000000e+00 -9.883961861280006200e-01
2.000000000000000000e+00 -9.883961861280006200e-01
2.000000000000000000e+00 -9.883961861280006200e-01
2.000000000000000000e+00 -9.883961861280006200e-01
2.000000000000000000e+00 -9.883961861280006200e-01
2.000000000000000000e+00 -9.883961861280006200e-01
2.000000000000000000e+00 -9.883961861280006200e-01
2.000000000000000000e+00 -9.883961861280006200e-01
2.000000000000000000e+00 -9.883961861280006200e-01
2.000000000000000000e+00 -9.883961861280006200e-01
2.000000000000000000e+00 -9.883961861280006200e-01
2.000000000000000000e+00 -9.883961861280006200e-01
3.000000000000000000e+00 -7.017031401432152204e-01
3.000000000000000000e+00 -7.017031401432152204e-01
3.000000000000000000e+00 -1.235400104216086703e+00
3.000000000000000000e+00 -1.235400104216086703e+00
3.000000000000000000e+00 -1.476126519871978182e+00
3.000000000000000000e+00 -1.476126519871978182e+00
3.000000000000000000e+00 -1.476126519871978182e+00
3.000000000000000000e+00 -1.508721034175096953e+00
3.000000000000000000e+00 -1.508721034175096953e+00
3.000000000000000000e+00 -1.508721034175096953e+00
3.000000000000000000e+00 -1.508721034175096953e+00
3.000000000000000000e+00 -1.588550807619286909e+00
3.000000000000000000e+00 -1.588550807619286909e+00
3.000000000000000000e+00 -1.797166794422777381e+00
3.000000000000000000e+00 -1.797166794422777381e+00
3.000000000000000000e+00 -1.797166794422777381e+00
3.000000000000000000e+00 -1.797166794422777381e+00
3.000000000000000000e+00 -1.797166794422777381e+00
3.000000000000000000e+00 -1.797166794422777381e+00
3.000000000000000000e+00 -1.797166794422777381e+00
3.000000000000000000e+00 -1.797166794422777381e+00
3.000000000000000000e+00 -1.797166794422777381e+00
3.000000000000000000e+00 -1.797166794422777381e+00
3.000000000000000000e+00 -1.797166794422777381e+00
4.000000000000000000e+00 -4.367421170595220392e-01
4.000000000000000000e+00 -6.089496207506073233e-01
4.000000000000000000e+00 -6.497475614155706625e-01
4.000000000000000000e+00 -6.497475614155706625e-01
4.000000000000000000e+00 -1.031462441284749953e+00
4.000000000000000000e+00 -1.031462441284749953e+00
4.000000000000000000e+00 -1.108773027821065016e+00
4.000000000000000000e+00 -1.108773027821065016e+00
4.000000000000000000e+00 -1.108773027821065016e+00
4.000000000000000000e+00 -1.108773027821065016e+00
4.000000000000000000e+00 -1.108773027821065016e+00
4.000000000000000000e+00 -1.108773027821065016e+00
4.000000000000000000e+00 -1.108773027821065016e+00
4.000000000000000000e+00 -1.108773027821065016e+00
4.000000000000000000e+00 -1.108773027821065016e+00
4.000000000000000000e+00 -1.194608379534375597e+00
4.000000000000000000e+00 -1.194608379534375597e+00
4.000000000000000000e+00 -1.194608379534375597e+00
4.000000000000000000e+00 -1.194608379534375597e+00
4.000000000000000000e+00 -1.194608379534375597e+00
4.000000000000000000e+00 -1.194608379534375597e+00
4.000000000000000000e+00 -1.194608379534375597e+00
4.000000000000000000e+00 -1.194608379534375597e+00
4.000000000000000000e+00 -1.194608379534375597e+00
5.000000000000000000e+00 -7.703779075013962307e-01
5.000000000000000000e+00 -1.084328493495306356e+00
5.000000000000000000e+00 -1.084328493495306356e+00
5.000000000000000000e+00 -1.084328493495306356e+00
5.000000000000000000e+00 -1.163952973956816628e+00
5.000000000000000000e+00 -1.163952973956816628e+00
5.000000000000000000e+00 -1.163952973956816628e+00
5.000000000000000000e+00 -1.163952973956816628e+00
5.000000000000000000e+00 -1.163952973956816628e+00
5.000000000000000000e+00 -1.163952973956816628e+00
5.000000000000000000e+00 -1.163952973956816628e+00
5.000000000000000000e+00 -1.163952973956816628e+00
5.000000000000000000e+00 -1.163952973956816628e+00
5.000000000000000000e+00 -1.163952973956816628e+00
5.000000000000000000e+00 -1.163952973956816628e+00
5.000000000000000000e+00 -1.163952973956816628e+00
5.000000000000000000e+00 -1.409434779769012325e+00
5.000000000000000000e+00 -1.654972633114492719e+00
5.000000000000000000e+00 -1.654972633114492719e+00
5.000000000000000000e+00 -1.654972633114492719e+00
5.000000000000000000e+00 -1.654972633114492719e+00
5.000000000000000000e+00 -1.654972633114492719e+00
5.000000000000000000e+00 -1.654972633114492719e+00
5.000000000000000000e+00 -1.654972633114492719e+00
6.000000000000000000e+00 -3.592315368925098618e-01
6.000000000000000000e+00 -3.592315368925098618e-01
6.000000000000000000e+00 -6.233083558606961061e-01
6.000000000000000000e+00 -6.408357443978862644e-01
6.000000000000000000e+00 -6.408357443978862644e-01
6.000000000000000000e+00 -6.408357443978862644e-01
6.000000000000000000e+00 -1.267337200174774470e+00
6.000000000000000000e+00 -1.267337200174774470e+00
6.000000000000000000e+00 -1.267337200174774470e+00
6.000000000000000000e+00 -1.267337200174774470e+00
6.000000000000000000e+00 -1.461033482083451629e+00
6.000000000000000000e+00 -1.461033482083451629e+00
6.000000000000000000e+00 -1.461033482083451629e+00
6.000000000000000000e+00 -1.461033482083451629e+00
6.000000000000000000e+00 -1.487621411358084123e+00
6.000000000000000000e+00 -1.487621411358084123e+00
6.000000000000000000e+00 -1.800054249846550825e+00
6.000000000000000000e+00 -1.800054249846550825e+00
6.000000000000000000e+00 -1.800054249846550825e+00
6.000000000000000000e+00 -1.800054249846550825e+00
6.000000000000000000e+00 -1.800054249846550825e+00
6.000000000000000000e+00 -1.800054249846550825e+00
6.000000000000000000e+00 -1.800054249846550825e+00
6.000000000000000000e+00 -1.800054249846550825e+00
7.000000000000000000e+00 -9.127682861200142606e-01
7.000000000000000000e+00 -9.772260952358399200e-01
7.000000000000000000e+00 -9.772260952358399200e-01
7.000000000000000000e+00 -9.772260952358399200e-01
7.000000000000000000e+00 -9.772260952358399200e-01
7.000000000000000000e+00 -9.772260952358399200e-01
7.000000000000000000e+00 -9.772260952358399200e-01
7.000000000000000000e+00 -9.772260952358399200e-01
7.000000000000000000e+00 -9.772260952358399200e-01
7.000000000000000000e+00 -9.772260952358399200e-01
7.000000000000000000e+00 -9.772260952358399200e-01
7.000000000000000000e+00 -9.772260952358399200e-01
7.000000000000000000e+00 -9.772260952358399200e-01
7.000000000000000000e+00 -9.772260952358399200e-01
7.000000000000000000e+00 -9.772260952358399200e-01
7.000000000000000000e+00 -9.772260952358399200e-01
7.000000000000000000e+00 -9.772260952358399200e-01
7.000000000000000000e+00 -9.772260952358399200e-01
7.000000000000000000e+00 -9.772260952358399200e-01
7.000000000000000000e+00 -9.772260952358399200e-01
7.000000000000000000e+00 -9.772260952358399200e-01
7.000000000000000000e+00 -9.772260952358399200e-01
7.000000000000000000e+00 -9.772260952358399200e-01
7.000000000000000000e+00 -9.772260952358399200e-01
8.000000000000000000e+00 4.846494319827573949e-01
8.000000000000000000e+00 -8.961259593220350927e-01
8.000000000000000000e+00 -8.961259593220350927e-01
8.000000000000000000e+00 -8.961259593220350927e-01
8.000000000000000000e+00 -1.076902366408265088e+00
8.000000000000000000e+00 -1.076902366408265088e+00
8.000000000000000000e+00 -1.076902366408265088e+00
8.000000000000000000e+00 -1.076902366408265088e+00
8.000000000000000000e+00 -1.076902366408265088e+00
8.000000000000000000e+00 -1.076902366408265088e+00
8.000000000000000000e+00 -1.076902366408265088e+00
8.000000000000000000e+00 -1.076902366408265088e+00
8.000000000000000000e+00 -1.076902366408265088e+00
8.000000000000000000e+00 -1.187355449576461996e+00
8.000000000000000000e+00 -1.187355449576461996e+00
8.000000000000000000e+00 -1.187355449576461996e+00
8.000000000000000000e+00 -1.187355449576461996e+00
8.000000000000000000e+00 -1.187355449576461996e+00
8.000000000000000000e+00 -1.187355449576461996e+00
8.000000000000000000e+00 -1.418072981431564017e+00
8.000000000000000000e+00 -1.418072981431564017e+00
8.000000000000000000e+00 -1.418072981431564017e+00
8.000000000000000000e+00 -1.418072981431564017e+00
8.000000000000000000e+00 -1.418072981431564017e+00
9.000000000000000000e+00 -4.519512196620376621e-01
9.000000000000000000e+00 -4.519512196620376621e-01
9.000000000000000000e+00 -1.298375464612135044e+00
9.000000000000000000e+00 -1.298375464612135044e+00
9.000000000000000000e+00 -1.298375464612135044e+00
9.000000000000000000e+00 -1.298375464612135044e+00
9.000000000000000000e+00 -1.298375464612135044e+00
9.000000000000000000e+00 -1.298375464612135044e+00
9.000000000000000000e+00 -1.298375464612135044e+00
9.000000000000000000e+00 -1.298375464612135044e+00
9.000000000000000000e+00 -1.298375464612135044e+00
9.000000000000000000e+00 -1.298375464612135044e+00
9.000000000000000000e+00 -1.298375464612135044e+00
9.000000000000000000e+00 -1.298375464612135044e+00
9.000000000000000000e+00 -1.298375464612135044e+00
9.000000000000000000e+00 -1.298375464612135044e+00
9.000000000000000000e+00 -1.298375464612135044e+00
9.000000000000000000e+00 -1.298375464612135044e+00
9.000000000000000000e+00 -1.298375464612135044e+00
9.000000000000000000e+00 -1.298375464612135044e+00
9.000000000000000000e+00 -1.298375464612135044e+00
9.000000000000000000e+00 -1.298375464612135044e+00
9.000000000000000000e+00 -1.298375464612135044e+00
9.000000000000000000e+00 -1.348616469908155091e+00
