6.947691732365946330e-310 6.947691732365946330e-310
0.000000000000000000e+00 7.445459257712940815e-01
0.000000000000000000e+00 -8.407992469829957960e-01
0.000000000000000000e+00 -8.407992469829957960e-01
0.000000000000000000e+00 -9.092891089939524329e-01
0.000000000000000000e+00 -9.092891089939524329e-01
0.000000000000000000e+00 -9.092891089939524329e-01
0.000000000000000000e+00 -1.158431280618871462e+00
0.000000000000000000e+00 -1.203504504439033118e+00
0.000000000000000000e+00 -1.242361120743577851e+00
0.000000000000000000e+00 -1.242361120743577851e+00
0.000000000000000000e+00 -1.242361120743577851e+00
0.000000000000000000e+00 -1.242361120743577851e+00
0.000000000000000000e+00 -1.242361120743577851e+00
0.000000000000000000e+00 -1.242361120743577851e+00
0.000000000000000000e+00 -1.242361120743577851e+00
0.000000000000000000e+00 -1.242361120743577851e+00
1.000000000000000000e+00 -1.027062926336895332e+00
1.000000000000000000e+00 -1.027062926336895332e+00
1.000000000000000000e+00 -1.027062926336895332e+00
1.000000000000000000e+00 -1.027062926336895332e+00
1.000000000000000000e+00 -1.027062926336895332e+00
1.000000000000000000e+00 -1.027062926336895332e+00
1.000000000000000000e+00 -1.027062926336895332e+00
1.000000000000000000e+00 -1.027062926336895332e+00
1.000000000000000000e+00 -1.174133798195618805e+00
1.000000000000000000e+00 -1.174133798195618805e+00
1.000000000000000000e+00 -1.174133798195618805e+00
1.000000000000000000e+00 -1.174133798195618805e+00
2.000000000000000000e+00 -9.883961861280006200e-01
2.000000000000000000e+00 -9.883961861280006200e-01
2.000000000000000000e+00 -9.883961861280006200e-01
2.000000000000000000e+00 -9.883961861280006200e-01
2.000000000000000000e+00 -9.883961861280006200e-01
2.000000000000000000e+00 -9.883961861280006200e-01
2.000000000000000000e+00 -1.226562838738953776e+00
2.000000000000000000e+00 -1.226562838738953776e+00
2.000000000000000000e+00 -1.226562838738953776e+00
2.000000000000000000e+00 -1.226562838738953776e+00
2.000000000000000000e+00 -1.226562838738953776e+00
2.000000000000000000e+00 -1.226562838738953776e+00
2.000000000000000000e+00 -1.226562838738953776e+00
3.000000000000000000e+00 -7.017031401432152204e-01
3.000000000000000000e+00 -7.017031401432152204e-01
3.000000000000000000e+00 -1.235400104216086703e+00
3.000000000000000000e+00 -1.235400104216086703e+00
3.000000000000000000e+00 -1.235400104216086703e+00
3.000000000000000000e+00 -1.235400104216086703e+00
3.000000000000000000e+00 -1.235400104216086703e+00
3.000000000000000000e+00 -1.403289315367184376e+00
3.000000000000000000e+00 -1.403289315367184376e+00
3.000000000000000000e+00 -1.403289315367184376e+00
3.000000000000000000e+00 -1.403289315367184376e+00
3.000000000000000000e+00 -1.403289315367184376e+00
3.000000000000000000e+00 -1.542162679755554544e+00
3.000000000000000000e+00 -1.587762726764274657e+00
3.000000000000000000e+00 -1.587762726764274657e+00
3.000000000000000000e+00 -1.591389129485587528e+00
3.000000000000000000e+00 -1.661358504765833466e+00
4.000000000000000000e+00 -4.367421170595220392e-01
4.000000000000000000e+00 -6.089496207506073233e-01
4.000000000000000000e+00 -6.497475614155706625e-01
4.000000000000000000e+00 -6.497475614155706625e-01
4.000000000000000000e+00 -6.497475614155706625e-01
4.000000000000000000e+00 -6.497475614155706625e-01
4.000000000000000000e+00 -6.497475614155706625e-01
4.000000000000000000e+00 -7.632443163613519266e-01
4.000000000000000000e+00 -7.632443163613519266e-01
4.000000000000000000e+00 -7.632443163613519266e-01
4.000000000000000000e+00 -7.632443163613519266e-01
4.000000000000000000e+00 -7.632443163613519266e-01
4.000000000000000000e+00 -7.632443163613519266e-01
4.000000000000000000e+00 -7.632443163613519266e-01
4.000000000000000000e+00 -8.496743580791979999e-01
5.000000000000000000e+00 -7.703779075013962307e-01
5.000000000000000000e+00 -1.084328493495306356e+00
5.000000000000000000e+00 -1.084328493495306356e+00
5.000000000000000000e+00 -1.084328493495306356e+00
5.000000000000000000e+00 -1.084328493495306356e+00
5.000000000000000000e+00 -1.188676416907963551e+00
5.000000000000000000e+00 -1.387434476971483477e+00
5.000000000000000000e+00 -1.433189696663802026e+00
5.000000000000000000e+00 -1.433189696663802026e+00
5.000000000000000000e+00 -1.479380142367828554e+00
5.000000000000000000e+00 -1.536562032561626268e+00
5.000000000000000000e+00 -1.585681353722761866e+00
5.000000000000000000e+00 -1.585681353722761866e+00
5.000000000000000000e+00 -1.585681353722761866e+00
6.000000000000000000e+00 -3.592315368925098618e-01
6.000000000000000000e+00 -3.592315368925098618e-01
6.000000000000000000e+00 -6.233083558606961061e-01
6.000000000000000000e+00 -6.408357443978862644e-01
6.000000000000000000e+00 -6.408357443978862644e-01
6.000000000000000000e+00 -8.291517469240923255e-01
6.000000000000000000e+00 -1.001507640958419376e+00
6.000000000000000000e+00 -1.001507640958419376e+00
6.000000000000000000e+00 -1.001507640958419376e+00
6.000000000000000000e+00 -1.001507640958419376e+00
6.000000000000000000e+00 -1.001507640958419376e+00
7.000000000000000000e+00 -9.127682861200142606e-01
7.000000000000000000e+00 -9.772260952358399200e-01
7.000000000000000000e+00 -9.772260952358399200e-01
7.000000000000000000e+00 -9.772260952358399200e-01
7.000000000000000000e+00 -9.772260952358399200e-01
7.000000000000000000e+00 -9.772260952358399200e-01
7.000000000000000000e+00 -9.772260952358399200e-01
7.000000000000000000e+00 -1.017170371280274876e+00
7.000000000000000000e+00 -1.017170371280274876e+00
7.000000000000000000e+00 -1.017170371280274876e+00
7.000000000000000000e+00 -1.017170371280274876e+00
7.000000000000000000e+00 -1.113303647164207044e+00
7.000000000000000000e+00 -1.133579025735357071e+00
7.000000000000000000e+00 -1.133579025735357071e+00
8.000000000000000000e+00 4.846494319827573949e-01
8.000000000000000000e+00 -8.961259593220350927e-01
8.000000000000000000e+00 -8.961259593220350927e-01
8.000000000000000000e+00 -8.961259593220350927e-01
8.000000000000000000e+00 -9.665444521992218041e-01
8.000000000000000000e+00 -9.665444521992218041e-01
8.000000000000000000e+00 -1.020884283387290203e+00
8.000000000000000000e+00 -1.020884283387290203e+00
8.000000000000000000e+00 -1.020884283387290203e+00
8.000000000000000000e+00 -1.020884283387290203e+00
8.000000000000000000e+00 -1.020884283387290203e+00
8.000000000000000000e+00 -1.020884283387290203e+00
8.000000000000000000e+00 -1.020884283387290203e+00
8.000000000000000000e+00 -1.078258523343934794e+00
9.000000000000000000e+00 -4.519512196620376621e-01
9.000000000000000000e+00 -4.519512196620376621e-01
9.000000000000000000e+00 -1.298375464612135044e+00
9.000000000000000000e+00 -1.298375464612135044e+00
9.000000000000000000e+00 -1.298375464612135044e+00
9.000000000000000000e+00 -1.298375464612135044e+00
9.000000000000000000e+00 -1.422200175497635666e+00
9.000000000000000000e+00 -1.422200175497635666e+00
9.000000000000000000e+00 -1.547704146591138308e+00
9.000000000000000000e+00 -1.547704146591138308e+00
9.000000000000000000e+00 -1.698323440046233479e+00
9.000000000000000000e+00 -1.698323440046233479e+00
9.000000000000000000e+00 -1.699482523707184223e+00
9.000000000000000000e+00 -1.699482523707184223e+00
9.000000000000000000e+00 -1.699482523707184223e+00
9.000000000000000000e+00 -1.699482523707184223e+00
9.000000000000000000e+00 -1.699482523707184223e+00
9.000000000000000000e+00 -1.699482523707184223e+00
