6.947691732368317845e-310 2.976424571149971955e-316
0.000000000000000000e+00 7.445459257712940815e-01
0.000000000000000000e+00 -8.407992469829957960e-01
0.000000000000000000e+00 -8.407992469829957960e-01
0.000000000000000000e+00 -9.092891089939524329e-01
0.000000000000000000e+00 -9.092891089939524329e-01
0.000000000000000000e+00 -1.107201759102453886e+00
0.000000000000000000e+00 -1.107201759102453886e+00
0.000000000000000000e+00 -1.107201759102453886e+00
0.000000000000000000e+00 -1.107201759102453886e+00
0.000000000000000000e+00 -1.107201759102453886e+00
0.000000000000000000e+00 -1.107201759102453886e+00
0.000000000000000000e+00 -1.139222111309524887e+00
0.000000000000000000e+00 -1.180723816923796798e+00
0.000000000000000000e+00 -1.180723816923796798e+00
0.000000000000000000e+00 -1.180723816923796798e+00
0.000000000000000000e+00 -1.180723816923796798e+00
0.000000000000000000e+00 -1.180723816923796798e+00
0.000000000000000000e+00 -1.337587131284010189e+00
0.000000000000000000e+00 -1.591974374669987480e+00
0.000000000000000000e+00 -1.603302048344020569e+00
0.000000000000000000e+00 -1.603302048344020569e+00
0.000000000000000000e+00 -1.648875095723675521e+00
0.000000000000000000e+00 -1.648875095723675521e+00
0.000000000000000000e+00 -1.648875095723675521e+00
1.000000000000000000e+00 -1.027062926336895332e+00
1.000000000000000000e+00 -1.027062926336895332e+00
1.000000000000000000e+00 -1.027062926336895332e+00
1.000000000000000000e+00 -1.027062926336895332e+00
1.000000000000000000e+00 -1.027062926336895332e+00
1.000000000000000000e+00 -1.027062926336895332e+00
1.000000000000000000e+00 -1.027062926336895332e+00
1.000000000000000000e+00 -1.027062926336895332e+00
1.000000000000000000e+00 -1.027062926336895332e+00
1.000000000000000000e+00 -1.027062926336895332e+00
1.000000000000000000e+00 -1.027062926336895332e+00
1.000000000000000000e+00 -1.027062926336895332e+00
1.000000000000000000e+00 -1.027062926336895332e+00
1.000000000000000000e+00 -1.411804442997688813e+00
1.000000000000000000e+00 -1.702035866876868031e+00
1.000000000000000000e+00 -1.702035866876868031e+00
1.000000000000000000e+00 -1.702035866876868031e+00
1.000000000000000000e+00 -1.702035866876868031e+00
1.000000000000000000e+00 -1.702035866876868031e+00
1.000000000000000000e+00 -1.702035866876868031e+00
1.000000000000000000e+00 -1.702035866876868031e+00
1.000000000000000000e+00 -1.702035866876868031e+00
1.000000000000000000e+00 -1.702035866876868031e+00
2.000000000000000000e+00 -9.883961861280006200e-01
2.000000000000000000e+00 -9.883961861280006200e-01
2.000000000000000000e+00 -9.883961861280006200e-01
2.000000000000000000e+00 -9.883961861280006200e-01
2.000000000000000000e+00 -9.883961861280006200e-01
2.000000000000000000e+00 -9.883961861280006200e-01
2.000000000000000000e+00 -1.002596289343328007e+00
2.000000000000000000e+00 -1.002596289343328007e+00
2.000000000000000000e+00 -1.138876926767840247e+00
2.000000000000000000e+00 -1.464456002344619812e+00
2.000000000000000000e+00 -1.464456002344619812e+00
2.000000000000000000e+00 -1.464456002344619812e+00
2.000000000000000000e+00 -1.464456002344619812e+00
2.000000000000000000e+00 -1.464456002344619812e+00
2.000000000000000000e+00 -1.469208986628454561e+00
2.000000000000000000e+00 -1.469208986628454561e+00
2.000000000000000000e+00 -1.567630586019398198e+00
2.000000000000000000e+00 -1.567630586019398198e+00
2.000000000000000000e+00 -1.567630586019398198e+00
3.000000000000000000e+00 -7.017031401432152204e-01
3.000000000000000000e+00 -7.017031401432152204e-01
3.000000000000000000e+00 -1.235400104216086703e+00
3.000000000000000000e+00 -1.235400104216086703e+00
3.000000000000000000e+00 -1.377653561260435922e+00
3.000000000000000000e+00 -1.377653561260435922e+00
3.000000000000000000e+00 -1.377653561260435922e+00
3.000000000000000000e+00 -1.377653561260435922e+00
3.000000000000000000e+00 -1.569610173677653986e+00
3.000000000000000000e+00 -1.601456209758439941e+00
3.000000000000000000e+00 -1.601456209758439941e+00
3.000000000000000000e+00 -1.601456209758439941e+00
3.000000000000000000e+00 -1.601456209758439941e+00
3.000000000000000000e+00 -1.746844490197924760e+00
3.000000000000000000e+00 -1.746844490197924760e+00
3.000000000000000000e+00 -1.746844490197924760e+00
3.000000000000000000e+00 -1.746844490197924760e+00
4.000000000000000000e+00 -4.367421170595220392e-01
4.000000000000000000e+00 -6.089496207506073233e-01
4.000000000000000000e+00 -6.497475614155706625e-01
4.000000000000000000e+00 -6.497475614155706625e-01
4.000000000000000000e+00 -6.497475614155706625e-01
4.000000000000000000e+00 -6.497475614155706625e-01
4.000000000000000000e+00 -6.575152448682748396e-01
4.000000000000000000e+00 -6.575152448682748396e-01
4.000000000000000000e+00 -1.343021922129599810e+00
4.000000000000000000e+00 -1.368647997603521294e+00
4.000000000000000000e+00 -1.368647997603521294e+00
4.000000000000000000e+00 -1.368647997603521294e+00
4.000000000000000000e+00 -1.368647997603521294e+00
4.000000000000000000e+00 -1.368647997603521294e+00
4.000000000000000000e+00 -1.704819714417675103e+00
4.000000000000000000e+00 -1.704819714417675103e+00
4.000000000000000000e+00 -1.704819714417675103e+00
4.000000000000000000e+00 -1.704819714417675103e+00
4.000000000000000000e+00 -1.704819714417675103e+00
5.000000000000000000e+00 -7.703779075013962307e-01
5.000000000000000000e+00 -1.084328493495306356e+00
5.000000000000000000e+00 -1.084328493495306356e+00
5.000000000000000000e+00 -1.084328493495306356e+00
5.000000000000000000e+00 -1.084328493495306356e+00
5.000000000000000000e+00 -1.084328493495306356e+00
5.000000000000000000e+00 -1.454728267959164656e+00
5.000000000000000000e+00 -1.454728267959164656e+00
5.000000000000000000e+00 -1.454728267959164656e+00
5.000000000000000000e+00 -1.598043177403626336e+00
5.000000000000000000e+00 -1.598043177403626336e+00
5.000000000000000000e+00 -1.682951806918051796e+00
5.000000000000000000e+00 -1.682951806918051796e+00
5.000000000000000000e+00 -1.682951806918051796e+00
5.000000000000000000e+00 -1.682951806918051796e+00
5.000000000000000000e+00 -1.682951806918051796e+00
5.000000000000000000e+00 -1.682951806918051796e+00
5.000000000000000000e+00 -1.682951806918051796e+00
5.000000000000000000e+00 -1.682951806918051796e+00
5.000000000000000000e+00 -1.682951806918051796e+00
5.000000000000000000e+00 -1.682951806918051796e+00
5.000000000000000000e+00 -1.682951806918051796e+00
5.000000000000000000e+00 -1.682951806918051796e+00
5.000000000000000000e+00 -1.682951806918051796e+00
6.000000000000000000e+00 -3.592315368925098618e-01
6.000000000000000000e+00 -3.592315368925098618e-01
6.000000000000000000e+00 -6.233083558606961061e-01
6.000000000000000000e+00 -6.408357443978862644e-01
6.000000000000000000e+00 -6.546735527460587623e-01
6.000000000000000000e+00 -6.546735527460587623e-01
6.000000000000000000e+00 -6.546735527460587623e-01
6.000000000000000000e+00 -6.546735527460587623e-01
6.000000000000000000e+00 -1.317715148006304515e+00
6.000000000000000000e+00 -1.317715148006304515e+00
6.000000000000000000e+00 -1.317715148006304515e+00
6.000000000000000000e+00 -1.317715148006304515e+00
6.000000000000000000e+00 -1.515691353601983593e+00
6.000000000000000000e+00 -1.515691353601983593e+00
6.000000000000000000e+00 -1.591911458333862717e+00
6.000000000000000000e+00 -1.591911458333862717e+00
6.000000000000000000e+00 -1.591911458333862717e+00
6.000000000000000000e+00 -1.591911458333862717e+00
6.000000000000000000e+00 -1.625764322794175598e+00
6.000000000000000000e+00 -1.625764322794175598e+00
6.000000000000000000e+00 -1.667152408451348045e+00
6.000000000000000000e+00 -1.714839262400474462e+00
7.000000000000000000e+00 -9.127682861200142606e-01
7.000000000000000000e+00 -9.772260952358399200e-01
7.000000000000000000e+00 -9.772260952358399200e-01
7.000000000000000000e+00 -9.772260952358399200e-01
7.000000000000000000e+00 -9.772260952358399200e-01
7.000000000000000000e+00 -9.772260952358399200e-01
7.000000000000000000e+00 -1.178900320587250139e+00
7.000000000000000000e+00 -1.178900320587250139e+00
7.000000000000000000e+00 -1.178900320587250139e+00
7.000000000000000000e+00 -1.178900320587250139e+00
7.000000000000000000e+00 -1.178900320587250139e+00
7.000000000000000000e+00 -1.566102381517404663e+00
7.000000000000000000e+00 -1.566102381517404663e+00
7.000000000000000000e+00 -1.566102381517404663e+00
7.000000000000000000e+00 -1.566102381517404663e+00
7.000000000000000000e+00 -1.566102381517404663e+00
7.000000000000000000e+00 -1.566102381517404663e+00
7.000000000000000000e+00 -1.566102381517404663e+00
7.000000000000000000e+00 -1.566102381517404663e+00
7.000000000000000000e+00 -1.566102381517404663e+00
7.000000000000000000e+00 -1.566102381517404663e+00
7.000000000000000000e+00 -1.566102381517404663e+00
8.000000000000000000e+00 4.846494319827573949e-01
8.000000000000000000e+00 -8.961259593220350927e-01
8.000000000000000000e+00 -8.961259593220350927e-01
8.000000000000000000e+00 -8.961259593220350927e-01
8.000000000000000000e+00 -8.961259593220350927e-01
8.000000000000000000e+00 -8.961259593220350927e-01
8.000000000000000000e+00 -8.961259593220350927e-01
8.000000000000000000e+00 -1.038335814045322492e+00
8.000000000000000000e+00 -1.237354647915641648e+00
8.000000000000000000e+00 -1.237354647915641648e+00
8.000000000000000000e+00 -1.237354647915641648e+00
8.000000000000000000e+00 -1.237354647915641648e+00
8.000000000000000000e+00 -1.237354647915641648e+00
8.000000000000000000e+00 -1.237354647915641648e+00
8.000000000000000000e+00 -1.237354647915641648e+00
8.000000000000000000e+00 -1.237354647915641648e+00
8.000000000000000000e+00 -1.254924944932731101e+00
9.000000000000000000e+00 -4.519512196620376621e-01
9.000000000000000000e+00 -4.519512196620376621e-01
9.000000000000000000e+00 -1.298375464612135044e+00
9.000000000000000000e+00 -1.298375464612135044e+00
9.000000000000000000e+00 -1.298375464612135044e+00
9.000000000000000000e+00 -1.298375464612135044e+00
9.000000000000000000e+00 -1.298375464612135044e+00
9.000000000000000000e+00 -1.411040061663452416e+00
9.000000000000000000e+00 -1.411040061663452416e+00
9.000000000000000000e+00 -1.426635786832779917e+00
9.000000000000000000e+00 -1.510365474181588619e+00
9.000000000000000000e+00 -1.621674385502309246e+00
9.000000000000000000e+00 -1.621674385502309246e+00
9.000000000000000000e+00 -1.621674385502309246e+00
9.000000000000000000e+00 -1.633489977516263680e+00
