6.915542957021037793e-310 6.915542957021037793e-310
0.000000000000000000e+00 8.075952216204312917e-01
0.000000000000000000e+00 2.806653152748027624e-01
0.000000000000000000e+00 -1.075508581767272931e+00
0.000000000000000000e+00 -1.075508581767272931e+00
0.000000000000000000e+00 -1.075508581767272931e+00
0.000000000000000000e+00 -1.075508581767272931e+00
0.000000000000000000e+00 -1.075508581767272931e+00
0.000000000000000000e+00 -1.075508581767272931e+00
0.000000000000000000e+00 -1.075508581767272931e+00
0.000000000000000000e+00 -1.075508581767272931e+00
0.000000000000000000e+00 -1.075508581767272931e+00
0.000000000000000000e+00 -1.075508581767272931e+00
0.000000000000000000e+00 -1.075508581767272931e+00
0.000000000000000000e+00 -1.265840960779800239e+00
0.000000000000000000e+00 -1.265840960779800239e+00
0.000000000000000000e+00 -1.265840960779800239e+00
0.000000000000000000e+00 -1.265840960779800239e+00
0.000000000000000000e+00 -1.265840960779800239e+00
0.000000000000000000e+00 -1.281042895371971246e+00
0.000000000000000000e+00 -1.281042895371971246e+00
0.000000000000000000e+00 -1.281042895371971246e+00
0.000000000000000000e+00 -1.281042895371971246e+00
0.000000000000000000e+00 -1.281042895371971246e+00
0.000000000000000000e+00 -1.281042895371971246e+00
0.000000000000000000e+00 -1.281042895371971246e+00
0.000000000000000000e+00 -1.281042895371971246e+00
0.000000000000000000e+00 -1.281042895371971246e+00
0.000000000000000000e+00 -1.281042895371971246e+00
0.000000000000000000e+00 -1.922379832386182041e+00
0.000000000000000000e+00 -1.922379832386182041e+00
1.000000000000000000e+00 -4.821084017687781720e-01
1.000000000000000000e+00 -6.585491253960112923e-01
1.000000000000000000e+00 -6.585491253960112923e-01
1.000000000000000000e+00 -6.651130227559660657e-01
1.000000000000000000e+00 -6.651130227559660657e-01
1.000000000000000000e+00 -9.195830241803339966e-01
1.000000000000000000e+00 -9.195830241803339966e-01
1.000000000000000000e+00 -1.326344973686068407e+00
1.000000000000000000e+00 -1.326344973686068407e+00
1.000000000000000000e+00 -1.326344973686068407e+00
1.000000000000000000e+00 -1.326344973686068407e+00
1.000000000000000000e+00 -1.326344973686068407e+00
1.000000000000000000e+00 -1.326344973686068407e+00
1.000000000000000000e+00 -1.326344973686068407e+00
1.000000000000000000e+00 -1.326344973686068407e+00
1.000000000000000000e+00 -1.326344973686068407e+00
1.000000000000000000e+00 -1.326344973686068407e+00
1.000000000000000000e+00 -1.326344973686068407e+00
1.000000000000000000e+00 -1.326344973686068407e+00
1.000000000000000000e+00 -1.326344973686068407e+00
1.000000000000000000e+00 -1.326344973686068407e+00
1.000000000000000000e+00 -1.326344973686068407e+00
1.000000000000000000e+00 -1.326344973686068407e+00
1.000000000000000000e+00 -1.326344973686068407e+00
1.000000000000000000e+00 -1.326344973686068407e+00
1.000000000000000000e+00 -1.507336693497852043e+00
1.000000000000000000e+00 -1.507336693497852043e+00
1.000000000000000000e+00 -1.585940150344629540e+00
1.000000000000000000e+00 -1.585940150344629540e+00
1.000000000000000000e+00 -1.585940150344629540e+00
2.000000000000000000e+00 -6.707319490563358189e-01
2.000000000000000000e+00 -7.950234808089439165e-01
2.000000000000000000e+00 -7.950234808089439165e-01
2.000000000000000000e+00 -7.950234808089439165e-01
2.000000000000000000e+00 -7.950234808089439165e-01
2.000000000000000000e+00 -7.950234808089439165e-01
2.000000000000000000e+00 -7.950234808089439165e-01
2.000000000000000000e+00 -9.916383887001953834e-01
2.000000000000000000e+00 -9.916383887001953834e-01
2.000000000000000000e+00 -9.916383887001953834e-01
2.000000000000000000e+00 -9.916383887001953834e-01
2.000000000000000000e+00 -9.916383887001953834e-01
2.000000000000000000e+00 -9.916383887001953834e-01
2.000000000000000000e+00 -1.329272022085844940e+00
2.000000000000000000e+00 -1.329272022085844940e+00
2.000000000000000000e+00 -1.329272022085844940e+00
2.000000000000000000e+00 -1.329272022085844940e+00
2.000000000000000000e+00 -1.329272022085844940e+00
2.000000000000000000e+00 -1.734336799278954677e+00
2.000000000000000000e+00 -1.734336799278954677e+00
2.000000000000000000e+00 -1.734336799278954677e+00
2.000000000000000000e+00 -1.968509117084315196e+00
2.000000000000000000e+00 -1.968509117084315196e+00
2.000000000000000000e+00 -1.968509117084315196e+00
2.000000000000000000e+00 -1.968509117084315196e+00
2.000000000000000000e+00 -1.968509117084315196e+00
2.000000000000000000e+00 -1.968509117084315196e+00
2.000000000000000000e+00 -1.968509117084315196e+00
2.000000000000000000e+00 -1.968509117084315196e+00
2.000000000000000000e+00 -2.019249351563225048e+00
3.000000000000000000e+00 -5.598750725448518040e-01
3.000000000000000000e+00 -6.566640664842910979e-01
3.000000000000000000e+00 -6.566640664842910979e-01
3.000000000000000000e+00 -6.566640664842910979e-01
3.000000000000000000e+00 -6.566640664842910979e-01
3.000000000000000000e+00 -1.028213119379969953e+00
3.000000000000000000e+00 -1.028213119379969953e+00
3.000000000000000000e+00 -1.028213119379969953e+00
3.000000000000000000e+00 -1.028213119379969953e+00
3.000000000000000000e+00 -1.028213119379969953e+00
3.000000000000000000e+00 -1.028213119379969953e+00
3.000000000000000000e+00 -1.028213119379969953e+00
3.000000000000000000e+00 -1.028213119379969953e+00
3.000000000000000000e+00 -1.028213119379969953e+00
3.000000000000000000e+00 -1.028213119379969953e+00
3.000000000000000000e+00 -1.028213119379969953e+00
3.000000000000000000e+00 -1.028213119379969953e+00
3.000000000000000000e+00 -1.028213119379969953e+00
3.000000000000000000e+00 -1.028213119379969953e+00
3.000000000000000000e+00 -1.028213119379969953e+00
3.000000000000000000e+00 -1.028213119379969953e+00
3.000000000000000000e+00 -1.028213119379969953e+00
3.000000000000000000e+00 -1.028213119379969953e+00
3.000000000000000000e+00 -1.028213119379969953e+00
3.000000000000000000e+00 -1.028213119379969953e+00
3.000000000000000000e+00 -1.028213119379969953e+00
3.000000000000000000e+00 -1.028213119379969953e+00
3.000000000000000000e+00 -1.028213119379969953e+00
3.000000000000000000e+00 -1.295970666127625792e+00
3.000000000000000000e+00 -1.295970666127625792e+00
4.000000000000000000e+00 3.927553772403355459e-01
4.000000000000000000e+00 -1.312981482208337436e+00
4.000000000000000000e+00 -1.312981482208337436e+00
4.000000000000000000e+00 -1.572277730636122861e+00
4.000000000000000000e+00 -1.572277730636122861e+00
4.000000000000000000e+00 -1.572277730636122861e+00
4.000000000000000000e+00 -1.572277730636122861e+00
4.000000000000000000e+00 -1.572277730636122861e+00
4.000000000000000000e+00 -1.572277730636122861e+00
4.000000000000000000e+00 -1.572277730636122861e+00
4.000000000000000000e+00 -1.572277730636122861e+00
4.000000000000000000e+00 -1.572277730636122861e+00
4.000000000000000000e+00 -1.572277730636122861e+00
4.000000000000000000e+00 -1.572277730636122861e+00
4.000000000000000000e+00 -1.572277730636122861e+00
4.000000000000000000e+00 -1.572277730636122861e+00
4.000000000000000000e+00 -1.572277730636122861e+00
4.000000000000000000e+00 -1.572277730636122861e+00
4.000000000000000000e+00 -1.572277730636122861e+00
4.000000000000000000e+00 -1.572277730636122861e+00
4.000000000000000000e+00 -1.572277730636122861e+00
4.000000000000000000e+00 -1.572277730636122861e+00
4.000000000000000000e+00 -1.572277730636122861e+00
4.000000000000000000e+00 -1.572277730636122861e+00
4.000000000000000000e+00 -1.572277730636122861e+00
4.000000000000000000e+00 -1.572277730636122861e+00
4.000000000000000000e+00 -1.572277730636122861e+00
4.000000000000000000e+00 -1.872650615403595564e+00
4.000000000000000000e+00 -1.872650615403595564e+00
4.000000000000000000e+00 -1.872650615403595564e+00
