6.924594036978425950e-310 6.924594036978425950e-310
0.000000000000000000e+00 6.046576963456138376e-01
0.000000000000000000e+00 1.477009141860644581e-01
0.000000000000000000e+00 -7.752629853182133601e-01
0.000000000000000000e+00 -7.752629853182133601e-01
0.000000000000000000e+00 -7.752629853182133601e-01
0.000000000000000000e+00 -7.752629853182133601e-01
0.000000000000000000e+00 -7.752629853182133601e-01
0.000000000000000000e+00 -7.752629853182133601e-01
0.000000000000000000e+00 -7.752629853182133601e-01
0.000000000000000000e+00 -7.957550452412627262e-01
0.000000000000000000e+00 -7.957550452412627262e-01
0.000000000000000000e+00 -7.957550452412627262e-01
0.000000000000000000e+00 -7.957550452412627262e-01
0.000000000000000000e+00 -7.957550452412627262e-01
0.000000000000000000e+00 -7.957550452412627262e-01
0.000000000000000000e+00 -8.024465503983487791e-01
0.000000000000000000e+00 -8.024465503983487791e-01
0.000000000000000000e+00 -8.024465503983487791e-01
0.000000000000000000e+00 -8.024465503983487791e-01
0.000000000000000000e+00 -8.024465503983487791e-01
0.000000000000000000e+00 -1.186762461269859958e+00
0.000000000000000000e+00 -1.216879590183497895e+00
0.000000000000000000e+00 -1.266160440368973683e+00
0.000000000000000000e+00 -1.266160440368973683e+00
0.000000000000000000e+00 -1.266160440368973683e+00
0.000000000000000000e+00 -1.266160440368973683e+00
0.000000000000000000e+00 -1.512263872750085003e+00
0.000000000000000000e+00 -1.512263872750085003e+00
0.000000000000000000e+00 -1.512263872750085003e+00
0.000000000000000000e+00 -1.512263872750085003e+00
1.000000000000000000e+00 4.776195537802617741e-01
1.000000000000000000e+00 4.776195537802617741e-01
1.000000000000000000e+00 4.776195537802617741e-01
1.000000000000000000e+00 -1.226456896423758991e+00
1.000000000000000000e+00 -1.226456896423758991e+00
1.000000000000000000e+00 -1.226456896423758991e+00
1.000000000000000000e+00 -1.226456896423758991e+00
1.000000000000000000e+00 -1.226456896423758991e+00
1.000000000000000000e+00 -1.226456896423758991e+00
1.000000000000000000e+00 -1.226456896423758991e+00
1.000000000000000000e+00 -1.432962078805687378e+00
1.000000000000000000e+00 -1.432962078805687378e+00
1.000000000000000000e+00 -1.432962078805687378e+00
1.000000000000000000e+00 -1.432962078805687378e+00
1.000000000000000000e+00 -1.432962078805687378e+00
1.000000000000000000e+00 -1.432962078805687378e+00
1.000000000000000000e+00 -1.432962078805687378e+00
1.000000000000000000e+00 -1.432962078805687378e+00
1.000000000000000000e+00 -1.432962078805687378e+00
1.000000000000000000e+00 -1.432962078805687378e+00
1.000000000000000000e+00 -1.432962078805687378e+00
1.000000000000000000e+00 -1.432962078805687378e+00
1.000000000000000000e+00 -1.432962078805687378e+00
1.000000000000000000e+00 -1.432962078805687378e+00
1.000000000000000000e+00 -1.432962078805687378e+00
1.000000000000000000e+00 -1.432962078805687378e+00
1.000000000000000000e+00 -1.432962078805687378e+00
1.000000000000000000e+00 -1.432962078805687378e+00
1.000000000000000000e+00 -1.527697581327802867e+00
1.000000000000000000e+00 -1.579043852167768769e+00
2.000000000000000000e+00 -3.156330313241652585e-01
2.000000000000000000e+00 -3.156330313241652585e-01
2.000000000000000000e+00 -5.903226138870989459e-01
2.000000000000000000e+00 -7.783342117078104749e-01
2.000000000000000000e+00 -7.783342117078104749e-01
2.000000000000000000e+00 -7.783342117078104749e-01
2.000000000000000000e+00 -7.783342117078104749e-01
2.000000000000000000e+00 -7.783342117078104749e-01
2.000000000000000000e+00 -7.783342117078104749e-01
2.000000000000000000e+00 -7.783342117078104749e-01
2.000000000000000000e+00 -7.783342117078104749e-01
2.000000000000000000e+00 -7.783342117078104749e-01
2.000000000000000000e+00 -7.783342117078104749e-01
2.000000000000000000e+00 -7.783342117078104749e-01
2.000000000000000000e+00 -9.763427272291147485e-01
2.000000000000000000e+00 -1.309400804400939755e+00
2.000000000000000000e+00 -1.309400804400939755e+00
2.000000000000000000e+00 -1.309400804400939755e+00
2.000000000000000000e+00 -1.583392601405866573e+00
2.000000000000000000e+00 -1.583392601405866573e+00
2.000000000000000000e+00 -1.583392601405866573e+00
2.000000000000000000e+00 -1.583392601405866573e+00
2.000000000000000000e+00 -1.583392601405866573e+00
2.000000000000000000e+00 -1.583392601405866573e+00
2.000000000000000000e+00 -1.583392601405866573e+00
2.000000000000000000e+00 -1.583392601405866573e+00
2.000000000000000000e+00 -1.583392601405866573e+00
2.000000000000000000e+00 -1.583392601405866573e+00
2.000000000000000000e+00 -1.583392601405866573e+00
2.000000000000000000e+00 -1.606872173382534852e+00
3.000000000000000000e+00 -8.166424668163696499e-01
3.000000000000000000e+00 -8.166424668163696499e-01
3.000000000000000000e+00 -8.166424668163696499e-01
3.000000000000000000e+00 -8.166424668163696499e-01
3.000000000000000000e+00 -1.303879536732964528e+00
3.000000000000000000e+00 -1.303879536732964528e+00
3.000000000000000000e+00 -1.303879536732964528e+00
3.000000000000000000e+00 -1.303879536732964528e+00
3.000000000000000000e+00 -1.303879536732964528e+00
3.000000000000000000e+00 -1.303879536732964528e+00
3.000000000000000000e+00 -1.303879536732964528e+00
3.000000000000000000e+00 -1.303879536732964528e+00
3.000000000000000000e+00 -1.303879536732964528e+00
3.000000000000000000e+00 -1.303879536732964528e+00
3.000000000000000000e+00 -1.303879536732964528e+00
3.000000000000000000e+00 -1.303879536732964528e+00
3.000000000000000000e+00 -1.303879536732964528e+00
3.000000000000000000e+00 -1.303879536732964528e+00
3.000000000000000000e+00 -1.303879536732964528e+00
3.000000000000000000e+00 -1.303879536732964528e+00
3.000000000000000000e+00 -1.303879536732964528e+00
3.000000000000000000e+00 -1.303879536732964528e+00
3.000000000000000000e+00 -1.303879536732964528e+00
3.000000000000000000e+00 -1.303879536732964528e+00
3.000000000000000000e+00 -1.303879536732964528e+00
3.000000000000000000e+00 -1.303879536732964528e+00
3.000000000000000000e+00 -1.303879536732964528e+00
3.000000000000000000e+00 -1.303879536732964528e+00
3.000000000000000000e+00 -1.569040838995533260e+00
3.000000000000000000e+00 -1.569040838995533260e+00
4.000000000000000000e+00 -4.923134806735071090e-01
4.000000000000000000e+00 -4.923134806735071090e-01
4.000000000000000000e+00 -5.298495887613703381e-01
4.000000000000000000e+00 -5.714722945949706201e-01
4.000000000000000000e+00 -6.586350985675220038e-01
4.000000000000000000e+00 -6.586350985675220038e-01
4.000000000000000000e+00 -6.586350985675220038e-01
4.000000000000000000e+00 -6.586350985675220038e-01
4.000000000000000000e+00 -6.586350985675220038e-01
4.000000000000000000e+00 -6.586350985675220038e-01
4.000000000000000000e+00 -6.586350985675220038e-01
4.000000000000000000e+00 -1.371104722681960153e+00
4.000000000000000000e+00 -1.371104722681960153e+00
4.000000000000000000e+00 -1.371104722681960153e+00
4.000000000000000000e+00 -1.535624370778526426e+00
4.000000000000000000e+00 -1.535624370778526426e+00
4.000000000000000000e+00 -1.552438466083415181e+00
4.000000000000000000e+00 -1.552438466083415181e+00
4.000000000000000000e+00 -1.552438466083415181e+00
4.000000000000000000e+00 -1.552438466083415181e+00
4.000000000000000000e+00 -1.690549402171690030e+00
4.000000000000000000e+00 -1.690549402171690030e+00
4.000000000000000000e+00 -1.690549402171690030e+00
4.000000000000000000e+00 -1.690549402171690030e+00
4.000000000000000000e+00 -1.713075848638403009e+00
4.000000000000000000e+00 -1.713075848638403009e+00
4.000000000000000000e+00 -1.713075848638403009e+00
4.000000000000000000e+00 -1.713075848638403009e+00
4.000000000000000000e+00 -1.713075848638403009e+00
4.000000000000000000e+00 -1.713075848638403009e+00
5.000000000000000000e+00 -7.606814436572645333e-01
5.000000000000000000e+00 -8.667832407898403702e-01
5.000000000000000000e+00 -8.667832407898403702e-01
5.000000000000000000e+00 -8.667832407898403702e-01
5.000000000000000000e+00 -8.667832407898403702e-01
5.000000000000000000e+00 -8.667832407898403702e-01
5.000000000000000000e+00 -8.667832407898403702e-01
5.000000000000000000e+00 -1.089014235853665857e+00
5.000000000000000000e+00 -1.089014235853665857e+00
5.000000000000000000e+00 -1.089014235853665857e+00
5.000000000000000000e+00 -1.089014235853665857e+00
5.000000000000000000e+00 -1.089014235853665857e+00
5.000000000000000000e+00 -1.089014235853665857e+00
5.000000000000000000e+00 -1.307713555127634653e+00
5.000000000000000000e+00 -1.307713555127634653e+00
5.000000000000000000e+00 -1.307713555127634653e+00
5.000000000000000000e+00 -1.307713555127634653e+00
5.000000000000000000e+00 -1.307713555127634653e+00
5.000000000000000000e+00 -1.307713555127634653e+00
5.000000000000000000e+00 -1.307713555127634653e+00
5.000000000000000000e+00 -1.307713555127634653e+00
5.000000000000000000e+00 -1.307713555127634653e+00
5.000000000000000000e+00 -1.307713555127634653e+00
5.000000000000000000e+00 -1.307713555127634653e+00
5.000000000000000000e+00 -1.307713555127634653e+00
5.000000000000000000e+00 -1.318917612994945587e+00
5.000000000000000000e+00 -1.318917612994945587e+00
5.000000000000000000e+00 -1.318917612994945587e+00
5.000000000000000000e+00 -1.331834739530447509e+00
5.000000000000000000e+00 -1.331834739530447509e+00
6.000000000000000000e+00 2.269608330413696029e-01
6.000000000000000000e+00 -1.064302301625644764e+00
6.000000000000000000e+00 -1.064302301625644764e+00
6.000000000000000000e+00 -1.064302301625644764e+00
6.000000000000000000e+00 -1.064302301625644764e+00
6.000000000000000000e+00 -1.070527331361523338e+00
6.000000000000000000e+00 -1.070527331361523338e+00
6.000000000000000000e+00 -1.146056821232049661e+00
6.000000000000000000e+00 -1.146056821232049661e+00
6.000000000000000000e+00 -1.146056821232049661e+00
6.000000000000000000e+00 -1.146056821232049661e+00
6.000000000000000000e+00 -1.146056821232049661e+00
6.000000000000000000e+00 -1.146056821232049661e+00
6.000000000000000000e+00 -1.146056821232049661e+00
6.000000000000000000e+00 -1.146056821232049661e+00
6.000000000000000000e+00 -1.146056821232049661e+00
6.000000000000000000e+00 -1.146056821232049661e+00
6.000000000000000000e+00 -1.146056821232049661e+00
6.000000000000000000e+00 -1.146056821232049661e+00
6.000000000000000000e+00 -1.146056821232049661e+00
6.000000000000000000e+00 -1.146056821232049661e+00
6.000000000000000000e+00 -1.146056821232049661e+00
6.000000000000000000e+00 -1.146056821232049661e+00
6.000000000000000000e+00 -1.146056821232049661e+00
6.000000000000000000e+00 -1.146056821232049661e+00
6.000000000000000000e+00 -1.146056821232049661e+00
6.000000000000000000e+00 -1.146056821232049661e+00
6.000000000000000000e+00 -1.146056821232049661e+00
6.000000000000000000e+00 -1.164316156210158493e+00
6.000000000000000000e+00 -1.384495693908170288e+00
7.000000000000000000e+00 -6.762832400461333826e-01
7.000000000000000000e+00 -6.762832400461333826e-01
7.000000000000000000e+00 -6.762832400461333826e-01
7.000000000000000000e+00 -6.762832400461333826e-01
7.000000000000000000e+00 -6.762832400461333826e-01
7.000000000000000000e+00 -6.762832400461333826e-01
7.000000000000000000e+00 -1.607689779371494376e+00
7.000000000000000000e+00 -1.607689779371494376e+00
7.000000000000000000e+00 -1.607689779371494376e+00
7.000000000000000000e+00 -1.607689779371494376e+00
7.000000000000000000e+00 -1.607689779371494376e+00
7.000000000000000000e+00 -1.607689779371494376e+00
7.000000000000000000e+00 -1.607689779371494376e+00
7.000000000000000000e+00 -1.607689779371494376e+00
7.000000000000000000e+00 -1.607689779371494376e+00
7.000000000000000000e+00 -1.607689779371494376e+00
7.000000000000000000e+00 -1.607689779371494376e+00
7.000000000000000000e+00 -1.607689779371494376e+00
7.000000000000000000e+00 -1.607689779371494376e+00
7.000000000000000000e+00 -1.607689779371494376e+00
7.000000000000000000e+00 -1.607689779371494376e+00
7.000000000000000000e+00 -1.607689779371494376e+00
7.000000000000000000e+00 -1.607689779371494376e+00
7.000000000000000000e+00 -1.607689779371494376e+00
7.000000000000000000e+00 -1.607689779371494376e+00
7.000000000000000000e+00 -1.607689779371494376e+00
7.000000000000000000e+00 -1.607689779371494376e+00
7.000000000000000000e+00 -1.607689779371494376e+00
7.000000000000000000e+00 -1.607689779371494376e+00
7.000000000000000000e+00 -1.607689779371494376e+00
8.000000000000000000e+00 1.071968854711423669e-01
8.000000000000000000e+00 -1.525463730006172192e+00
8.000000000000000000e+00 -1.525463730006172192e+00
8.000000000000000000e+00 -1.525463730006172192e+00
8.000000000000000000e+00 -1.525463730006172192e+00
8.000000000000000000e+00 -1.525463730006172192e+00
8.000000000000000000e+00 -1.525463730006172192e+00
8.000000000000000000e+00 -1.525463730006172192e+00
8.000000000000000000e+00 -1.525463730006172192e+00
8.000000000000000000e+00 -1.525463730006172192e+00
8.000000000000000000e+00 -1.525463730006172192e+00
8.000000000000000000e+00 -1.525463730006172192e+00
8.000000000000000000e+00 -1.525463730006172192e+00
8.000000000000000000e+00 -1.525463730006172192e+00
8.000000000000000000e+00 -1.525463730006172192e+00
8.000000000000000000e+00 -1.525463730006172192e+00
8.000000000000000000e+00 -1.525463730006172192e+00
8.000000000000000000e+00 -1.525463730006172192e+00
8.000000000000000000e+00 -1.525463730006172192e+00
8.000000000000000000e+00 -1.525463730006172192e+00
8.000000000000000000e+00 -1.525463730006172192e+00
8.000000000000000000e+00 -1.525463730006172192e+00
8.000000000000000000e+00 -1.525463730006172192e+00
8.000000000000000000e+00 -1.525463730006172192e+00
8.000000000000000000e+00 -1.525463730006172192e+00
8.000000000000000000e+00 -1.525463730006172192e+00
8.000000000000000000e+00 -1.568307558977949601e+00
8.000000000000000000e+00 -1.568307558977949601e+00
8.000000000000000000e+00 -1.568307558977949601e+00
8.000000000000000000e+00 -1.636433207673967383e+00
9.000000000000000000e+00 -5.697666178613610688e-01
9.000000000000000000e+00 -7.249804292337691525e-01
9.000000000000000000e+00 -7.249804292337691525e-01
9.000000000000000000e+00 -7.249804292337691525e-01
9.000000000000000000e+00 -8.746080983981673329e-01
9.000000000000000000e+00 -8.746080983981673329e-01
9.000000000000000000e+00 -8.746080983981673329e-01
9.000000000000000000e+00 -9.198921295456795599e-01
9.000000000000000000e+00 -9.198921295456795599e-01
9.000000000000000000e+00 -9.198921295456795599e-01
9.000000000000000000e+00 -9.198921295456795599e-01
9.000000000000000000e+00 -9.198921295456795599e-01
9.000000000000000000e+00 -9.198921295456795599e-01
9.000000000000000000e+00 -9.198921295456795599e-01
9.000000000000000000e+00 -9.198921295456795599e-01
9.000000000000000000e+00 -9.198921295456795599e-01
9.000000000000000000e+00 -9.198921295456795599e-01
9.000000000000000000e+00 -9.198921295456795599e-01
9.000000000000000000e+00 -9.198921295456795599e-01
9.000000000000000000e+00 -1.080563284482370712e+00
9.000000000000000000e+00 -1.080563284482370712e+00
9.000000000000000000e+00 -1.080563284482370712e+00
9.000000000000000000e+00 -1.308007208225121953e+00
9.000000000000000000e+00 -1.382116718334768013e+00
9.000000000000000000e+00 -1.553693604971150499e+00
9.000000000000000000e+00 -1.553693604971150499e+00
9.000000000000000000e+00 -1.553693604971150499e+00
9.000000000000000000e+00 -1.639718477022715115e+00
9.000000000000000000e+00 -1.639718477022715115e+00
9.000000000000000000e+00 -1.639718477022715115e+00
