0.000000000000000000e+00 1.400000000000000000e+01
0.000000000000000000e+00 5.198082047075169854e-02
0.000000000000000000e+00 -1.327241813628926015e-01
0.000000000000000000e+00 -1.029045550455305857e+01
0.000000000000000000e+00 -1.029045550455305857e+01
0.000000000000000000e+00 -1.029045550455305857e+01
0.000000000000000000e+00 -1.029045550455305857e+01
0.000000000000000000e+00 -1.029045550455305857e+01
0.000000000000000000e+00 -1.029045550455305857e+01
0.000000000000000000e+00 -2.065157803188878205e+01
0.000000000000000000e+00 -2.065157803188878205e+01
0.000000000000000000e+00 -2.065157803188878205e+01
0.000000000000000000e+00 -2.065157803188878205e+01
0.000000000000000000e+00 -2.065157803188878205e+01
0.000000000000000000e+00 -2.065157803188878205e+01
0.000000000000000000e+00 -2.065157803188878205e+01
0.000000000000000000e+00 -2.065157803188878205e+01
0.000000000000000000e+00 -2.065157803188878205e+01
0.000000000000000000e+00 -2.065157803188878205e+01
0.000000000000000000e+00 -2.065157803188878205e+01
0.000000000000000000e+00 -2.065157803188878205e+01
0.000000000000000000e+00 -2.065157803188878205e+01
0.000000000000000000e+00 -2.065157803188878205e+01
0.000000000000000000e+00 -2.065157803188878205e+01
0.000000000000000000e+00 -2.065157803188878205e+01
0.000000000000000000e+00 -2.065157803188878205e+01
0.000000000000000000e+00 -2.065157803188878205e+01
0.000000000000000000e+00 -2.065157803188878205e+01
0.000000000000000000e+00 -2.065157803188878205e+01
0.000000000000000000e+00 -2.065157803188878205e+01
0.000000000000000000e+00 -2.065157803188878205e+01
0.000000000000000000e+00 -2.065157803188878205e+01
0.000000000000000000e+00 -2.065157803188878205e+01
0.000000000000000000e+00 -2.065157803188878205e+01
0.000000000000000000e+00 -2.065157803188878205e+01
0.000000000000000000e+00 -2.065157803188878205e+01
0.000000000000000000e+00 -2.065157803188878205e+01
0.000000000000000000e+00 -2.065157803188878205e+01
0.000000000000000000e+00 -2.065157803188878205e+01
0.000000000000000000e+00 -2.065157803188878205e+01
0.000000000000000000e+00 -2.065157803188878205e+01
0.000000000000000000e+00 -2.065157803188878205e+01
0.000000000000000000e+00 -2.065157803188878205e+01
0.000000000000000000e+00 -2.065157803188878205e+01
0.000000000000000000e+00 -2.065157803188878205e+01
0.000000000000000000e+00 -2.065157803188878205e+01
1.000000000000000000e+00 1.662736213204568436e+00
1.000000000000000000e+00 -2.245374410957471145e+00
1.000000000000000000e+00 -2.245374410957471145e+00
1.000000000000000000e+00 -2.245374410957471145e+00
1.000000000000000000e+00 -2.245374410957471145e+00
1.000000000000000000e+00 -2.245374410957471145e+00
1.000000000000000000e+00 -1.925708158132286840e+01
1.000000000000000000e+00 -1.925708158132286840e+01
1.000000000000000000e+00 -1.925708158132286840e+01
1.000000000000000000e+00 -1.925708158132286840e+01
1.000000000000000000e+00 -1.925708158132286840e+01
1.000000000000000000e+00 -1.925708158132286840e+01
1.000000000000000000e+00 -1.925708158132286840e+01
1.000000000000000000e+00 -1.925708158132286840e+01
1.000000000000000000e+00 -1.925708158132286840e+01
1.000000000000000000e+00 -1.925708158132286840e+01
1.000000000000000000e+00 -1.925708158132286840e+01
1.000000000000000000e+00 -1.925708158132286840e+01
1.000000000000000000e+00 -1.925708158132286840e+01
1.000000000000000000e+00 -1.925708158132286840e+01
1.000000000000000000e+00 -1.925708158132286840e+01
1.000000000000000000e+00 -1.925708158132286840e+01
1.000000000000000000e+00 -1.925708158132286840e+01
1.000000000000000000e+00 -2.115365529217003271e+01
1.000000000000000000e+00 -2.115365529217003271e+01
1.000000000000000000e+00 -2.115365529217003271e+01
1.000000000000000000e+00 -2.115365529217003271e+01
1.000000000000000000e+00 -2.115365529217003271e+01
1.000000000000000000e+00 -2.115365529217003271e+01
1.000000000000000000e+00 -2.115365529217003271e+01
1.000000000000000000e+00 -2.115365529217003271e+01
1.000000000000000000e+00 -2.115365529217003271e+01
1.000000000000000000e+00 -2.115365529217003271e+01
1.000000000000000000e+00 -2.115365529217003271e+01
1.000000000000000000e+00 -2.115365529217003271e+01
1.000000000000000000e+00 -2.115365529217003271e+01
1.000000000000000000e+00 -2.115365529217003271e+01
1.000000000000000000e+00 -2.115365529217003271e+01
1.000000000000000000e+00 -2.115365529217003271e+01
1.000000000000000000e+00 -2.115365529217003271e+01
1.000000000000000000e+00 -2.115365529217003271e+01
1.000000000000000000e+00 -2.115365529217003271e+01
1.000000000000000000e+00 -2.115365529217003271e+01
1.000000000000000000e+00 -2.115365529217003271e+01
1.000000000000000000e+00 -2.115365529217003271e+01
2.000000000000000000e+00 2.826419763436029964e-01
2.000000000000000000e+00 -1.202309128714082465e-01
2.000000000000000000e+00 -1.202309128714082465e-01
2.000000000000000000e+00 -1.202309128714082465e-01
2.000000000000000000e+00 -1.202309128714082465e-01
2.000000000000000000e+00 -8.293475083622514621e-01
2.000000000000000000e+00 -8.293475083622514621e-01
2.000000000000000000e+00 -8.293475083622514621e-01
2.000000000000000000e+00 -1.777452423385715408e+00
2.000000000000000000e+00 -3.250429025895175528e+01
2.000000000000000000e+00 -3.250429025895175528e+01
2.000000000000000000e+00 -3.250429025895175528e+01
2.000000000000000000e+00 -3.250429025895175528e+01
2.000000000000000000e+00 -3.250429025895175528e+01
2.000000000000000000e+00 -3.250429025895175528e+01
2.000000000000000000e+00 -3.250429025895175528e+01
2.000000000000000000e+00 -3.250429025895175528e+01
2.000000000000000000e+00 -3.250429025895175528e+01
2.000000000000000000e+00 -3.250429025895175528e+01
2.000000000000000000e+00 -3.250429025895175528e+01
2.000000000000000000e+00 -3.250429025895175528e+01
2.000000000000000000e+00 -3.250429025895175528e+01
2.000000000000000000e+00 -3.250429025895175528e+01
2.000000000000000000e+00 -3.250429025895175528e+01
2.000000000000000000e+00 -3.250429025895175528e+01
2.000000000000000000e+00 -3.250429025895175528e+01
2.000000000000000000e+00 -3.250429025895175528e+01
2.000000000000000000e+00 -3.250429025895175528e+01
2.000000000000000000e+00 -3.250429025895175528e+01
2.000000000000000000e+00 -3.250429025895175528e+01
2.000000000000000000e+00 -3.250429025895175528e+01
2.000000000000000000e+00 -3.250429025895175528e+01
2.000000000000000000e+00 -3.250429025895175528e+01
2.000000000000000000e+00 -3.250429025895175528e+01
2.000000000000000000e+00 -3.250429025895175528e+01
2.000000000000000000e+00 -3.250429025895175528e+01
2.000000000000000000e+00 -3.250429025895175528e+01
2.000000000000000000e+00 -3.250429025895175528e+01
2.000000000000000000e+00 -3.250429025895175528e+01
2.000000000000000000e+00 -3.250429025895175528e+01
2.000000000000000000e+00 -3.250429025895175528e+01
2.000000000000000000e+00 -3.250429025895175528e+01
2.000000000000000000e+00 -3.472814817764742656e+01
2.000000000000000000e+00 -3.472814817764742656e+01
2.000000000000000000e+00 -3.472814817764742656e+01
3.000000000000000000e+00 2.383970416096138079e-01
3.000000000000000000e+00 -1.891752944887089338e+00
3.000000000000000000e+00 -3.281587415203296665e+00
3.000000000000000000e+00 -3.281587415203296665e+00
3.000000000000000000e+00 -3.281587415203296665e+00
3.000000000000000000e+00 -3.281587415203296665e+00
3.000000000000000000e+00 -3.281587415203296665e+00
3.000000000000000000e+00 -3.281587415203296665e+00
3.000000000000000000e+00 -3.281587415203296665e+00
3.000000000000000000e+00 -3.281587415203296665e+00
3.000000000000000000e+00 -3.281587415203296665e+00
3.000000000000000000e+00 -3.281587415203296665e+00
3.000000000000000000e+00 -3.281587415203296665e+00
3.000000000000000000e+00 -9.502111811986923229e+00
3.000000000000000000e+00 -9.502111811986923229e+00
3.000000000000000000e+00 -9.502111811986923229e+00
3.000000000000000000e+00 -9.502111811986923229e+00
3.000000000000000000e+00 -9.502111811986923229e+00
3.000000000000000000e+00 -9.502111811986923229e+00
3.000000000000000000e+00 -9.502111811986923229e+00
3.000000000000000000e+00 -9.502111811986923229e+00
3.000000000000000000e+00 -9.502111811986923229e+00
3.000000000000000000e+00 -9.502111811986923229e+00
3.000000000000000000e+00 -9.502111811986923229e+00
3.000000000000000000e+00 -9.502111811986923229e+00
3.000000000000000000e+00 -3.469921780731466043e+01
3.000000000000000000e+00 -3.469921780731466043e+01
3.000000000000000000e+00 -3.469921780731466043e+01
3.000000000000000000e+00 -3.469921780731466043e+01
3.000000000000000000e+00 -3.469921780731466043e+01
3.000000000000000000e+00 -3.469921780731466043e+01
3.000000000000000000e+00 -3.469921780731466043e+01
3.000000000000000000e+00 -3.469921780731466043e+01
3.000000000000000000e+00 -3.469921780731466043e+01
3.000000000000000000e+00 -3.469921780731466043e+01
3.000000000000000000e+00 -3.469921780731466043e+01
3.000000000000000000e+00 -3.469921780731466043e+01
3.000000000000000000e+00 -3.469921780731466043e+01
3.000000000000000000e+00 -3.469921780731466043e+01
3.000000000000000000e+00 -3.469921780731466043e+01
3.000000000000000000e+00 -3.469921780731466043e+01
3.000000000000000000e+00 -3.469921780731466043e+01
3.000000000000000000e+00 -3.469921780731466043e+01
3.000000000000000000e+00 -3.469921780731466043e+01
3.000000000000000000e+00 -3.469921780731466043e+01
4.000000000000000000e+00 2.138694815788574566e+00
4.000000000000000000e+00 2.138694815788574566e+00
4.000000000000000000e+00 -1.366728336073404471e+01
4.000000000000000000e+00 -1.366728336073404471e+01
4.000000000000000000e+00 -1.366728336073404471e+01
4.000000000000000000e+00 -1.366728336073404471e+01
4.000000000000000000e+00 -3.075450009516445959e+01
4.000000000000000000e+00 -3.075450009516445959e+01
4.000000000000000000e+00 -3.075450009516445959e+01
4.000000000000000000e+00 -3.075450009516445959e+01
4.000000000000000000e+00 -3.075450009516445959e+01
4.000000000000000000e+00 -3.075450009516445959e+01
4.000000000000000000e+00 -3.075450009516445959e+01
4.000000000000000000e+00 -3.075450009516445959e+01
4.000000000000000000e+00 -3.075450009516445959e+01
4.000000000000000000e+00 -3.075450009516445959e+01
4.000000000000000000e+00 -3.075450009516445959e+01
4.000000000000000000e+00 -3.075450009516445959e+01
4.000000000000000000e+00 -3.075450009516445959e+01
4.000000000000000000e+00 -5.952617274285898219e+01
4.000000000000000000e+00 -5.952617274285898219e+01
4.000000000000000000e+00 -5.952617274285898219e+01
4.000000000000000000e+00 -5.952617274285898219e+01
4.000000000000000000e+00 -5.952617274285898219e+01
4.000000000000000000e+00 -5.952617274285898219e+01
4.000000000000000000e+00 -5.952617274285898219e+01
4.000000000000000000e+00 -5.952617274285898219e+01
4.000000000000000000e+00 -5.952617274285898219e+01
4.000000000000000000e+00 -5.952617274285898219e+01
4.000000000000000000e+00 -5.952617274285898219e+01
4.000000000000000000e+00 -5.952617274285898219e+01
4.000000000000000000e+00 -5.952617274285898219e+01
4.000000000000000000e+00 -5.952617274285898219e+01
4.000000000000000000e+00 -5.952617274285898219e+01
4.000000000000000000e+00 -5.952617274285898219e+01
4.000000000000000000e+00 -5.952617274285898219e+01
4.000000000000000000e+00 -5.952617274285898219e+01
4.000000000000000000e+00 -5.952617274285898219e+01
4.000000000000000000e+00 -5.952617274285898219e+01
4.000000000000000000e+00 -5.952617274285898219e+01
4.000000000000000000e+00 -5.952617274285898219e+01
4.000000000000000000e+00 -5.952617274285898219e+01
4.000000000000000000e+00 -5.952617274285898219e+01
4.000000000000000000e+00 -5.952617274285898219e+01
4.000000000000000000e+00 -5.952617274285898219e+01
