6.950065557105093371e-310 6.950065557105093371e-310
0.000000000000000000e+00 6.046576963456138376e-01
0.000000000000000000e+00 1.477009141860644581e-01
0.000000000000000000e+00 -7.752629853182133601e-01
0.000000000000000000e+00 -7.752629853182133601e-01
0.000000000000000000e+00 -7.752629853182133601e-01
0.000000000000000000e+00 -7.752629853182133601e-01
0.000000000000000000e+00 -7.752629853182133601e-01
0.000000000000000000e+00 -7.752629853182133601e-01
0.000000000000000000e+00 -7.752629853182133601e-01
0.000000000000000000e+00 -7.957550452412627262e-01
0.000000000000000000e+00 -7.957550452412627262e-01
0.000000000000000000e+00 -7.957550452412627262e-01
0.000000000000000000e+00 -7.957550452412627262e-01
0.000000000000000000e+00 -7.957550452412627262e-01
0.000000000000000000e+00 -7.957550452412627262e-01
0.000000000000000000e+00 -7.957550452412627262e-01
0.000000000000000000e+00 -7.957550452412627262e-01
0.000000000000000000e+00 -7.957550452412627262e-01
0.000000000000000000e+00 -7.957550452412627262e-01
0.000000000000000000e+00 -7.957550452412627262e-01
0.000000000000000000e+00 -1.586531252720668750e+00
0.000000000000000000e+00 -1.586531252720668750e+00
0.000000000000000000e+00 -1.586531252720668750e+00
0.000000000000000000e+00 -1.586531252720668750e+00
0.000000000000000000e+00 -1.608425885418640844e+00
0.000000000000000000e+00 -1.784398034246596598e+00
0.000000000000000000e+00 -1.784398034246596598e+00
0.000000000000000000e+00 -1.826061227005379539e+00
0.000000000000000000e+00 -1.826061227005379539e+00
0.000000000000000000e+00 -1.826061227005379539e+00
1.000000000000000000e+00 -5.989644323185646657e-01
1.000000000000000000e+00 -1.055753882588027492e+00
1.000000000000000000e+00 -1.055753882588027492e+00
1.000000000000000000e+00 -1.055753882588027492e+00
1.000000000000000000e+00 -1.055753882588027492e+00
1.000000000000000000e+00 -1.055753882588027492e+00
1.000000000000000000e+00 -1.055753882588027492e+00
1.000000000000000000e+00 -1.055753882588027492e+00
1.000000000000000000e+00 -1.055753882588027492e+00
1.000000000000000000e+00 -1.055753882588027492e+00
1.000000000000000000e+00 -1.104655074581694540e+00
1.000000000000000000e+00 -1.104655074581694540e+00
1.000000000000000000e+00 -1.104655074581694540e+00
1.000000000000000000e+00 -1.104655074581694540e+00
1.000000000000000000e+00 -1.104655074581694540e+00
1.000000000000000000e+00 -1.104655074581694540e+00
1.000000000000000000e+00 -1.104655074581694540e+00
1.000000000000000000e+00 -1.104655074581694540e+00
1.000000000000000000e+00 -1.104655074581694540e+00
1.000000000000000000e+00 -1.104655074581694540e+00
1.000000000000000000e+00 -1.104655074581694540e+00
1.000000000000000000e+00 -1.104655074581694540e+00
1.000000000000000000e+00 -1.104655074581694540e+00
1.000000000000000000e+00 -1.109598855062969625e+00
1.000000000000000000e+00 -1.109598855062969625e+00
1.000000000000000000e+00 -1.109598855062969625e+00
1.000000000000000000e+00 -1.109598855062969625e+00
1.000000000000000000e+00 -1.109598855062969625e+00
1.000000000000000000e+00 -1.109598855062969625e+00
1.000000000000000000e+00 -1.109598855062969625e+00
2.000000000000000000e+00 -7.490928444145266152e-01
2.000000000000000000e+00 -7.490928444145266152e-01
2.000000000000000000e+00 -7.490928444145266152e-01
2.000000000000000000e+00 -7.490928444145266152e-01
2.000000000000000000e+00 -7.490928444145266152e-01
2.000000000000000000e+00 -7.490928444145266152e-01
2.000000000000000000e+00 -1.028863000998449850e+00
2.000000000000000000e+00 -1.028863000998449850e+00
2.000000000000000000e+00 -1.028863000998449850e+00
2.000000000000000000e+00 -1.028863000998449850e+00
2.000000000000000000e+00 -1.028863000998449850e+00
2.000000000000000000e+00 -1.028863000998449850e+00
2.000000000000000000e+00 -1.028863000998449850e+00
2.000000000000000000e+00 -1.028863000998449850e+00
2.000000000000000000e+00 -1.028863000998449850e+00
2.000000000000000000e+00 -1.192280796892389194e+00
2.000000000000000000e+00 -1.192280796892389194e+00
2.000000000000000000e+00 -1.192280796892389194e+00
2.000000000000000000e+00 -1.192280796892389194e+00
2.000000000000000000e+00 -1.192280796892389194e+00
2.000000000000000000e+00 -1.192280796892389194e+00
2.000000000000000000e+00 -1.192280796892389194e+00
2.000000000000000000e+00 -1.192280796892389194e+00
2.000000000000000000e+00 -1.192280796892389194e+00
2.000000000000000000e+00 -1.192280796892389194e+00
2.000000000000000000e+00 -1.192280796892389194e+00
2.000000000000000000e+00 -1.192280796892389194e+00
2.000000000000000000e+00 -1.192280796892389194e+00
2.000000000000000000e+00 -1.192280796892389194e+00
2.000000000000000000e+00 -1.192280796892389194e+00
3.000000000000000000e+00 -2.735039894187322740e-01
3.000000000000000000e+00 -2.735039894187322740e-01
3.000000000000000000e+00 -2.735039894187322740e-01
3.000000000000000000e+00 -6.656143862062016137e-01
3.000000000000000000e+00 -6.656143862062016137e-01
3.000000000000000000e+00 -6.656143862062016137e-01
3.000000000000000000e+00 -6.656143862062016137e-01
3.000000000000000000e+00 -6.656143862062016137e-01
3.000000000000000000e+00 -1.247417103081083445e+00
3.000000000000000000e+00 -1.247417103081083445e+00
3.000000000000000000e+00 -1.247417103081083445e+00
3.000000000000000000e+00 -1.247417103081083445e+00
3.000000000000000000e+00 -1.247417103081083445e+00
3.000000000000000000e+00 -1.247417103081083445e+00
3.000000000000000000e+00 -1.247417103081083445e+00
3.000000000000000000e+00 -1.247417103081083445e+00
3.000000000000000000e+00 -1.247417103081083445e+00
3.000000000000000000e+00 -1.247417103081083445e+00
3.000000000000000000e+00 -1.247417103081083445e+00
3.000000000000000000e+00 -1.247417103081083445e+00
3.000000000000000000e+00 -1.247417103081083445e+00
3.000000000000000000e+00 -1.247417103081083445e+00
3.000000000000000000e+00 -1.247417103081083445e+00
3.000000000000000000e+00 -1.247417103081083445e+00
3.000000000000000000e+00 -1.247417103081083445e+00
3.000000000000000000e+00 -1.631985213076272423e+00
3.000000000000000000e+00 -1.631985213076272423e+00
3.000000000000000000e+00 -1.631985213076272423e+00
3.000000000000000000e+00 -1.631985213076272423e+00
3.000000000000000000e+00 -1.631985213076272423e+00
4.000000000000000000e+00 -7.934806122542532592e-01
4.000000000000000000e+00 -7.934806122542532592e-01
4.000000000000000000e+00 -9.988381083676053374e-01
4.000000000000000000e+00 -9.988381083676053374e-01
4.000000000000000000e+00 -9.988381083676053374e-01
4.000000000000000000e+00 -9.988381083676053374e-01
4.000000000000000000e+00 -9.988381083676053374e-01
4.000000000000000000e+00 -9.988381083676053374e-01
4.000000000000000000e+00 -1.421423881890508945e+00
4.000000000000000000e+00 -1.421423881890508945e+00
4.000000000000000000e+00 -1.421423881890508945e+00
4.000000000000000000e+00 -1.421423881890508945e+00
4.000000000000000000e+00 -1.421423881890508945e+00
4.000000000000000000e+00 -1.421423881890508945e+00
4.000000000000000000e+00 -1.421423881890508945e+00
4.000000000000000000e+00 -1.421423881890508945e+00
4.000000000000000000e+00 -1.421423881890508945e+00
4.000000000000000000e+00 -1.421423881890508945e+00
4.000000000000000000e+00 -1.421423881890508945e+00
4.000000000000000000e+00 -1.421423881890508945e+00
4.000000000000000000e+00 -1.421423881890508945e+00
4.000000000000000000e+00 -1.421423881890508945e+00
4.000000000000000000e+00 -1.421423881890508945e+00
4.000000000000000000e+00 -1.421423881890508945e+00
4.000000000000000000e+00 -1.421423881890508945e+00
4.000000000000000000e+00 -1.421423881890508945e+00
4.000000000000000000e+00 -1.421423881890508945e+00
4.000000000000000000e+00 -1.421423881890508945e+00
4.000000000000000000e+00 -1.421423881890508945e+00
4.000000000000000000e+00 -1.421423881890508945e+00
5.000000000000000000e+00 -3.986931030570177725e-01
5.000000000000000000e+00 -4.285782013731865847e-01
5.000000000000000000e+00 -4.285782013731865847e-01
5.000000000000000000e+00 -4.285782013731865847e-01
5.000000000000000000e+00 -4.285782013731865847e-01
5.000000000000000000e+00 -8.473283217739400186e-01
5.000000000000000000e+00 -8.473283217739400186e-01
5.000000000000000000e+00 -8.473283217739400186e-01
5.000000000000000000e+00 -8.473283217739400186e-01
5.000000000000000000e+00 -8.473283217739400186e-01
5.000000000000000000e+00 -8.473283217739400186e-01
5.000000000000000000e+00 -9.330655135415187873e-01
5.000000000000000000e+00 -9.330655135415187873e-01
5.000000000000000000e+00 -9.330655135415187873e-01
5.000000000000000000e+00 -9.330655135415187873e-01
5.000000000000000000e+00 -9.330655135415187873e-01
5.000000000000000000e+00 -9.330655135415187873e-01
5.000000000000000000e+00 -9.330655135415187873e-01
5.000000000000000000e+00 -9.330655135415187873e-01
5.000000000000000000e+00 -9.330655135415187873e-01
5.000000000000000000e+00 -9.330655135415187873e-01
5.000000000000000000e+00 -9.330655135415187873e-01
5.000000000000000000e+00 -9.330655135415187873e-01
5.000000000000000000e+00 -9.330655135415187873e-01
5.000000000000000000e+00 -9.330655135415187873e-01
5.000000000000000000e+00 -9.330655135415187873e-01
5.000000000000000000e+00 -9.330655135415187873e-01
5.000000000000000000e+00 -9.330655135415187873e-01
5.000000000000000000e+00 -9.330655135415187873e-01
5.000000000000000000e+00 -9.330655135415187873e-01
6.000000000000000000e+00 -1.572082412385308992e+00
6.000000000000000000e+00 -1.572082412385308992e+00
6.000000000000000000e+00 -1.572082412385308992e+00
6.000000000000000000e+00 -1.572082412385308992e+00
6.000000000000000000e+00 -1.572082412385308992e+00
6.000000000000000000e+00 -1.572082412385308992e+00
6.000000000000000000e+00 -1.572082412385308992e+00
6.000000000000000000e+00 -1.572082412385308992e+00
6.000000000000000000e+00 -1.572082412385308992e+00
6.000000000000000000e+00 -1.572082412385308992e+00
6.000000000000000000e+00 -1.572082412385308992e+00
6.000000000000000000e+00 -1.572082412385308992e+00
6.000000000000000000e+00 -1.572082412385308992e+00
6.000000000000000000e+00 -1.572082412385308992e+00
6.000000000000000000e+00 -1.572082412385308992e+00
6.000000000000000000e+00 -1.572082412385308992e+00
6.000000000000000000e+00 -1.572082412385308992e+00
6.000000000000000000e+00 -1.572082412385308992e+00
6.000000000000000000e+00 -1.572082412385308992e+00
6.000000000000000000e+00 -1.572082412385308992e+00
6.000000000000000000e+00 -1.572082412385308992e+00
6.000000000000000000e+00 -1.572082412385308992e+00
6.000000000000000000e+00 -1.572082412385308992e+00
6.000000000000000000e+00 -1.572082412385308992e+00
6.000000000000000000e+00 -1.572082412385308992e+00
6.000000000000000000e+00 -1.572082412385308992e+00
6.000000000000000000e+00 -1.572082412385308992e+00
6.000000000000000000e+00 -1.572082412385308992e+00
6.000000000000000000e+00 -1.572082412385308992e+00
6.000000000000000000e+00 -1.572082412385308992e+00
7.000000000000000000e+00 -7.513558619656830473e-01
7.000000000000000000e+00 -1.334238331060217497e+00
7.000000000000000000e+00 -1.334238331060217497e+00
7.000000000000000000e+00 -1.334238331060217497e+00
7.000000000000000000e+00 -1.334238331060217497e+00
7.000000000000000000e+00 -1.334238331060217497e+00
7.000000000000000000e+00 -1.334238331060217497e+00
7.000000000000000000e+00 -1.334238331060217497e+00
7.000000000000000000e+00 -1.334238331060217497e+00
7.000000000000000000e+00 -1.334238331060217497e+00
7.000000000000000000e+00 -1.334238331060217497e+00
7.000000000000000000e+00 -1.334238331060217497e+00
7.000000000000000000e+00 -1.334238331060217497e+00
7.000000000000000000e+00 -1.334238331060217497e+00
7.000000000000000000e+00 -1.334238331060217497e+00
7.000000000000000000e+00 -1.334238331060217497e+00
7.000000000000000000e+00 -1.334238331060217497e+00
7.000000000000000000e+00 -1.334238331060217497e+00
7.000000000000000000e+00 -1.334238331060217497e+00
7.000000000000000000e+00 -1.388225133423284241e+00
7.000000000000000000e+00 -1.388225133423284241e+00
7.000000000000000000e+00 -1.388225133423284241e+00
7.000000000000000000e+00 -1.388225133423284241e+00
7.000000000000000000e+00 -1.388225133423284241e+00
7.000000000000000000e+00 -1.388225133423284241e+00
7.000000000000000000e+00 -1.388225133423284241e+00
7.000000000000000000e+00 -1.388225133423284241e+00
7.000000000000000000e+00 -1.388225133423284241e+00
7.000000000000000000e+00 -1.388225133423284241e+00
7.000000000000000000e+00 -1.388225133423284241e+00
8.000000000000000000e+00 -1.083685813428183264e+00
8.000000000000000000e+00 -1.083685813428183264e+00
8.000000000000000000e+00 -1.083685813428183264e+00
8.000000000000000000e+00 -1.083685813428183264e+00
8.000000000000000000e+00 -1.083685813428183264e+00
8.000000000000000000e+00 -1.083685813428183264e+00
8.000000000000000000e+00 -1.083685813428183264e+00
8.000000000000000000e+00 -1.089550852271928605e+00
8.000000000000000000e+00 -1.089550852271928605e+00
8.000000000000000000e+00 -1.089550852271928605e+00
8.000000000000000000e+00 -1.089550852271928605e+00
8.000000000000000000e+00 -1.089550852271928605e+00
8.000000000000000000e+00 -1.089550852271928605e+00
8.000000000000000000e+00 -1.089550852271928605e+00
8.000000000000000000e+00 -1.089550852271928605e+00
8.000000000000000000e+00 -1.167683011301646756e+00
8.000000000000000000e+00 -1.167683011301646756e+00
8.000000000000000000e+00 -1.167683011301646756e+00
8.000000000000000000e+00 -1.167683011301646756e+00
8.000000000000000000e+00 -1.167683011301646756e+00
8.000000000000000000e+00 -1.518046486086856106e+00
8.000000000000000000e+00 -1.518046486086856106e+00
8.000000000000000000e+00 -1.643186225129003253e+00
8.000000000000000000e+00 -1.643186225129003253e+00
8.000000000000000000e+00 -1.643186225129003253e+00
8.000000000000000000e+00 -1.643186225129003253e+00
8.000000000000000000e+00 -1.643186225129003253e+00
8.000000000000000000e+00 -1.643186225129003253e+00
8.000000000000000000e+00 -1.643186225129003253e+00
8.000000000000000000e+00 -1.643186225129003253e+00
9.000000000000000000e+00 4.580245714190339101e-01
9.000000000000000000e+00 4.572316283624279776e-01
9.000000000000000000e+00 -7.687439200864033539e-01
9.000000000000000000e+00 -9.101012999587348995e-01
9.000000000000000000e+00 -9.101012999587348995e-01
9.000000000000000000e+00 -9.101012999587348995e-01
9.000000000000000000e+00 -1.154607475898817182e+00
9.000000000000000000e+00 -1.154607475898817182e+00
9.000000000000000000e+00 -1.154607475898817182e+00
9.000000000000000000e+00 -1.154607475898817182e+00
9.000000000000000000e+00 -1.363968798414593842e+00
9.000000000000000000e+00 -1.363968798414593842e+00
9.000000000000000000e+00 -1.363968798414593842e+00
9.000000000000000000e+00 -1.363968798414593842e+00
9.000000000000000000e+00 -1.485294617812244589e+00
9.000000000000000000e+00 -1.485294617812244589e+00
9.000000000000000000e+00 -1.554133007846387970e+00
9.000000000000000000e+00 -1.554133007846387970e+00
9.000000000000000000e+00 -1.554133007846387970e+00
9.000000000000000000e+00 -1.565855706810522552e+00
9.000000000000000000e+00 -1.629914022670094109e+00
9.000000000000000000e+00 -1.629914022670094109e+00
9.000000000000000000e+00 -1.629914022670094109e+00
9.000000000000000000e+00 -1.629914022670094109e+00
9.000000000000000000e+00 -1.935917353490960391e+00
9.000000000000000000e+00 -1.935917353490960391e+00
9.000000000000000000e+00 -1.935917353490960391e+00
9.000000000000000000e+00 -1.935917353490960391e+00
9.000000000000000000e+00 -1.935917353490960391e+00
9.000000000000000000e+00 -1.935917353490960391e+00
