6.950065557105883876e-310 6.145906281543702679e-316
0.000000000000000000e+00 1.849800770451454355e+02
0.000000000000000000e+00 8.639645223999201207e+00
0.000000000000000000e+00 8.639645223999201207e+00
0.000000000000000000e+00 8.639645223999201207e+00
0.000000000000000000e+00 8.639645223999201207e+00
0.000000000000000000e+00 8.639645223999201207e+00
0.000000000000000000e+00 8.639645223999201207e+00
0.000000000000000000e+00 8.639645223999201207e+00
0.000000000000000000e+00 8.639645223999201207e+00
0.000000000000000000e+00 8.639645223999201207e+00
0.000000000000000000e+00 8.639645223999201207e+00
0.000000000000000000e+00 4.740314676231145441e+00
0.000000000000000000e+00 3.858270959739437345e+00
0.000000000000000000e+00 3.858270959739437345e+00
0.000000000000000000e+00 3.446442637025060929e+00
0.000000000000000000e+00 1.929148337385782286e+00
0.000000000000000000e+00 1.911196463241943366e+00
0.000000000000000000e+00 1.911196463241943366e+00
0.000000000000000000e+00 1.795132985352404731e+00
0.000000000000000000e+00 1.795132985352404731e+00
0.000000000000000000e+00 1.795132985352404731e+00
0.000000000000000000e+00 1.795132985352404731e+00
0.000000000000000000e+00 1.795132985352404731e+00
0.000000000000000000e+00 1.722279344810029089e+00
0.000000000000000000e+00 1.722279344810029089e+00
0.000000000000000000e+00 1.722279344810029089e+00
0.000000000000000000e+00 1.722279344810029089e+00
0.000000000000000000e+00 1.722279344810029089e+00
0.000000000000000000e+00 1.722279344810029089e+00
0.000000000000000000e+00 1.722279344810029089e+00
1.000000000000000000e+00 3.938200121731903636e+01
1.000000000000000000e+00 1.762478228084771459e+01
1.000000000000000000e+00 1.762478228084771459e+01
1.000000000000000000e+00 6.829980482596651470e+00
1.000000000000000000e+00 6.829980482596651470e+00
1.000000000000000000e+00 1.127535547896231227e+00
1.000000000000000000e+00 1.127535547896231227e+00
1.000000000000000000e+00 1.127535547896231227e+00
1.000000000000000000e+00 1.127535547896231227e+00
1.000000000000000000e+00 1.127535547896231227e+00
1.000000000000000000e+00 1.127535547896231227e+00
1.000000000000000000e+00 1.127535547896231227e+00
1.000000000000000000e+00 1.127535547896231227e+00
1.000000000000000000e+00 9.583456772604812546e-01
1.000000000000000000e+00 9.089883495722529405e-01
1.000000000000000000e+00 9.089883495722529405e-01
1.000000000000000000e+00 9.089883495722529405e-01
1.000000000000000000e+00 9.089883495722529405e-01
1.000000000000000000e+00 9.089883495722529405e-01
1.000000000000000000e+00 7.211991126818926290e-01
1.000000000000000000e+00 6.897954226512128528e-01
1.000000000000000000e+00 6.897954226512128528e-01
1.000000000000000000e+00 6.897954226512128528e-01
1.000000000000000000e+00 6.897954226512128528e-01
1.000000000000000000e+00 6.897954226512128528e-01
1.000000000000000000e+00 6.897954226512128528e-01
1.000000000000000000e+00 6.897954226512128528e-01
1.000000000000000000e+00 6.897954226512128528e-01
1.000000000000000000e+00 6.897954226512128528e-01
1.000000000000000000e+00 6.897954226512128528e-01
2.000000000000000000e+00 2.858448349164882174e+01
2.000000000000000000e+00 2.858448349164882174e+01
2.000000000000000000e+00 2.858448349164882174e+01
2.000000000000000000e+00 9.921048975047629170e+00
2.000000000000000000e+00 9.921048975047629170e+00
2.000000000000000000e+00 9.921048975047629170e+00
2.000000000000000000e+00 9.921048975047629170e+00
2.000000000000000000e+00 9.921048975047629170e+00
2.000000000000000000e+00 9.921048975047629170e+00
2.000000000000000000e+00 7.614091096264057335e+00
2.000000000000000000e+00 7.614091096264057335e+00
2.000000000000000000e+00 7.614091096264057335e+00
2.000000000000000000e+00 4.941524433497102464e+00
2.000000000000000000e+00 4.941524433497102464e+00
2.000000000000000000e+00 4.941524433497102464e+00
2.000000000000000000e+00 4.941524433497102464e+00
2.000000000000000000e+00 4.941524433497102464e+00
2.000000000000000000e+00 4.941524433497102464e+00
2.000000000000000000e+00 4.941524433497102464e+00
2.000000000000000000e+00 4.941524433497102464e+00
2.000000000000000000e+00 4.941524433497102464e+00
2.000000000000000000e+00 4.941524433497102464e+00
2.000000000000000000e+00 4.941524433497102464e+00
2.000000000000000000e+00 4.941524433497102464e+00
2.000000000000000000e+00 4.941524433497102464e+00
2.000000000000000000e+00 4.941524433497102464e+00
2.000000000000000000e+00 4.941524433497102464e+00
2.000000000000000000e+00 4.941524433497102464e+00
2.000000000000000000e+00 4.941524433497102464e+00
2.000000000000000000e+00 4.941524433497102464e+00
3.000000000000000000e+00 3.119785186615116146e+01
3.000000000000000000e+00 3.119785186615116146e+01
3.000000000000000000e+00 2.827364167282577156e+01
3.000000000000000000e+00 2.827364167282577156e+01
3.000000000000000000e+00 2.827364167282577156e+01
3.000000000000000000e+00 2.827364167282577156e+01
3.000000000000000000e+00 1.562890532351888240e+00
3.000000000000000000e+00 1.562890532351888240e+00
3.000000000000000000e+00 1.562890532351888240e+00
3.000000000000000000e+00 1.562890532351888240e+00
3.000000000000000000e+00 1.562890532351888240e+00
3.000000000000000000e+00 1.562890532351888240e+00
3.000000000000000000e+00 1.562890532351888240e+00
3.000000000000000000e+00 1.562890532351888240e+00
3.000000000000000000e+00 3.670379001639262340e-01
3.000000000000000000e+00 3.670379001639262340e-01
3.000000000000000000e+00 3.670379001639262340e-01
3.000000000000000000e+00 3.670379001639262340e-01
3.000000000000000000e+00 3.670379001639262340e-01
3.000000000000000000e+00 3.670379001639262340e-01
3.000000000000000000e+00 3.670379001639262340e-01
3.000000000000000000e+00 3.670379001639262340e-01
3.000000000000000000e+00 3.670379001639262340e-01
3.000000000000000000e+00 3.670379001639262340e-01
3.000000000000000000e+00 3.670379001639262340e-01
3.000000000000000000e+00 3.670379001639262340e-01
3.000000000000000000e+00 3.670379001639262340e-01
3.000000000000000000e+00 3.670379001639262340e-01
3.000000000000000000e+00 3.670379001639262340e-01
3.000000000000000000e+00 3.670379001639262340e-01
4.000000000000000000e+00 3.163218291739542209e+01
4.000000000000000000e+00 6.674021714155414564e+00
4.000000000000000000e+00 2.487930680646398329e+00
4.000000000000000000e+00 2.487930680646398329e+00
4.000000000000000000e+00 2.487930680646398329e+00
4.000000000000000000e+00 2.487930680646398329e+00
4.000000000000000000e+00 2.487930680646398329e+00
4.000000000000000000e+00 1.846107425514083245e+00
4.000000000000000000e+00 1.846107425514083245e+00
4.000000000000000000e+00 1.846107425514083245e+00
4.000000000000000000e+00 1.846107425514083245e+00
4.000000000000000000e+00 1.846107425514083245e+00
4.000000000000000000e+00 1.846107425514083245e+00
4.000000000000000000e+00 1.846107425514083245e+00
4.000000000000000000e+00 1.846107425514083245e+00
4.000000000000000000e+00 1.846107425514083245e+00
4.000000000000000000e+00 1.846107425514083245e+00
4.000000000000000000e+00 1.846107425514083245e+00
4.000000000000000000e+00 1.846107425514083245e+00
4.000000000000000000e+00 1.846107425514083245e+00
4.000000000000000000e+00 1.846107425514083245e+00
4.000000000000000000e+00 1.846107425514083245e+00
4.000000000000000000e+00 1.846107425514083245e+00
4.000000000000000000e+00 1.846107425514083245e+00
4.000000000000000000e+00 1.846107425514083245e+00
4.000000000000000000e+00 1.846107425514083245e+00
4.000000000000000000e+00 1.846107425514083245e+00
4.000000000000000000e+00 1.846107425514083245e+00
4.000000000000000000e+00 1.846107425514083245e+00
4.000000000000000000e+00 1.846107425514083245e+00
5.000000000000000000e+00 9.929928767681018087e+01
5.000000000000000000e+00 2.912590246379022574e+01
5.000000000000000000e+00 2.671002042276610311e+01
5.000000000000000000e+00 2.426882026097376510e+01
5.000000000000000000e+00 2.426882026097376510e+01
5.000000000000000000e+00 9.102280985230768451e+00
5.000000000000000000e+00 5.400718059579535435e+00
5.000000000000000000e+00 5.400718059579535435e+00
5.000000000000000000e+00 5.400718059579535435e+00
5.000000000000000000e+00 5.400718059579535435e+00
5.000000000000000000e+00 5.400718059579535435e+00
5.000000000000000000e+00 5.400718059579535435e+00
5.000000000000000000e+00 5.400718059579535435e+00
5.000000000000000000e+00 3.422095331534366736e+00
5.000000000000000000e+00 3.422095331534366736e+00
5.000000000000000000e+00 3.422095331534366736e+00
5.000000000000000000e+00 3.422095331534366736e+00
5.000000000000000000e+00 2.838566030248535821e+00
5.000000000000000000e+00 2.838566030248535821e+00
5.000000000000000000e+00 2.838566030248535821e+00
5.000000000000000000e+00 2.838566030248535821e+00
5.000000000000000000e+00 2.838566030248535821e+00
5.000000000000000000e+00 1.446725645264123949e+00
5.000000000000000000e+00 5.493253921119110039e-01
5.000000000000000000e+00 5.493253921119110039e-01
5.000000000000000000e+00 5.493253921119110039e-01
5.000000000000000000e+00 5.493253921119110039e-01
5.000000000000000000e+00 5.493253921119110039e-01
5.000000000000000000e+00 5.493253921119110039e-01
5.000000000000000000e+00 5.493253921119110039e-01
6.000000000000000000e+00 5.989239014279058182e+01
6.000000000000000000e+00 1.339700940693204778e+01
6.000000000000000000e+00 1.339700940693204778e+01
6.000000000000000000e+00 1.339700940693204778e+01
6.000000000000000000e+00 1.339700940693204778e+01
6.000000000000000000e+00 1.339700940693204778e+01
6.000000000000000000e+00 1.339700940693204778e+01
6.000000000000000000e+00 1.339700940693204778e+01
6.000000000000000000e+00 1.339700940693204778e+01
6.000000000000000000e+00 1.339700940693204778e+01
6.000000000000000000e+00 1.339700940693204778e+01
6.000000000000000000e+00 1.339700940693204778e+01
6.000000000000000000e+00 1.339700940693204778e+01
6.000000000000000000e+00 2.085138654582958218e+00
6.000000000000000000e+00 2.085138654582958218e+00
6.000000000000000000e+00 2.085138654582958218e+00
6.000000000000000000e+00 2.085138654582958218e+00
6.000000000000000000e+00 2.085138654582958218e+00
6.000000000000000000e+00 1.640657072289498197e+00
6.000000000000000000e+00 1.493161170321001485e+00
6.000000000000000000e+00 1.132255451606321017e+00
6.000000000000000000e+00 1.098630618024586170e+00
6.000000000000000000e+00 9.041563833581546250e-01
6.000000000000000000e+00 8.353983541279847991e-01
6.000000000000000000e+00 7.275167680515766122e-01
6.000000000000000000e+00 7.275167680515766122e-01
6.000000000000000000e+00 7.275167680515766122e-01
6.000000000000000000e+00 6.499293486814609055e-01
6.000000000000000000e+00 6.499293486814609055e-01
6.000000000000000000e+00 6.499293486814609055e-01
7.000000000000000000e+00 4.870739428187531672e+01
7.000000000000000000e+00 8.814047651572654019e+00
7.000000000000000000e+00 8.814047651572654019e+00
7.000000000000000000e+00 8.814047651572654019e+00
7.000000000000000000e+00 8.814047651572654019e+00
7.000000000000000000e+00 8.814047651572654019e+00
7.000000000000000000e+00 8.814047651572654019e+00
7.000000000000000000e+00 7.298553414421199648e+00
7.000000000000000000e+00 7.298553414421199648e+00
7.000000000000000000e+00 7.298553414421199648e+00
7.000000000000000000e+00 7.298553414421199648e+00
7.000000000000000000e+00 7.298553414421199648e+00
7.000000000000000000e+00 5.346572871707300223e+00
7.000000000000000000e+00 2.928636407477111181e+00
7.000000000000000000e+00 2.928636407477111181e+00
7.000000000000000000e+00 2.928636407477111181e+00
7.000000000000000000e+00 2.928636407477111181e+00
7.000000000000000000e+00 2.928636407477111181e+00
7.000000000000000000e+00 2.928636407477111181e+00
7.000000000000000000e+00 2.928636407477111181e+00
7.000000000000000000e+00 2.928636407477111181e+00
7.000000000000000000e+00 7.241638160428950366e-01
7.000000000000000000e+00 7.241638160428950366e-01
7.000000000000000000e+00 7.241638160428950366e-01
7.000000000000000000e+00 7.241638160428950366e-01
7.000000000000000000e+00 7.241638160428950366e-01
7.000000000000000000e+00 7.241638160428950366e-01
7.000000000000000000e+00 7.241638160428950366e-01
7.000000000000000000e+00 7.241638160428950366e-01
7.000000000000000000e+00 7.241638160428950366e-01
8.000000000000000000e+00 6.694152614159872883e+01
8.000000000000000000e+00 2.001440048961437768e+01
8.000000000000000000e+00 1.267741370127487954e+01
8.000000000000000000e+00 1.267741370127487954e+01
8.000000000000000000e+00 9.866920758548461734e+00
8.000000000000000000e+00 9.866920758548461734e+00
8.000000000000000000e+00 9.866920758548461734e+00
8.000000000000000000e+00 9.866920758548461734e+00
8.000000000000000000e+00 9.866920758548461734e+00
8.000000000000000000e+00 9.866920758548461734e+00
8.000000000000000000e+00 9.866920758548461734e+00
8.000000000000000000e+00 9.866920758548461734e+00
8.000000000000000000e+00 4.748234227505474969e+00
8.000000000000000000e+00 4.643745014742146182e+00
8.000000000000000000e+00 4.643745014742146182e+00
8.000000000000000000e+00 4.643745014742146182e+00
8.000000000000000000e+00 4.643745014742146182e+00
8.000000000000000000e+00 4.643745014742146182e+00
8.000000000000000000e+00 4.639153435611969911e+00
8.000000000000000000e+00 4.639153435611969911e+00
8.000000000000000000e+00 4.639153435611969911e+00
8.000000000000000000e+00 4.639153435611969911e+00
8.000000000000000000e+00 4.639153435611969911e+00
8.000000000000000000e+00 4.639153435611969911e+00
8.000000000000000000e+00 4.639153435611969911e+00
8.000000000000000000e+00 4.639153435611969911e+00
8.000000000000000000e+00 4.639153435611969911e+00
8.000000000000000000e+00 4.639153435611969911e+00
8.000000000000000000e+00 4.639153435611969911e+00
8.000000000000000000e+00 2.331515626140407083e+00
9.000000000000000000e+00 8.689003074261182746e+01
9.000000000000000000e+00 2.956769536343212579e+01
9.000000000000000000e+00 1.649317634018020939e+01
9.000000000000000000e+00 1.649317634018020939e+01
9.000000000000000000e+00 1.649317634018020939e+01
9.000000000000000000e+00 1.649317634018020939e+01
9.000000000000000000e+00 1.649317634018020939e+01
9.000000000000000000e+00 1.649317634018020939e+01
9.000000000000000000e+00 1.649317634018020939e+01
9.000000000000000000e+00 1.649317634018020939e+01
9.000000000000000000e+00 1.649317634018020939e+01
9.000000000000000000e+00 1.649317634018020939e+01
9.000000000000000000e+00 4.830553818864536275e+00
9.000000000000000000e+00 4.830553818864536275e+00
9.000000000000000000e+00 4.830553818864536275e+00
9.000000000000000000e+00 4.830553818864536275e+00
9.000000000000000000e+00 4.830553818864536275e+00
9.000000000000000000e+00 4.830553818864536275e+00
9.000000000000000000e+00 4.830553818864536275e+00
9.000000000000000000e+00 4.830553818864536275e+00
9.000000000000000000e+00 4.830553818864536275e+00
9.000000000000000000e+00 4.830553818864536275e+00
9.000000000000000000e+00 4.830553818864536275e+00
9.000000000000000000e+00 4.830553818864536275e+00
9.000000000000000000e+00 4.830553818864536275e+00
9.000000000000000000e+00 4.830553818864536275e+00
9.000000000000000000e+00 4.830553818864536275e+00
9.000000000000000000e+00 4.830553818864536275e+00
9.000000000000000000e+00 4.830553818864536275e+00
9.000000000000000000e+00 4.830553818864536275e+00
