6.950065557105093371e-310 6.950065557105093371e-310
0.000000000000000000e+00 6.046576963456138376e-01
0.000000000000000000e+00 1.477009141860644581e-01
0.000000000000000000e+00 -7.752629853182133601e-01
0.000000000000000000e+00 -7.752629853182133601e-01
0.000000000000000000e+00 -7.752629853182133601e-01
0.000000000000000000e+00 -7.752629853182133601e-01
0.000000000000000000e+00 -7.752629853182133601e-01
0.000000000000000000e+00 -7.752629853182133601e-01
0.000000000000000000e+00 -7.752629853182133601e-01
0.000000000000000000e+00 -7.957550452412627262e-01
0.000000000000000000e+00 -8.647835671999181129e-01
0.000000000000000000e+00 -8.647835671999181129e-01
0.000000000000000000e+00 -1.130671448309403804e+00
0.000000000000000000e+00 -1.130671448309403804e+00
0.000000000000000000e+00 -1.130671448309403804e+00
0.000000000000000000e+00 -1.130671448309403804e+00
0.000000000000000000e+00 -1.130671448309403804e+00
0.000000000000000000e+00 -1.271036021445669961e+00
0.000000000000000000e+00 -1.271036021445669961e+00
0.000000000000000000e+00 -1.271036021445669961e+00
0.000000000000000000e+00 -1.271036021445669961e+00
0.000000000000000000e+00 -1.271036021445669961e+00
0.000000000000000000e+00 -1.271036021445669961e+00
0.000000000000000000e+00 -1.271036021445669961e+00
0.000000000000000000e+00 -1.363215895325039284e+00
0.000000000000000000e+00 -1.363215895325039284e+00
0.000000000000000000e+00 -1.363215895325039284e+00
0.000000000000000000e+00 -1.363215895325039284e+00
0.000000000000000000e+00 -1.363215895325039284e+00
0.000000000000000000e+00 -1.363215895325039284e+00
1.000000000000000000e+00 -5.989644323185646657e-01
1.000000000000000000e+00 -1.055753882588027492e+00
1.000000000000000000e+00 -1.055753882588027492e+00
1.000000000000000000e+00 -1.055753882588027492e+00
1.000000000000000000e+00 -1.055753882588027492e+00
1.000000000000000000e+00 -1.055753882588027492e+00
1.000000000000000000e+00 -1.055753882588027492e+00
1.000000000000000000e+00 -1.055753882588027492e+00
1.000000000000000000e+00 -1.055753882588027492e+00
1.000000000000000000e+00 -1.055753882588027492e+00
1.000000000000000000e+00 -1.055753882588027492e+00
1.000000000000000000e+00 -1.055753882588027492e+00
1.000000000000000000e+00 -1.055753882588027492e+00
1.000000000000000000e+00 -1.055753882588027492e+00
1.000000000000000000e+00 -1.055753882588027492e+00
1.000000000000000000e+00 -1.055753882588027492e+00
1.000000000000000000e+00 -1.055753882588027492e+00
1.000000000000000000e+00 -1.055753882588027492e+00
1.000000000000000000e+00 -1.055753882588027492e+00
1.000000000000000000e+00 -1.055753882588027492e+00
1.000000000000000000e+00 -1.055753882588027492e+00
1.000000000000000000e+00 -1.072148735076501103e+00
1.000000000000000000e+00 -1.072148735076501103e+00
1.000000000000000000e+00 -1.118660397199351397e+00
1.000000000000000000e+00 -1.182465799210739021e+00
1.000000000000000000e+00 -1.182465799210739021e+00
1.000000000000000000e+00 -1.182465799210739021e+00
1.000000000000000000e+00 -1.322795202582970120e+00
1.000000000000000000e+00 -1.322795202582970120e+00
1.000000000000000000e+00 -1.322795202582970120e+00
2.000000000000000000e+00 -7.490928444145266152e-01
2.000000000000000000e+00 -7.490928444145266152e-01
2.000000000000000000e+00 -7.490928444145266152e-01
2.000000000000000000e+00 -7.490928444145266152e-01
2.000000000000000000e+00 -7.490928444145266152e-01
2.000000000000000000e+00 -7.490928444145266152e-01
2.000000000000000000e+00 -1.028863000998449850e+00
2.000000000000000000e+00 -1.028863000998449850e+00
2.000000000000000000e+00 -1.028863000998449850e+00
2.000000000000000000e+00 -1.028863000998449850e+00
2.000000000000000000e+00 -1.028863000998449850e+00
2.000000000000000000e+00 -1.378742606530098058e+00
2.000000000000000000e+00 -1.378742606530098058e+00
2.000000000000000000e+00 -1.378742606530098058e+00
2.000000000000000000e+00 -1.378742606530098058e+00
2.000000000000000000e+00 -1.378742606530098058e+00
2.000000000000000000e+00 -1.378742606530098058e+00
2.000000000000000000e+00 -1.378742606530098058e+00
2.000000000000000000e+00 -1.378742606530098058e+00
2.000000000000000000e+00 -1.378742606530098058e+00
2.000000000000000000e+00 -1.378742606530098058e+00
2.000000000000000000e+00 -1.378742606530098058e+00
2.000000000000000000e+00 -1.378742606530098058e+00
2.000000000000000000e+00 -1.378742606530098058e+00
2.000000000000000000e+00 -1.378742606530098058e+00
2.000000000000000000e+00 -1.378742606530098058e+00
2.000000000000000000e+00 -1.378742606530098058e+00
2.000000000000000000e+00 -1.378742606530098058e+00
2.000000000000000000e+00 -1.378742606530098058e+00
2.000000000000000000e+00 -1.378742606530098058e+00
3.000000000000000000e+00 -2.735039894187322740e-01
3.000000000000000000e+00 -2.735039894187322740e-01
3.000000000000000000e+00 -2.735039894187322740e-01
3.000000000000000000e+00 -6.656143862062016137e-01
3.000000000000000000e+00 -6.656143862062016137e-01
3.000000000000000000e+00 -6.656143862062016137e-01
3.000000000000000000e+00 -6.656143862062016137e-01
3.000000000000000000e+00 -6.656143862062016137e-01
3.000000000000000000e+00 -1.247417103081083445e+00
3.000000000000000000e+00 -1.247417103081083445e+00
3.000000000000000000e+00 -1.659002214178597168e+00
3.000000000000000000e+00 -1.659002214178597168e+00
3.000000000000000000e+00 -1.659002214178597168e+00
3.000000000000000000e+00 -1.659002214178597168e+00
3.000000000000000000e+00 -1.659002214178597168e+00
3.000000000000000000e+00 -1.659002214178597168e+00
3.000000000000000000e+00 -1.659002214178597168e+00
3.000000000000000000e+00 -1.688267214011183848e+00
3.000000000000000000e+00 -1.688267214011183848e+00
3.000000000000000000e+00 -1.688267214011183848e+00
3.000000000000000000e+00 -1.688267214011183848e+00
3.000000000000000000e+00 -1.688267214011183848e+00
3.000000000000000000e+00 -1.703642828197021952e+00
3.000000000000000000e+00 -1.703642828197021952e+00
3.000000000000000000e+00 -1.703642828197021952e+00
3.000000000000000000e+00 -1.712019705841102635e+00
3.000000000000000000e+00 -1.712019705841102635e+00
3.000000000000000000e+00 -1.712019705841102635e+00
3.000000000000000000e+00 -1.712019705841102635e+00
3.000000000000000000e+00 -1.712019705841102635e+00
4.000000000000000000e+00 -7.934806122542532592e-01
4.000000000000000000e+00 -7.934806122542532592e-01
4.000000000000000000e+00 -9.988381083676053374e-01
4.000000000000000000e+00 -9.988381083676053374e-01
4.000000000000000000e+00 -9.988381083676053374e-01
4.000000000000000000e+00 -9.988381083676053374e-01
4.000000000000000000e+00 -9.988381083676053374e-01
4.000000000000000000e+00 -9.988381083676053374e-01
4.000000000000000000e+00 -1.421423881890508945e+00
4.000000000000000000e+00 -1.421423881890508945e+00
4.000000000000000000e+00 -1.421423881890508945e+00
4.000000000000000000e+00 -1.421423881890508945e+00
4.000000000000000000e+00 -1.451652528696881994e+00
4.000000000000000000e+00 -1.451652528696881994e+00
4.000000000000000000e+00 -1.451652528696881994e+00
4.000000000000000000e+00 -1.451652528696881994e+00
4.000000000000000000e+00 -1.451652528696881994e+00
4.000000000000000000e+00 -1.451652528696881994e+00
4.000000000000000000e+00 -1.451652528696881994e+00
4.000000000000000000e+00 -1.451652528696881994e+00
4.000000000000000000e+00 -1.493890733879782662e+00
4.000000000000000000e+00 -1.493890733879782662e+00
4.000000000000000000e+00 -1.595480113998246630e+00
4.000000000000000000e+00 -1.624002423131637673e+00
4.000000000000000000e+00 -1.624002423131637673e+00
4.000000000000000000e+00 -1.624002423131637673e+00
4.000000000000000000e+00 -1.624002423131637673e+00
4.000000000000000000e+00 -1.624002423131637673e+00
4.000000000000000000e+00 -1.641502435073830757e+00
4.000000000000000000e+00 -1.641502435073830757e+00
5.000000000000000000e+00 -3.986931030570177725e-01
5.000000000000000000e+00 -4.285782013731865847e-01
5.000000000000000000e+00 -4.285782013731865847e-01
5.000000000000000000e+00 -4.285782013731865847e-01
5.000000000000000000e+00 -4.285782013731865847e-01
5.000000000000000000e+00 -8.473283217739400186e-01
5.000000000000000000e+00 -8.473283217739400186e-01
5.000000000000000000e+00 -8.473283217739400186e-01
5.000000000000000000e+00 -8.473283217739400186e-01
5.000000000000000000e+00 -8.473283217739400186e-01
5.000000000000000000e+00 -8.473283217739400186e-01
5.000000000000000000e+00 -8.622421018210424393e-01
5.000000000000000000e+00 -9.188294260144910242e-01
5.000000000000000000e+00 -1.117924182330573446e+00
5.000000000000000000e+00 -1.117924182330573446e+00
5.000000000000000000e+00 -1.117924182330573446e+00
5.000000000000000000e+00 -1.117924182330573446e+00
5.000000000000000000e+00 -1.146749375663764559e+00
5.000000000000000000e+00 -1.146749375663764559e+00
5.000000000000000000e+00 -1.339004282866838480e+00
5.000000000000000000e+00 -1.339004282866838480e+00
5.000000000000000000e+00 -1.339004282866838480e+00
5.000000000000000000e+00 -1.472444968770000528e+00
5.000000000000000000e+00 -1.576521269237151746e+00
5.000000000000000000e+00 -1.599010347831230305e+00
5.000000000000000000e+00 -1.703782473227442917e+00
5.000000000000000000e+00 -1.703782473227442917e+00
5.000000000000000000e+00 -1.719173447879730698e+00
5.000000000000000000e+00 -1.719173447879730698e+00
5.000000000000000000e+00 -1.719173447879730698e+00
6.000000000000000000e+00 -1.572082412385308992e+00
6.000000000000000000e+00 -1.572082412385308992e+00
6.000000000000000000e+00 -1.572082412385308992e+00
6.000000000000000000e+00 -1.572082412385308992e+00
6.000000000000000000e+00 -1.572082412385308992e+00
6.000000000000000000e+00 -1.572082412385308992e+00
6.000000000000000000e+00 -1.572082412385308992e+00
6.000000000000000000e+00 -1.572082412385308992e+00
6.000000000000000000e+00 -1.572082412385308992e+00
6.000000000000000000e+00 -1.572082412385308992e+00
6.000000000000000000e+00 -1.572082412385308992e+00
6.000000000000000000e+00 -1.572082412385308992e+00
6.000000000000000000e+00 -1.572082412385308992e+00
6.000000000000000000e+00 -1.572082412385308992e+00
6.000000000000000000e+00 -1.572082412385308992e+00
6.000000000000000000e+00 -1.572082412385308992e+00
6.000000000000000000e+00 -1.572082412385308992e+00
6.000000000000000000e+00 -1.572082412385308992e+00
6.000000000000000000e+00 -1.572082412385308992e+00
6.000000000000000000e+00 -1.572082412385308992e+00
6.000000000000000000e+00 -1.572082412385308992e+00
6.000000000000000000e+00 -1.572082412385308992e+00
6.000000000000000000e+00 -1.572082412385308992e+00
6.000000000000000000e+00 -1.572082412385308992e+00
6.000000000000000000e+00 -1.572082412385308992e+00
6.000000000000000000e+00 -1.572082412385308992e+00
6.000000000000000000e+00 -1.572082412385308992e+00
6.000000000000000000e+00 -1.572082412385308992e+00
6.000000000000000000e+00 -1.572082412385308992e+00
6.000000000000000000e+00 -1.572082412385308992e+00
7.000000000000000000e+00 -7.513558619656830473e-01
7.000000000000000000e+00 -1.334238331060217497e+00
7.000000000000000000e+00 -1.334238331060217497e+00
7.000000000000000000e+00 -1.334238331060217497e+00
7.000000000000000000e+00 -1.334238331060217497e+00
7.000000000000000000e+00 -1.334238331060217497e+00
7.000000000000000000e+00 -1.334238331060217497e+00
7.000000000000000000e+00 -1.334238331060217497e+00
7.000000000000000000e+00 -1.334238331060217497e+00
7.000000000000000000e+00 -1.334238331060217497e+00
7.000000000000000000e+00 -1.334238331060217497e+00
7.000000000000000000e+00 -1.334238331060217497e+00
7.000000000000000000e+00 -1.803842754142528593e+00
7.000000000000000000e+00 -1.803842754142528593e+00
7.000000000000000000e+00 -1.803842754142528593e+00
7.000000000000000000e+00 -1.803842754142528593e+00
7.000000000000000000e+00 -1.803842754142528593e+00
7.000000000000000000e+00 -1.803842754142528593e+00
7.000000000000000000e+00 -1.803842754142528593e+00
7.000000000000000000e+00 -1.803842754142528593e+00
7.000000000000000000e+00 -1.803842754142528593e+00
7.000000000000000000e+00 -1.803842754142528593e+00
7.000000000000000000e+00 -1.803842754142528593e+00
7.000000000000000000e+00 -1.803842754142528593e+00
7.000000000000000000e+00 -1.803842754142528593e+00
7.000000000000000000e+00 -1.803842754142528593e+00
7.000000000000000000e+00 -1.803842754142528593e+00
7.000000000000000000e+00 -1.803842754142528593e+00
7.000000000000000000e+00 -1.803842754142528593e+00
7.000000000000000000e+00 -1.803842754142528593e+00
8.000000000000000000e+00 -1.083685813428183264e+00
8.000000000000000000e+00 -1.083685813428183264e+00
8.000000000000000000e+00 -1.083685813428183264e+00
8.000000000000000000e+00 -1.083685813428183264e+00
8.000000000000000000e+00 -1.083685813428183264e+00
8.000000000000000000e+00 -1.083685813428183264e+00
8.000000000000000000e+00 -1.083685813428183264e+00
8.000000000000000000e+00 -1.089550852271928605e+00
8.000000000000000000e+00 -1.089550852271928605e+00
8.000000000000000000e+00 -1.089550852271928605e+00
8.000000000000000000e+00 -1.191596936287635966e+00
8.000000000000000000e+00 -1.191596936287635966e+00
8.000000000000000000e+00 -1.191596936287635966e+00
8.000000000000000000e+00 -1.191596936287635966e+00
8.000000000000000000e+00 -1.191596936287635966e+00
8.000000000000000000e+00 -1.595012571185218331e+00
8.000000000000000000e+00 -1.595012571185218331e+00
8.000000000000000000e+00 -1.595012571185218331e+00
8.000000000000000000e+00 -1.595012571185218331e+00
8.000000000000000000e+00 -1.653146527898850193e+00
8.000000000000000000e+00 -1.653146527898850193e+00
8.000000000000000000e+00 -1.653146527898850193e+00
8.000000000000000000e+00 -1.653146527898850193e+00
8.000000000000000000e+00 -1.653146527898850193e+00
8.000000000000000000e+00 -1.653146527898850193e+00
8.000000000000000000e+00 -1.653146527898850193e+00
8.000000000000000000e+00 -1.653146527898850193e+00
8.000000000000000000e+00 -1.653146527898850193e+00
8.000000000000000000e+00 -1.653146527898850193e+00
8.000000000000000000e+00 -1.653146527898850193e+00
9.000000000000000000e+00 4.580245714190339101e-01
9.000000000000000000e+00 4.572316283624279776e-01
9.000000000000000000e+00 -7.687439200864033539e-01
9.000000000000000000e+00 -9.101012999587348995e-01
9.000000000000000000e+00 -9.101012999587348995e-01
9.000000000000000000e+00 -9.101012999587348995e-01
9.000000000000000000e+00 -1.154607475898817182e+00
9.000000000000000000e+00 -1.154607475898817182e+00
9.000000000000000000e+00 -1.154607475898817182e+00
9.000000000000000000e+00 -1.154607475898817182e+00
9.000000000000000000e+00 -1.241651336376415671e+00
9.000000000000000000e+00 -1.241651336376415671e+00
9.000000000000000000e+00 -1.260829826913127505e+00
9.000000000000000000e+00 -1.465594226128163813e+00
9.000000000000000000e+00 -1.662401878387378185e+00
9.000000000000000000e+00 -1.662401878387378185e+00
9.000000000000000000e+00 -1.662401878387378185e+00
9.000000000000000000e+00 -1.672115763757072937e+00
9.000000000000000000e+00 -1.672115763757072937e+00
9.000000000000000000e+00 -1.672115763757072937e+00
9.000000000000000000e+00 -1.697194119088462960e+00
9.000000000000000000e+00 -1.697194119088462960e+00
9.000000000000000000e+00 -1.697194119088462960e+00
9.000000000000000000e+00 -1.697194119088462960e+00
9.000000000000000000e+00 -1.697194119088462960e+00
9.000000000000000000e+00 -1.697194119088462960e+00
9.000000000000000000e+00 -1.697194119088462960e+00
9.000000000000000000e+00 -1.697194119088462960e+00
9.000000000000000000e+00 -1.697194119088462960e+00
9.000000000000000000e+00 -1.697194119088462960e+00
