6.930271131569341242e-310 7.187536582367952636e-316
0.000000000000000000e+00 4.315556590560849504e-01
0.000000000000000000e+00 1.309238124432152706e-01
0.000000000000000000e+00 1.309238124432152706e-01
0.000000000000000000e+00 1.309238124432152706e-01
0.000000000000000000e+00 3.867452381046455889e-02
0.000000000000000000e+00 3.867452381046455889e-02
0.000000000000000000e+00 3.867452381046455889e-02
0.000000000000000000e+00 3.867452381046455889e-02
0.000000000000000000e+00 3.867452381046455889e-02
0.000000000000000000e+00 3.867452381046455889e-02
0.000000000000000000e+00 3.867452381046455889e-02
0.000000000000000000e+00 -3.104318572472217208e-02
0.000000000000000000e+00 -3.104318572472217208e-02
0.000000000000000000e+00 -3.104318572472217208e-02
0.000000000000000000e+00 -3.104318572472217208e-02
0.000000000000000000e+00 -3.104318572472217208e-02
0.000000000000000000e+00 -3.104318572472217208e-02
0.000000000000000000e+00 -8.466524211335522965e-02
0.000000000000000000e+00 -8.466524211335522965e-02
0.000000000000000000e+00 -8.466524211335522965e-02
0.000000000000000000e+00 -8.466524211335522965e-02
0.000000000000000000e+00 -8.466524211335522965e-02
0.000000000000000000e+00 -1.683137483629123521e-01
0.000000000000000000e+00 -1.683137483629123521e-01
0.000000000000000000e+00 -1.683137483629123521e-01
0.000000000000000000e+00 -1.683137483629123521e-01
0.000000000000000000e+00 -1.937107649318161040e-01
0.000000000000000000e+00 -1.937107649318161040e-01
0.000000000000000000e+00 -1.937107649318161040e-01
0.000000000000000000e+00 -1.937107649318161040e-01
1.000000000000000000e+00 3.215975666021789192e-01
1.000000000000000000e+00 3.215975666021789192e-01
1.000000000000000000e+00 3.215975666021789192e-01
1.000000000000000000e+00 3.215975666021789192e-01
1.000000000000000000e+00 3.215975666021789192e-01
1.000000000000000000e+00 1.850807775299546931e-01
1.000000000000000000e+00 1.850807775299546931e-01
1.000000000000000000e+00 1.850807775299546931e-01
1.000000000000000000e+00 1.850807775299546931e-01
1.000000000000000000e+00 1.166855824287874460e-01
1.000000000000000000e+00 -4.177661188180928353e-02
1.000000000000000000e+00 -4.585648537602451946e-02
1.000000000000000000e+00 -4.585648537602451946e-02
1.000000000000000000e+00 -1.266869569066187140e-01
1.000000000000000000e+00 -1.266869569066187140e-01
1.000000000000000000e+00 -1.266869569066187140e-01
1.000000000000000000e+00 -1.266869569066187140e-01
1.000000000000000000e+00 -1.266869569066187140e-01
1.000000000000000000e+00 -1.266869569066187140e-01
1.000000000000000000e+00 -1.266869569066187140e-01
1.000000000000000000e+00 -1.266869569066187140e-01
1.000000000000000000e+00 -1.266869569066187140e-01
1.000000000000000000e+00 -1.266869569066187140e-01
1.000000000000000000e+00 -1.266869569066187140e-01
1.000000000000000000e+00 -1.266869569066187140e-01
1.000000000000000000e+00 -1.266869569066187140e-01
1.000000000000000000e+00 -1.266869569066187140e-01
1.000000000000000000e+00 -1.266869569066187140e-01
1.000000000000000000e+00 -1.266869569066187140e-01
1.000000000000000000e+00 -1.266869569066187140e-01
2.000000000000000000e+00 2.500308020888003524e-01
2.000000000000000000e+00 2.500308020888003524e-01
2.000000000000000000e+00 1.811396903045732476e-02
2.000000000000000000e+00 1.811396903045732476e-02
2.000000000000000000e+00 1.811396903045732476e-02
2.000000000000000000e+00 1.811396903045732476e-02
2.000000000000000000e+00 1.811396903045732476e-02
2.000000000000000000e+00 1.811396903045732476e-02
2.000000000000000000e+00 1.811396903045732476e-02
2.000000000000000000e+00 1.811396903045732476e-02
2.000000000000000000e+00 1.811396903045732476e-02
2.000000000000000000e+00 1.811396903045732476e-02
2.000000000000000000e+00 -4.903102924213213060e-02
2.000000000000000000e+00 -9.978413991816539874e-02
2.000000000000000000e+00 -3.508449722999043008e-01
2.000000000000000000e+00 -3.508449722999043008e-01
2.000000000000000000e+00 -3.508449722999043008e-01
2.000000000000000000e+00 -3.508449722999043008e-01
2.000000000000000000e+00 -3.508449722999043008e-01
2.000000000000000000e+00 -3.508449722999043008e-01
2.000000000000000000e+00 -3.508449722999043008e-01
2.000000000000000000e+00 -3.508449722999043008e-01
2.000000000000000000e+00 -3.508449722999043008e-01
2.000000000000000000e+00 -3.508449722999043008e-01
2.000000000000000000e+00 -3.508449722999043008e-01
2.000000000000000000e+00 -3.508449722999043008e-01
2.000000000000000000e+00 -3.508449722999043008e-01
2.000000000000000000e+00 -3.508449722999043008e-01
2.000000000000000000e+00 -3.508449722999043008e-01
2.000000000000000000e+00 -3.508449722999043008e-01
3.000000000000000000e+00 8.858124203443427103e-01
3.000000000000000000e+00 1.048245003463224578e-01
3.000000000000000000e+00 1.048245003463224578e-01
3.000000000000000000e+00 1.959251006765125314e-02
3.000000000000000000e+00 1.959251006765125314e-02
3.000000000000000000e+00 1.959251006765125314e-02
3.000000000000000000e+00 1.959251006765125314e-02
3.000000000000000000e+00 1.959251006765125314e-02
3.000000000000000000e+00 1.959251006765125314e-02
3.000000000000000000e+00 1.959251006765125314e-02
3.000000000000000000e+00 2.173529380451899584e-03
3.000000000000000000e+00 2.173529380451899584e-03
3.000000000000000000e+00 2.173529380451899584e-03
3.000000000000000000e+00 2.173529380451899584e-03
3.000000000000000000e+00 2.173529380451899584e-03
3.000000000000000000e+00 -2.581540839236887153e-02
3.000000000000000000e+00 -2.581540839236887153e-02
3.000000000000000000e+00 -2.581540839236887153e-02
3.000000000000000000e+00 -7.484448962480745593e-02
3.000000000000000000e+00 -7.484448962480745593e-02
3.000000000000000000e+00 -7.484448962480745593e-02
3.000000000000000000e+00 -1.105275435449920851e-01
3.000000000000000000e+00 -1.105275435449920851e-01
3.000000000000000000e+00 -1.105275435449920851e-01
3.000000000000000000e+00 -1.105275435449920851e-01
3.000000000000000000e+00 -1.281992453221567907e-01
3.000000000000000000e+00 -1.281992453221567907e-01
3.000000000000000000e+00 -1.281992453221567907e-01
3.000000000000000000e+00 -1.281992453221567907e-01
3.000000000000000000e+00 -1.281992453221567907e-01
4.000000000000000000e+00 3.316233373581200516e-01
4.000000000000000000e+00 3.316233373581200516e-01
4.000000000000000000e+00 -3.960748787297152518e-02
4.000000000000000000e+00 -3.960748787297152518e-02
4.000000000000000000e+00 -3.960748787297152518e-02
4.000000000000000000e+00 -3.960748787297152518e-02
4.000000000000000000e+00 -3.960748787297152518e-02
4.000000000000000000e+00 -3.960748787297152518e-02
4.000000000000000000e+00 -3.960748787297152518e-02
4.000000000000000000e+00 -3.960748787297152518e-02
4.000000000000000000e+00 -7.141654925963289435e-02
4.000000000000000000e+00 -8.513995483122907548e-02
4.000000000000000000e+00 -8.513995483122907548e-02
4.000000000000000000e+00 -8.513995483122907548e-02
4.000000000000000000e+00 -8.513995483122907548e-02
4.000000000000000000e+00 -8.513995483122907548e-02
4.000000000000000000e+00 -8.513995483122907548e-02
4.000000000000000000e+00 -8.513995483122907548e-02
4.000000000000000000e+00 -8.513995483122907548e-02
4.000000000000000000e+00 -8.513995483122907548e-02
4.000000000000000000e+00 -8.513995483122907548e-02
4.000000000000000000e+00 -8.513995483122907548e-02
4.000000000000000000e+00 -8.513995483122907548e-02
4.000000000000000000e+00 -8.513995483122907548e-02
4.000000000000000000e+00 -8.513995483122907548e-02
4.000000000000000000e+00 -8.513995483122907548e-02
4.000000000000000000e+00 -8.513995483122907548e-02
4.000000000000000000e+00 -8.513995483122907548e-02
4.000000000000000000e+00 -8.513995483122907548e-02
4.000000000000000000e+00 -8.693518170500888487e-02
5.000000000000000000e+00 7.103079142632543475e-01
5.000000000000000000e+00 2.512850614549289041e-01
5.000000000000000000e+00 2.512850614549289041e-01
5.000000000000000000e+00 1.888537761481331734e-01
5.000000000000000000e+00 1.888537761481331734e-01
5.000000000000000000e+00 7.745215882362377346e-02
5.000000000000000000e+00 7.745215882362377346e-02
5.000000000000000000e+00 7.745215882362377346e-02
5.000000000000000000e+00 7.745215882362377346e-02
5.000000000000000000e+00 7.745215882362377346e-02
5.000000000000000000e+00 7.745215882362377346e-02
5.000000000000000000e+00 -2.725235622057601281e-01
5.000000000000000000e+00 -2.725235622057601281e-01
5.000000000000000000e+00 -2.725235622057601281e-01
5.000000000000000000e+00 -2.725235622057601281e-01
5.000000000000000000e+00 -2.725235622057601281e-01
5.000000000000000000e+00 -2.725235622057601281e-01
5.000000000000000000e+00 -2.725235622057601281e-01
5.000000000000000000e+00 -2.725235622057601281e-01
5.000000000000000000e+00 -2.725235622057601281e-01
5.000000000000000000e+00 -2.725235622057601281e-01
5.000000000000000000e+00 -2.725235622057601281e-01
5.000000000000000000e+00 -2.725235622057601281e-01
5.000000000000000000e+00 -2.725235622057601281e-01
5.000000000000000000e+00 -2.725235622057601281e-01
5.000000000000000000e+00 -2.725235622057601281e-01
5.000000000000000000e+00 -2.725235622057601281e-01
5.000000000000000000e+00 -2.725235622057601281e-01
5.000000000000000000e+00 -2.725235622057601281e-01
5.000000000000000000e+00 -2.725235622057601281e-01
6.000000000000000000e+00 5.063036208341238353e-01
6.000000000000000000e+00 4.252623219821445866e-01
6.000000000000000000e+00 4.252623219821445866e-01
6.000000000000000000e+00 4.252623219821445866e-01
6.000000000000000000e+00 4.252623219821445866e-01
6.000000000000000000e+00 2.158719717229951873e-01
6.000000000000000000e+00 2.158719717229951873e-01
6.000000000000000000e+00 2.158719717229951873e-01
6.000000000000000000e+00 -9.137831853433155127e-02
6.000000000000000000e+00 -9.137831853433155127e-02
6.000000000000000000e+00 -9.137831853433155127e-02
6.000000000000000000e+00 -1.447154132154982453e-01
6.000000000000000000e+00 -1.447154132154982453e-01
6.000000000000000000e+00 -1.447154132154982453e-01
6.000000000000000000e+00 -1.447154132154982453e-01
6.000000000000000000e+00 -1.447154132154982453e-01
6.000000000000000000e+00 -1.447154132154982453e-01
6.000000000000000000e+00 -1.447154132154982453e-01
6.000000000000000000e+00 -1.447154132154982453e-01
6.000000000000000000e+00 -1.447154132154982453e-01
6.000000000000000000e+00 -1.447154132154982453e-01
6.000000000000000000e+00 -1.447154132154982453e-01
6.000000000000000000e+00 -1.447154132154982453e-01
6.000000000000000000e+00 -1.447154132154982453e-01
6.000000000000000000e+00 -1.447154132154982453e-01
6.000000000000000000e+00 -1.447154132154982453e-01
6.000000000000000000e+00 -1.447154132154982453e-01
6.000000000000000000e+00 -1.447154132154982453e-01
6.000000000000000000e+00 -1.447154132154982453e-01
6.000000000000000000e+00 -1.447154132154982453e-01
7.000000000000000000e+00 5.204524255584879189e-01
7.000000000000000000e+00 5.204524255584879189e-01
7.000000000000000000e+00 2.926431732563875010e-01
7.000000000000000000e+00 2.926431732563875010e-01
7.000000000000000000e+00 2.926431732563875010e-01
7.000000000000000000e+00 2.223146331344614257e-01
7.000000000000000000e+00 2.223146331344614257e-01
7.000000000000000000e+00 2.223146331344614257e-01
7.000000000000000000e+00 2.223146331344614257e-01
7.000000000000000000e+00 2.223146331344614257e-01
7.000000000000000000e+00 1.863954427551904047e-01
7.000000000000000000e+00 -4.840473685468012904e-02
7.000000000000000000e+00 -9.781250418754758313e-02
7.000000000000000000e+00 -9.781250418754758313e-02
7.000000000000000000e+00 -9.781250418754758313e-02
7.000000000000000000e+00 -9.781250418754758313e-02
7.000000000000000000e+00 -9.781250418754758313e-02
7.000000000000000000e+00 -9.781250418754758313e-02
7.000000000000000000e+00 -9.781250418754758313e-02
7.000000000000000000e+00 -9.781250418754758313e-02
7.000000000000000000e+00 -9.781250418754758313e-02
7.000000000000000000e+00 -9.781250418754758313e-02
7.000000000000000000e+00 -9.781250418754758313e-02
7.000000000000000000e+00 -9.781250418754758313e-02
7.000000000000000000e+00 -9.781250418754758313e-02
7.000000000000000000e+00 -9.781250418754758313e-02
7.000000000000000000e+00 -9.781250418754758313e-02
7.000000000000000000e+00 -9.781250418754758313e-02
7.000000000000000000e+00 -9.781250418754758313e-02
7.000000000000000000e+00 -9.781250418754758313e-02
8.000000000000000000e+00 5.595505399813035519e-01
8.000000000000000000e+00 2.189397570160532269e-01
8.000000000000000000e+00 2.189397570160532269e-01
8.000000000000000000e+00 2.189397570160532269e-01
8.000000000000000000e+00 2.189397570160532269e-01
8.000000000000000000e+00 2.189397570160532269e-01
8.000000000000000000e+00 2.189397570160532269e-01
8.000000000000000000e+00 1.812831033497263045e-01
8.000000000000000000e+00 1.812831033497263045e-01
8.000000000000000000e+00 1.812831033497263045e-01
8.000000000000000000e+00 9.993795463891487485e-02
8.000000000000000000e+00 -2.679211236796725376e-02
8.000000000000000000e+00 -2.679211236796725376e-02
8.000000000000000000e+00 -2.679211236796725376e-02
8.000000000000000000e+00 -4.262087740248825946e-02
8.000000000000000000e+00 -4.262087740248825946e-02
8.000000000000000000e+00 -4.262087740248825946e-02
8.000000000000000000e+00 -1.201495646176599513e-01
8.000000000000000000e+00 -1.201495646176599513e-01
8.000000000000000000e+00 -1.201495646176599513e-01
8.000000000000000000e+00 -1.201495646176599513e-01
8.000000000000000000e+00 -1.201495646176599513e-01
8.000000000000000000e+00 -1.201495646176599513e-01
8.000000000000000000e+00 -1.201495646176599513e-01
8.000000000000000000e+00 -1.201495646176599513e-01
8.000000000000000000e+00 -1.201495646176599513e-01
8.000000000000000000e+00 -1.201495646176599513e-01
8.000000000000000000e+00 -1.201495646176599513e-01
8.000000000000000000e+00 -1.201495646176599513e-01
8.000000000000000000e+00 -2.834167376528468618e-01
9.000000000000000000e+00 9.668981048896061470e-01
9.000000000000000000e+00 3.103574584211444831e-01
9.000000000000000000e+00 3.103574584211444831e-01
9.000000000000000000e+00 3.103574584211444831e-01
9.000000000000000000e+00 3.103574584211444831e-01
9.000000000000000000e+00 3.103574584211444831e-01
9.000000000000000000e+00 3.103574584211444831e-01
9.000000000000000000e+00 1.060560872751089984e-01
9.000000000000000000e+00 1.060560872751089984e-01
9.000000000000000000e+00 1.060560872751089984e-01
9.000000000000000000e+00 -4.877716648391811072e-02
9.000000000000000000e+00 -1.278988652370171564e-01
9.000000000000000000e+00 -1.278988652370171564e-01
9.000000000000000000e+00 -1.278988652370171564e-01
9.000000000000000000e+00 -1.278988652370171564e-01
9.000000000000000000e+00 -1.278988652370171564e-01
9.000000000000000000e+00 -1.643871859299181615e-01
9.000000000000000000e+00 -1.643871859299181615e-01
9.000000000000000000e+00 -1.643871859299181615e-01
9.000000000000000000e+00 -1.643871859299181615e-01
9.000000000000000000e+00 -1.643871859299181615e-01
9.000000000000000000e+00 -1.643871859299181615e-01
9.000000000000000000e+00 -1.643871859299181615e-01
9.000000000000000000e+00 -1.643871859299181615e-01
9.000000000000000000e+00 -1.643871859299181615e-01
9.000000000000000000e+00 -1.643871859299181615e-01
9.000000000000000000e+00 -1.643871859299181615e-01
9.000000000000000000e+00 -1.643871859299181615e-01
9.000000000000000000e+00 -1.643871859299181615e-01
9.000000000000000000e+00 -1.749322402956401123e-01
