6.930271131569341242e-310 7.738506733034610592e-316
0.000000000000000000e+00 -7.041849156077484295e-01
0.000000000000000000e+00 -7.041849156077484295e-01
0.000000000000000000e+00 -7.041849156077484295e-01
0.000000000000000000e+00 -7.041849156077484295e-01
0.000000000000000000e+00 -7.041849156077484295e-01
0.000000000000000000e+00 -7.041849156077484295e-01
0.000000000000000000e+00 -7.041849156077484295e-01
0.000000000000000000e+00 -7.041849156077484295e-01
0.000000000000000000e+00 -7.041849156077484295e-01
0.000000000000000000e+00 -7.041849156077484295e-01
0.000000000000000000e+00 -1.856281471065450273e+00
0.000000000000000000e+00 -1.856281471065450273e+00
0.000000000000000000e+00 -1.856281471065450273e+00
0.000000000000000000e+00 -1.856281471065450273e+00
0.000000000000000000e+00 -1.856281471065450273e+00
0.000000000000000000e+00 -1.856281471065450273e+00
0.000000000000000000e+00 -1.856281471065450273e+00
0.000000000000000000e+00 -1.856281471065450273e+00
0.000000000000000000e+00 -1.856281471065450273e+00
0.000000000000000000e+00 -1.856281471065450273e+00
0.000000000000000000e+00 -1.856281471065450273e+00
0.000000000000000000e+00 -1.856281471065450273e+00
0.000000000000000000e+00 -1.856281471065450273e+00
0.000000000000000000e+00 -1.856281471065450273e+00
0.000000000000000000e+00 -2.023860607251706689e+00
0.000000000000000000e+00 -2.023860607251706689e+00
0.000000000000000000e+00 -2.023860607251706689e+00
0.000000000000000000e+00 -2.023860607251706689e+00
0.000000000000000000e+00 -2.023860607251706689e+00
0.000000000000000000e+00 -2.023860607251706689e+00
1.000000000000000000e+00 1.590837952229798624e+00
1.000000000000000000e+00 -7.444418491946326322e-01
1.000000000000000000e+00 -7.444418491946326322e-01
1.000000000000000000e+00 -7.444418491946326322e-01
1.000000000000000000e+00 -7.444418491946326322e-01
1.000000000000000000e+00 -7.444418491946326322e-01
1.000000000000000000e+00 -7.444418491946326322e-01
1.000000000000000000e+00 -7.444418491946326322e-01
1.000000000000000000e+00 -7.444418491946326322e-01
1.000000000000000000e+00 -7.444418491946326322e-01
1.000000000000000000e+00 -7.444418491946326322e-01
1.000000000000000000e+00 -1.905374176471098524e+00
1.000000000000000000e+00 -1.905374176471098524e+00
1.000000000000000000e+00 -1.905374176471098524e+00
1.000000000000000000e+00 -1.905374176471098524e+00
1.000000000000000000e+00 -1.905374176471098524e+00
1.000000000000000000e+00 -1.905374176471098524e+00
1.000000000000000000e+00 -1.905374176471098524e+00
1.000000000000000000e+00 -1.908348429406233171e+00
1.000000000000000000e+00 -1.908348429406233171e+00
1.000000000000000000e+00 -1.908348429406233171e+00
1.000000000000000000e+00 -1.908348429406233171e+00
1.000000000000000000e+00 -1.908348429406233171e+00
1.000000000000000000e+00 -1.908348429406233171e+00
1.000000000000000000e+00 -1.908348429406233171e+00
1.000000000000000000e+00 -1.908348429406233171e+00
1.000000000000000000e+00 -1.967434307580093300e+00
1.000000000000000000e+00 -1.967434307580093300e+00
1.000000000000000000e+00 -1.967434307580093300e+00
1.000000000000000000e+00 -1.967434307580093300e+00
2.000000000000000000e+00 1.578096996980493660e+00
2.000000000000000000e+00 1.578096996980493660e+00
2.000000000000000000e+00 1.578096996980493660e+00
2.000000000000000000e+00 1.578096996980493660e+00
2.000000000000000000e+00 1.578096996980493660e+00
2.000000000000000000e+00 1.578096996980493660e+00
2.000000000000000000e+00 1.578096996980493660e+00
2.000000000000000000e+00 1.578096996980493660e+00
2.000000000000000000e+00 1.578096996980493660e+00
2.000000000000000000e+00 7.517981229067218774e-01
2.000000000000000000e+00 7.517981229067218774e-01
2.000000000000000000e+00 -2.324799040170641984e-01
2.000000000000000000e+00 -2.324799040170641984e-01
2.000000000000000000e+00 -1.580506696309173176e+00
2.000000000000000000e+00 -1.580506696309173176e+00
2.000000000000000000e+00 -1.580506696309173176e+00
2.000000000000000000e+00 -1.580506696309173176e+00
2.000000000000000000e+00 -1.580506696309173176e+00
2.000000000000000000e+00 -1.580506696309173176e+00
2.000000000000000000e+00 -1.580506696309173176e+00
2.000000000000000000e+00 -1.580506696309173176e+00
2.000000000000000000e+00 -1.580506696309173176e+00
2.000000000000000000e+00 -1.580506696309173176e+00
2.000000000000000000e+00 -1.580506696309173176e+00
2.000000000000000000e+00 -1.580506696309173176e+00
2.000000000000000000e+00 -1.580506696309173176e+00
2.000000000000000000e+00 -1.580506696309173176e+00
2.000000000000000000e+00 -1.598804227994808702e+00
2.000000000000000000e+00 -1.598804227994808702e+00
2.000000000000000000e+00 -1.649804264159345335e+00
3.000000000000000000e+00 7.218301695909848270e+00
3.000000000000000000e+00 -5.726778557526477492e-02
3.000000000000000000e+00 -5.726778557526477492e-02
3.000000000000000000e+00 -5.141081005725068875e-01
3.000000000000000000e+00 -6.870899031134372059e-01
3.000000000000000000e+00 -6.870899031134372059e-01
3.000000000000000000e+00 -6.870899031134372059e-01
3.000000000000000000e+00 -6.870899031134372059e-01
3.000000000000000000e+00 -6.870899031134372059e-01
3.000000000000000000e+00 -6.870899031134372059e-01
3.000000000000000000e+00 -6.870899031134372059e-01
3.000000000000000000e+00 -6.870899031134372059e-01
3.000000000000000000e+00 -1.349165381898665750e+00
3.000000000000000000e+00 -1.546478483496699363e+00
3.000000000000000000e+00 -1.641862909263451797e+00
3.000000000000000000e+00 -1.641862909263451797e+00
3.000000000000000000e+00 -1.641862909263451797e+00
3.000000000000000000e+00 -1.641862909263451797e+00
3.000000000000000000e+00 -1.733254054650787079e+00
3.000000000000000000e+00 -1.753028894750398470e+00
3.000000000000000000e+00 -1.753028894750398470e+00
3.000000000000000000e+00 -1.753028894750398470e+00
3.000000000000000000e+00 -1.753028894750398470e+00
3.000000000000000000e+00 -1.761537210013593979e+00
3.000000000000000000e+00 -1.761537210013593979e+00
3.000000000000000000e+00 -1.761537210013593979e+00
3.000000000000000000e+00 -1.761537210013593979e+00
3.000000000000000000e+00 -1.761537210013593979e+00
3.000000000000000000e+00 -1.761537210013593979e+00
3.000000000000000000e+00 -1.761537210013593979e+00
4.000000000000000000e+00 3.323245944731308299e+00
4.000000000000000000e+00 3.323245944731308299e+00
4.000000000000000000e+00 9.667953908935575935e-01
4.000000000000000000e+00 9.667953908935575935e-01
4.000000000000000000e+00 9.667953908935575935e-01
4.000000000000000000e+00 9.667953908935575935e-01
4.000000000000000000e+00 9.667953908935575935e-01
4.000000000000000000e+00 9.667953908935575935e-01
4.000000000000000000e+00 -1.135540722054000917e-01
4.000000000000000000e+00 -1.135540722054000917e-01
4.000000000000000000e+00 -1.335448538433786192e+00
4.000000000000000000e+00 -1.784576963067835420e+00
4.000000000000000000e+00 -1.784576963067835420e+00
4.000000000000000000e+00 -1.895398985572259498e+00
4.000000000000000000e+00 -1.895398985572259498e+00
4.000000000000000000e+00 -1.997344348367091627e+00
4.000000000000000000e+00 -2.019161509348175176e+00
4.000000000000000000e+00 -2.019161509348175176e+00
4.000000000000000000e+00 -2.019161509348175176e+00
4.000000000000000000e+00 -2.019161509348175176e+00
4.000000000000000000e+00 -2.049284620900692744e+00
4.000000000000000000e+00 -2.055303744524206166e+00
4.000000000000000000e+00 -2.055303744524206166e+00
4.000000000000000000e+00 -2.055303744524206166e+00
4.000000000000000000e+00 -2.055303744524206166e+00
4.000000000000000000e+00 -2.055303744524206166e+00
4.000000000000000000e+00 -2.055303744524206166e+00
4.000000000000000000e+00 -2.055303744524206166e+00
4.000000000000000000e+00 -2.055303744524206166e+00
4.000000000000000000e+00 -2.055303744524206166e+00
5.000000000000000000e+00 9.633835936177920445e+00
5.000000000000000000e+00 1.212559556175227815e+00
5.000000000000000000e+00 -1.607235546113188418e+00
5.000000000000000000e+00 -1.607235546113188418e+00
5.000000000000000000e+00 -1.607235546113188418e+00
5.000000000000000000e+00 -1.607235546113188418e+00
5.000000000000000000e+00 -1.693827477678532700e+00
5.000000000000000000e+00 -1.693827477678532700e+00
5.000000000000000000e+00 -1.693827477678532700e+00
5.000000000000000000e+00 -1.693827477678532700e+00
5.000000000000000000e+00 -1.693827477678532700e+00
5.000000000000000000e+00 -1.846711257001859341e+00
5.000000000000000000e+00 -1.848839148043584624e+00
5.000000000000000000e+00 -1.921886829157990917e+00
5.000000000000000000e+00 -2.055372265747749783e+00
5.000000000000000000e+00 -2.055372265747749783e+00
5.000000000000000000e+00 -2.055372265747749783e+00
5.000000000000000000e+00 -2.055372265747749783e+00
5.000000000000000000e+00 -2.055372265747749783e+00
5.000000000000000000e+00 -2.055372265747749783e+00
5.000000000000000000e+00 -2.055372265747749783e+00
5.000000000000000000e+00 -2.055372265747749783e+00
5.000000000000000000e+00 -2.055372265747749783e+00
5.000000000000000000e+00 -2.055372265747749783e+00
5.000000000000000000e+00 -2.055372265747749783e+00
5.000000000000000000e+00 -2.055372265747749783e+00
5.000000000000000000e+00 -2.055372265747749783e+00
5.000000000000000000e+00 -2.055372265747749783e+00
5.000000000000000000e+00 -2.055372265747749783e+00
5.000000000000000000e+00 -2.055372265747749783e+00
6.000000000000000000e+00 3.834876551078719054e+00
6.000000000000000000e+00 3.606865973868970787e+00
6.000000000000000000e+00 3.606865973868970787e+00
6.000000000000000000e+00 3.606865973868970787e+00
6.000000000000000000e+00 1.547853859960822920e+00
6.000000000000000000e+00 1.547853859960822920e+00
6.000000000000000000e+00 1.547853859960822920e+00
6.000000000000000000e+00 1.547853859960822920e+00
6.000000000000000000e+00 1.547853859960822920e+00
6.000000000000000000e+00 1.547853859960822920e+00
6.000000000000000000e+00 1.547853859960822920e+00
6.000000000000000000e+00 -1.268924597449184510e+00
6.000000000000000000e+00 -1.268924597449184510e+00
6.000000000000000000e+00 -1.318608540855310096e+00
6.000000000000000000e+00 -1.318608540855310096e+00
6.000000000000000000e+00 -1.341872530488067206e+00
6.000000000000000000e+00 -1.468326874191697717e+00
6.000000000000000000e+00 -1.468326874191697717e+00
6.000000000000000000e+00 -1.468326874191697717e+00
6.000000000000000000e+00 -1.468326874191697717e+00
6.000000000000000000e+00 -1.468326874191697717e+00
6.000000000000000000e+00 -1.468326874191697717e+00
6.000000000000000000e+00 -1.468326874191697717e+00
6.000000000000000000e+00 -1.468326874191697717e+00
6.000000000000000000e+00 -1.468326874191697717e+00
6.000000000000000000e+00 -1.468326874191697717e+00
6.000000000000000000e+00 -1.468326874191697717e+00
6.000000000000000000e+00 -1.986247114340685238e+00
6.000000000000000000e+00 -1.986247114340685238e+00
6.000000000000000000e+00 -1.986247114340685238e+00
7.000000000000000000e+00 -1.076783260527559793e+00
7.000000000000000000e+00 -1.076783260527559793e+00
7.000000000000000000e+00 -1.076783260527559793e+00
7.000000000000000000e+00 -1.076783260527559793e+00
7.000000000000000000e+00 -1.076783260527559793e+00
7.000000000000000000e+00 -1.076783260527559793e+00
7.000000000000000000e+00 -1.076783260527559793e+00
7.000000000000000000e+00 -1.076783260527559793e+00
7.000000000000000000e+00 -1.076783260527559793e+00
7.000000000000000000e+00 -1.180605015037784700e+00
7.000000000000000000e+00 -1.180605015037784700e+00
7.000000000000000000e+00 -1.431818142819262230e+00
7.000000000000000000e+00 -1.719284944279556804e+00
7.000000000000000000e+00 -1.911389768954503854e+00
7.000000000000000000e+00 -1.993895224812418654e+00
7.000000000000000000e+00 -1.993895224812418654e+00
7.000000000000000000e+00 -1.993895224812418654e+00
7.000000000000000000e+00 -1.993895224812418654e+00
7.000000000000000000e+00 -1.993895224812418654e+00
7.000000000000000000e+00 -1.993895224812418654e+00
7.000000000000000000e+00 -1.993895224812418654e+00
7.000000000000000000e+00 -1.993895224812418654e+00
7.000000000000000000e+00 -1.993895224812418654e+00
7.000000000000000000e+00 -1.993895224812418654e+00
7.000000000000000000e+00 -1.993895224812418654e+00
7.000000000000000000e+00 -1.993895224812418654e+00
7.000000000000000000e+00 -1.993895224812418654e+00
7.000000000000000000e+00 -1.993895224812418654e+00
7.000000000000000000e+00 -1.993895224812418654e+00
7.000000000000000000e+00 -1.993895224812418654e+00
8.000000000000000000e+00 1.067028933329336482e+01
8.000000000000000000e+00 -5.933081167504714593e-01
8.000000000000000000e+00 -5.933081167504714593e-01
8.000000000000000000e+00 -5.933081167504714593e-01
8.000000000000000000e+00 -5.933081167504714593e-01
8.000000000000000000e+00 -5.933081167504714593e-01
8.000000000000000000e+00 -1.782589094325864654e+00
8.000000000000000000e+00 -1.782589094325864654e+00
8.000000000000000000e+00 -1.782589094325864654e+00
8.000000000000000000e+00 -1.782589094325864654e+00
8.000000000000000000e+00 -1.782589094325864654e+00
8.000000000000000000e+00 -1.782589094325864654e+00
8.000000000000000000e+00 -1.782589094325864654e+00
8.000000000000000000e+00 -1.890088247816578360e+00
8.000000000000000000e+00 -1.937158797616925554e+00
8.000000000000000000e+00 -1.937158797616925554e+00
8.000000000000000000e+00 -1.937158797616925554e+00
8.000000000000000000e+00 -1.937158797616925554e+00
8.000000000000000000e+00 -1.937158797616925554e+00
8.000000000000000000e+00 -1.937158797616925554e+00
8.000000000000000000e+00 -1.937158797616925554e+00
8.000000000000000000e+00 -1.937158797616925554e+00
8.000000000000000000e+00 -1.937158797616925554e+00
8.000000000000000000e+00 -1.937158797616925554e+00
8.000000000000000000e+00 -2.010356375783886929e+00
8.000000000000000000e+00 -2.010356375783886929e+00
8.000000000000000000e+00 -2.010356375783886929e+00
8.000000000000000000e+00 -2.010356375783886929e+00
8.000000000000000000e+00 -2.010356375783886929e+00
8.000000000000000000e+00 -2.010356375783886929e+00
9.000000000000000000e+00 -1.237917523091030869e+00
9.000000000000000000e+00 -1.237917523091030869e+00
9.000000000000000000e+00 -1.237917523091030869e+00
9.000000000000000000e+00 -1.237917523091030869e+00
9.000000000000000000e+00 -1.237917523091030869e+00
9.000000000000000000e+00 -1.237917523091030869e+00
9.000000000000000000e+00 -1.237917523091030869e+00
9.000000000000000000e+00 -1.237917523091030869e+00
9.000000000000000000e+00 -1.237917523091030869e+00
9.000000000000000000e+00 -1.339119315311397607e+00
9.000000000000000000e+00 -1.339119315311397607e+00
9.000000000000000000e+00 -1.582023157502458144e+00
9.000000000000000000e+00 -1.582023157502458144e+00
9.000000000000000000e+00 -1.582023157502458144e+00
9.000000000000000000e+00 -1.882893090050302476e+00
9.000000000000000000e+00 -1.882893090050302476e+00
9.000000000000000000e+00 -1.882893090050302476e+00
9.000000000000000000e+00 -1.882893090050302476e+00
9.000000000000000000e+00 -1.939176455288980305e+00
9.000000000000000000e+00 -1.939176455288980305e+00
9.000000000000000000e+00 -1.939176455288980305e+00
9.000000000000000000e+00 -1.939176455288980305e+00
9.000000000000000000e+00 -1.939176455288980305e+00
9.000000000000000000e+00 -2.002770195332211234e+00
9.000000000000000000e+00 -2.002770195332211234e+00
9.000000000000000000e+00 -2.002770195332211234e+00
9.000000000000000000e+00 -2.002770195332211234e+00
9.000000000000000000e+00 -2.002770195332211234e+00
9.000000000000000000e+00 -2.002770195332211234e+00
9.000000000000000000e+00 -2.002770195332211234e+00
