6.950065557106674381e-310 6.950065557106674381e-310
0.000000000000000000e+00 6.046576963456138376e-01
0.000000000000000000e+00 1.477009141860644581e-01
0.000000000000000000e+00 -7.752629853182133601e-01
0.000000000000000000e+00 -7.752629853182133601e-01
0.000000000000000000e+00 -7.752629853182133601e-01
0.000000000000000000e+00 -7.752629853182133601e-01
0.000000000000000000e+00 -7.752629853182133601e-01
0.000000000000000000e+00 -7.752629853182133601e-01
0.000000000000000000e+00 -7.752629853182133601e-01
0.000000000000000000e+00 -7.957550452412627262e-01
0.000000000000000000e+00 -7.957550452412627262e-01
0.000000000000000000e+00 -7.957550452412627262e-01
0.000000000000000000e+00 -7.957550452412627262e-01
0.000000000000000000e+00 -1.071874638799995783e+00
0.000000000000000000e+00 -1.071874638799995783e+00
0.000000000000000000e+00 -1.071874638799995783e+00
0.000000000000000000e+00 -1.206354216730225914e+00
0.000000000000000000e+00 -1.242531120266996858e+00
0.000000000000000000e+00 -1.242531120266996858e+00
0.000000000000000000e+00 -1.242531120266996858e+00
0.000000000000000000e+00 -1.286539966893591957e+00
0.000000000000000000e+00 -1.286539966893591957e+00
0.000000000000000000e+00 -1.286539966893591957e+00
0.000000000000000000e+00 -1.286539966893591957e+00
0.000000000000000000e+00 -1.286539966893591957e+00
0.000000000000000000e+00 -1.286539966893591957e+00
0.000000000000000000e+00 -1.286539966893591957e+00
0.000000000000000000e+00 -1.286539966893591957e+00
0.000000000000000000e+00 -1.286539966893591957e+00
0.000000000000000000e+00 -1.286539966893591957e+00
1.000000000000000000e+00 -5.989644323185646657e-01
1.000000000000000000e+00 -1.055753882588027492e+00
1.000000000000000000e+00 -1.055753882588027492e+00
1.000000000000000000e+00 -1.055753882588027492e+00
1.000000000000000000e+00 -1.055753882588027492e+00
1.000000000000000000e+00 -1.055753882588027492e+00
1.000000000000000000e+00 -1.055753882588027492e+00
1.000000000000000000e+00 -1.055753882588027492e+00
1.000000000000000000e+00 -1.055753882588027492e+00
1.000000000000000000e+00 -1.055753882588027492e+00
1.000000000000000000e+00 -1.055753882588027492e+00
1.000000000000000000e+00 -1.055753882588027492e+00
1.000000000000000000e+00 -1.055753882588027492e+00
1.000000000000000000e+00 -1.055753882588027492e+00
1.000000000000000000e+00 -1.055753882588027492e+00
1.000000000000000000e+00 -1.055753882588027492e+00
1.000000000000000000e+00 -1.055753882588027492e+00
1.000000000000000000e+00 -1.055753882588027492e+00
1.000000000000000000e+00 -1.055753882588027492e+00
1.000000000000000000e+00 -1.055753882588027492e+00
1.000000000000000000e+00 -1.055753882588027492e+00
1.000000000000000000e+00 -1.055753882588027492e+00
1.000000000000000000e+00 -1.588338011712997488e+00
1.000000000000000000e+00 -1.588338011712997488e+00
1.000000000000000000e+00 -1.588338011712997488e+00
1.000000000000000000e+00 -1.588338011712997488e+00
1.000000000000000000e+00 -1.588338011712997488e+00
1.000000000000000000e+00 -1.588338011712997488e+00
1.000000000000000000e+00 -1.588338011712997488e+00
1.000000000000000000e+00 -1.588338011712997488e+00
2.000000000000000000e+00 -7.490928444145266152e-01
2.000000000000000000e+00 -7.490928444145266152e-01
2.000000000000000000e+00 -7.490928444145266152e-01
2.000000000000000000e+00 -7.490928444145266152e-01
2.000000000000000000e+00 -7.490928444145266152e-01
2.000000000000000000e+00 -7.490928444145266152e-01
2.000000000000000000e+00 -1.028863000998449850e+00
2.000000000000000000e+00 -1.028863000998449850e+00
2.000000000000000000e+00 -1.028863000998449850e+00
2.000000000000000000e+00 -1.028863000998449850e+00
2.000000000000000000e+00 -1.028863000998449850e+00
2.000000000000000000e+00 -1.028863000998449850e+00
2.000000000000000000e+00 -1.028863000998449850e+00
2.000000000000000000e+00 -1.231530362019199298e+00
2.000000000000000000e+00 -1.231530362019199298e+00
2.000000000000000000e+00 -1.231530362019199298e+00
2.000000000000000000e+00 -1.231530362019199298e+00
2.000000000000000000e+00 -1.231530362019199298e+00
2.000000000000000000e+00 -1.231530362019199298e+00
2.000000000000000000e+00 -1.369891824230001109e+00
2.000000000000000000e+00 -1.488387972944990700e+00
2.000000000000000000e+00 -1.488387972944990700e+00
2.000000000000000000e+00 -1.519874017116735754e+00
2.000000000000000000e+00 -1.519874017116735754e+00
2.000000000000000000e+00 -1.519874017116735754e+00
2.000000000000000000e+00 -1.519874017116735754e+00
2.000000000000000000e+00 -1.519874017116735754e+00
2.000000000000000000e+00 -1.519874017116735754e+00
2.000000000000000000e+00 -1.519874017116735754e+00
2.000000000000000000e+00 -1.519874017116735754e+00
3.000000000000000000e+00 -2.735039894187322740e-01
3.000000000000000000e+00 -2.735039894187322740e-01
3.000000000000000000e+00 -2.735039894187322740e-01
3.000000000000000000e+00 -6.656143862062016137e-01
3.000000000000000000e+00 -6.656143862062016137e-01
3.000000000000000000e+00 -6.656143862062016137e-01
3.000000000000000000e+00 -6.656143862062016137e-01
3.000000000000000000e+00 -6.656143862062016137e-01
3.000000000000000000e+00 -1.247417103081083445e+00
3.000000000000000000e+00 -1.247417103081083445e+00
3.000000000000000000e+00 -1.536970385833424713e+00
3.000000000000000000e+00 -1.536970385833424713e+00
3.000000000000000000e+00 -1.557860871080330334e+00
3.000000000000000000e+00 -1.557860871080330334e+00
3.000000000000000000e+00 -1.557860871080330334e+00
3.000000000000000000e+00 -1.754459729752003039e+00
3.000000000000000000e+00 -1.754459729752003039e+00
3.000000000000000000e+00 -1.754459729752003039e+00
3.000000000000000000e+00 -1.754459729752003039e+00
3.000000000000000000e+00 -1.754459729752003039e+00
3.000000000000000000e+00 -1.754459729752003039e+00
3.000000000000000000e+00 -1.754459729752003039e+00
3.000000000000000000e+00 -1.899285991892495806e+00
3.000000000000000000e+00 -1.899285991892495806e+00
3.000000000000000000e+00 -1.899285991892495806e+00
3.000000000000000000e+00 -1.899285991892495806e+00
3.000000000000000000e+00 -1.899285991892495806e+00
3.000000000000000000e+00 -1.899285991892495806e+00
3.000000000000000000e+00 -1.899285991892495806e+00
3.000000000000000000e+00 -1.899285991892495806e+00
4.000000000000000000e+00 -7.934806122542532592e-01
4.000000000000000000e+00 -7.934806122542532592e-01
4.000000000000000000e+00 -9.988381083676053374e-01
4.000000000000000000e+00 -9.988381083676053374e-01
4.000000000000000000e+00 -9.988381083676053374e-01
4.000000000000000000e+00 -9.988381083676053374e-01
4.000000000000000000e+00 -9.988381083676053374e-01
4.000000000000000000e+00 -9.988381083676053374e-01
4.000000000000000000e+00 -1.421423881890508945e+00
4.000000000000000000e+00 -1.421423881890508945e+00
4.000000000000000000e+00 -1.421423881890508945e+00
4.000000000000000000e+00 -1.421423881890508945e+00
4.000000000000000000e+00 -1.421423881890508945e+00
4.000000000000000000e+00 -1.421423881890508945e+00
4.000000000000000000e+00 -1.421423881890508945e+00
4.000000000000000000e+00 -1.421423881890508945e+00
4.000000000000000000e+00 -1.421423881890508945e+00
4.000000000000000000e+00 -1.421423881890508945e+00
4.000000000000000000e+00 -1.421423881890508945e+00
4.000000000000000000e+00 -1.421423881890508945e+00
4.000000000000000000e+00 -1.421423881890508945e+00
4.000000000000000000e+00 -1.421423881890508945e+00
4.000000000000000000e+00 -1.421423881890508945e+00
4.000000000000000000e+00 -1.421423881890508945e+00
4.000000000000000000e+00 -1.421423881890508945e+00
4.000000000000000000e+00 -1.421423881890508945e+00
4.000000000000000000e+00 -1.421423881890508945e+00
4.000000000000000000e+00 -1.421423881890508945e+00
4.000000000000000000e+00 -1.421423881890508945e+00
4.000000000000000000e+00 -1.421423881890508945e+00
5.000000000000000000e+00 -3.986931030570177725e-01
5.000000000000000000e+00 -4.285782013731865847e-01
5.000000000000000000e+00 -4.285782013731865847e-01
5.000000000000000000e+00 -4.285782013731865847e-01
5.000000000000000000e+00 -4.285782013731865847e-01
5.000000000000000000e+00 -8.473283217739400186e-01
5.000000000000000000e+00 -8.473283217739400186e-01
5.000000000000000000e+00 -8.473283217739400186e-01
5.000000000000000000e+00 -8.473283217739400186e-01
5.000000000000000000e+00 -8.473283217739400186e-01
5.000000000000000000e+00 -1.028035420151753865e+00
5.000000000000000000e+00 -1.028035420151753865e+00
5.000000000000000000e+00 -1.028035420151753865e+00
5.000000000000000000e+00 -1.028035420151753865e+00
5.000000000000000000e+00 -1.028035420151753865e+00
5.000000000000000000e+00 -1.028035420151753865e+00
5.000000000000000000e+00 -1.028035420151753865e+00
5.000000000000000000e+00 -1.123059417885951428e+00
5.000000000000000000e+00 -1.123059417885951428e+00
5.000000000000000000e+00 -1.123059417885951428e+00
5.000000000000000000e+00 -1.123059417885951428e+00
5.000000000000000000e+00 -1.123059417885951428e+00
5.000000000000000000e+00 -1.123059417885951428e+00
5.000000000000000000e+00 -1.123059417885951428e+00
5.000000000000000000e+00 -1.195982611616356994e+00
5.000000000000000000e+00 -1.198112420042503734e+00
5.000000000000000000e+00 -1.201322655941169160e+00
5.000000000000000000e+00 -1.201322655941169160e+00
5.000000000000000000e+00 -1.209512658614297465e+00
5.000000000000000000e+00 -1.209512658614297465e+00
6.000000000000000000e+00 -1.572082412385308992e+00
6.000000000000000000e+00 -1.572082412385308992e+00
6.000000000000000000e+00 -1.572082412385308992e+00
6.000000000000000000e+00 -1.572082412385308992e+00
6.000000000000000000e+00 -1.572082412385308992e+00
6.000000000000000000e+00 -1.572082412385308992e+00
6.000000000000000000e+00 -1.572082412385308992e+00
6.000000000000000000e+00 -1.572082412385308992e+00
6.000000000000000000e+00 -1.572082412385308992e+00
6.000000000000000000e+00 -1.572082412385308992e+00
6.000000000000000000e+00 -1.572082412385308992e+00
6.000000000000000000e+00 -1.683591233519041053e+00
6.000000000000000000e+00 -1.683591233519041053e+00
6.000000000000000000e+00 -1.683591233519041053e+00
6.000000000000000000e+00 -1.683591233519041053e+00
6.000000000000000000e+00 -1.683591233519041053e+00
6.000000000000000000e+00 -1.683591233519041053e+00
6.000000000000000000e+00 -1.683591233519041053e+00
6.000000000000000000e+00 -1.683591233519041053e+00
6.000000000000000000e+00 -1.683591233519041053e+00
6.000000000000000000e+00 -1.683591233519041053e+00
6.000000000000000000e+00 -1.683591233519041053e+00
6.000000000000000000e+00 -1.683591233519041053e+00
6.000000000000000000e+00 -1.683591233519041053e+00
6.000000000000000000e+00 -1.683591233519041053e+00
6.000000000000000000e+00 -1.683591233519041053e+00
6.000000000000000000e+00 -1.695560314809788860e+00
6.000000000000000000e+00 -1.695560314809788860e+00
6.000000000000000000e+00 -1.695560314809788860e+00
6.000000000000000000e+00 -1.695560314809788860e+00
7.000000000000000000e+00 -7.513558619656830473e-01
7.000000000000000000e+00 -1.334238331060217497e+00
7.000000000000000000e+00 -1.334238331060217497e+00
7.000000000000000000e+00 -1.334238331060217497e+00
7.000000000000000000e+00 -1.334238331060217497e+00
7.000000000000000000e+00 -1.334238331060217497e+00
7.000000000000000000e+00 -1.334238331060217497e+00
7.000000000000000000e+00 -1.334238331060217497e+00
7.000000000000000000e+00 -1.334238331060217497e+00
7.000000000000000000e+00 -1.334238331060217497e+00
7.000000000000000000e+00 -1.334238331060217497e+00
7.000000000000000000e+00 -1.334238331060217497e+00
7.000000000000000000e+00 -1.334238331060217497e+00
7.000000000000000000e+00 -1.334238331060217497e+00
7.000000000000000000e+00 -1.334238331060217497e+00
7.000000000000000000e+00 -1.334238331060217497e+00
7.000000000000000000e+00 -1.334238331060217497e+00
7.000000000000000000e+00 -1.334238331060217497e+00
7.000000000000000000e+00 -1.370209802574991809e+00
7.000000000000000000e+00 -1.493186010194148539e+00
7.000000000000000000e+00 -1.632136581893802285e+00
7.000000000000000000e+00 -1.632136581893802285e+00
7.000000000000000000e+00 -1.699988611780482106e+00
7.000000000000000000e+00 -1.713143903532689638e+00
7.000000000000000000e+00 -1.713143903532689638e+00
7.000000000000000000e+00 -1.713143903532689638e+00
7.000000000000000000e+00 -1.713143903532689638e+00
7.000000000000000000e+00 -1.713143903532689638e+00
7.000000000000000000e+00 -1.713143903532689638e+00
7.000000000000000000e+00 -1.713143903532689638e+00
8.000000000000000000e+00 -1.083685813428183264e+00
8.000000000000000000e+00 -1.083685813428183264e+00
8.000000000000000000e+00 -1.083685813428183264e+00
8.000000000000000000e+00 -1.083685813428183264e+00
8.000000000000000000e+00 -1.083685813428183264e+00
8.000000000000000000e+00 -1.083685813428183264e+00
8.000000000000000000e+00 -1.083685813428183264e+00
8.000000000000000000e+00 -1.089550852271928605e+00
8.000000000000000000e+00 -1.089550852271928605e+00
8.000000000000000000e+00 -1.089550852271928605e+00
8.000000000000000000e+00 -1.089550852271928605e+00
8.000000000000000000e+00 -1.089550852271928605e+00
8.000000000000000000e+00 -1.089550852271928605e+00
8.000000000000000000e+00 -1.089550852271928605e+00
8.000000000000000000e+00 -1.091023218271641948e+00
8.000000000000000000e+00 -1.093284374035220718e+00
8.000000000000000000e+00 -1.203796659771598776e+00
8.000000000000000000e+00 -1.321739280974876252e+00
8.000000000000000000e+00 -1.321739280974876252e+00
8.000000000000000000e+00 -1.559021876343869240e+00
8.000000000000000000e+00 -1.559021876343869240e+00
8.000000000000000000e+00 -1.739885505194523230e+00
8.000000000000000000e+00 -1.739885505194523230e+00
8.000000000000000000e+00 -1.739885505194523230e+00
8.000000000000000000e+00 -1.739885505194523230e+00
8.000000000000000000e+00 -1.739885505194523230e+00
8.000000000000000000e+00 -1.739885505194523230e+00
8.000000000000000000e+00 -1.739885505194523230e+00
8.000000000000000000e+00 -1.799846505876742997e+00
8.000000000000000000e+00 -1.799846505876742997e+00
9.000000000000000000e+00 4.580245714190339101e-01
9.000000000000000000e+00 4.572316283624279776e-01
9.000000000000000000e+00 -7.687439200864033539e-01
9.000000000000000000e+00 -9.101012999587348995e-01
9.000000000000000000e+00 -9.101012999587348995e-01
9.000000000000000000e+00 -9.101012999587348995e-01
9.000000000000000000e+00 -1.154607475898817182e+00
9.000000000000000000e+00 -1.154607475898817182e+00
9.000000000000000000e+00 -1.154607475898817182e+00
9.000000000000000000e+00 -1.154607475898817182e+00
9.000000000000000000e+00 -1.528376559185380179e+00
9.000000000000000000e+00 -1.528376559185380179e+00
9.000000000000000000e+00 -1.528376559185380179e+00
9.000000000000000000e+00 -1.528376559185380179e+00
9.000000000000000000e+00 -1.528376559185380179e+00
9.000000000000000000e+00 -1.528376559185380179e+00
9.000000000000000000e+00 -1.564608882691545411e+00
9.000000000000000000e+00 -1.564608882691545411e+00
9.000000000000000000e+00 -1.564608882691545411e+00
9.000000000000000000e+00 -1.564608882691545411e+00
9.000000000000000000e+00 -1.564608882691545411e+00
9.000000000000000000e+00 -1.587805447786799995e+00
9.000000000000000000e+00 -1.636840151037015856e+00
9.000000000000000000e+00 -1.636840151037015856e+00
9.000000000000000000e+00 -1.636840151037015856e+00
9.000000000000000000e+00 -1.636840151037015856e+00
9.000000000000000000e+00 -1.636840151037015856e+00
9.000000000000000000e+00 -1.640504435629411617e+00
9.000000000000000000e+00 -1.640504435629411617e+00
9.000000000000000000e+00 -1.640504435629411617e+00
