6.930271131569341242e-310 4.318521882623867679e-316
0.000000000000000000e+00 2.329043161790366412e+00
0.000000000000000000e+00 5.034844944581040593e-01
0.000000000000000000e+00 5.034844944581040593e-01
0.000000000000000000e+00 5.034844944581040593e-01
0.000000000000000000e+00 -2.030328377084270608e-01
0.000000000000000000e+00 -2.030328377084270608e-01
0.000000000000000000e+00 -2.030328377084270608e-01
0.000000000000000000e+00 -2.030328377084270608e-01
0.000000000000000000e+00 -2.030328377084270608e-01
0.000000000000000000e+00 -2.030328377084270608e-01
0.000000000000000000e+00 -2.030328377084270608e-01
0.000000000000000000e+00 -2.030328377084270608e-01
0.000000000000000000e+00 -2.314004668582333446e-01
0.000000000000000000e+00 -2.404218472547653418e-01
0.000000000000000000e+00 -2.404218472547653418e-01
0.000000000000000000e+00 -2.404218472547653418e-01
0.000000000000000000e+00 -6.660742229622831356e-01
0.000000000000000000e+00 -6.660742229622831356e-01
0.000000000000000000e+00 -6.681531498468905594e-01
0.000000000000000000e+00 -6.681531498468905594e-01
0.000000000000000000e+00 -8.299901882474483017e-01
0.000000000000000000e+00 -8.299901882474483017e-01
0.000000000000000000e+00 -1.024646183038211422e+00
0.000000000000000000e+00 -1.225344733641477779e+00
0.000000000000000000e+00 -1.225344733641477779e+00
0.000000000000000000e+00 -1.225344733641477779e+00
0.000000000000000000e+00 -1.225344733641477779e+00
1.000000000000000000e+00 4.446908910214119048e-01
1.000000000000000000e+00 4.446908910214119048e-01
1.000000000000000000e+00 4.446908910214119048e-01
1.000000000000000000e+00 1.238390827226932556e-01
1.000000000000000000e+00 1.238390827226932556e-01
1.000000000000000000e+00 1.238390827226932556e-01
1.000000000000000000e+00 1.238390827226932556e-01
1.000000000000000000e+00 -9.608259545349677744e-01
1.000000000000000000e+00 -9.608259545349677744e-01
1.000000000000000000e+00 -9.608259545349677744e-01
1.000000000000000000e+00 -9.608259545349677744e-01
1.000000000000000000e+00 -9.608259545349677744e-01
1.000000000000000000e+00 -9.995513356886097656e-01
1.000000000000000000e+00 -9.995513356886097656e-01
1.000000000000000000e+00 -9.995513356886097656e-01
1.000000000000000000e+00 -9.995513356886097656e-01
1.000000000000000000e+00 -9.995513356886097656e-01
1.000000000000000000e+00 -9.995513356886097656e-01
1.000000000000000000e+00 -1.110608265035357478e+00
1.000000000000000000e+00 -1.110608265035357478e+00
1.000000000000000000e+00 -1.127428614380202365e+00
1.000000000000000000e+00 -1.127428614380202365e+00
1.000000000000000000e+00 -1.127428614380202365e+00
1.000000000000000000e+00 -1.127428614380202365e+00
1.000000000000000000e+00 -1.127428614380202365e+00
1.000000000000000000e+00 -1.127428614380202365e+00
2.000000000000000000e+00 1.689793254611754170e-01
2.000000000000000000e+00 1.689793254611754170e-01
2.000000000000000000e+00 1.689793254611754170e-01
2.000000000000000000e+00 1.689793254611754170e-01
2.000000000000000000e+00 1.689793254611754170e-01
2.000000000000000000e+00 -5.501639702173820312e-02
2.000000000000000000e+00 -6.908808259307949173e-01
2.000000000000000000e+00 -8.546803992440945574e-01
2.000000000000000000e+00 -8.546803992440945574e-01
2.000000000000000000e+00 -8.546803992440945574e-01
2.000000000000000000e+00 -8.546803992440945574e-01
2.000000000000000000e+00 -8.546803992440945574e-01
2.000000000000000000e+00 -8.546803992440945574e-01
2.000000000000000000e+00 -8.546803992440945574e-01
2.000000000000000000e+00 -8.546803992440945574e-01
2.000000000000000000e+00 -8.546803992440945574e-01
2.000000000000000000e+00 -8.566334480497796999e-01
2.000000000000000000e+00 -1.056517547066402329e+00
2.000000000000000000e+00 -1.056517547066402329e+00
2.000000000000000000e+00 -1.056517547066402329e+00
2.000000000000000000e+00 -1.101570131282238574e+00
2.000000000000000000e+00 -1.101570131282238574e+00
2.000000000000000000e+00 -1.101570131282238574e+00
2.000000000000000000e+00 -1.101570131282238574e+00
2.000000000000000000e+00 -1.104546906414676233e+00
2.000000000000000000e+00 -1.104546906414676233e+00
3.000000000000000000e+00 7.630372339050708885e-02
3.000000000000000000e+00 7.630372339050708885e-02
3.000000000000000000e+00 7.630372339050708885e-02
3.000000000000000000e+00 7.630372339050708885e-02
3.000000000000000000e+00 7.630372339050708885e-02
3.000000000000000000e+00 7.630372339050708885e-02
3.000000000000000000e+00 7.630372339050708885e-02
3.000000000000000000e+00 -3.092947666214029834e-01
3.000000000000000000e+00 -3.092947666214029834e-01
3.000000000000000000e+00 -7.305052899306276881e-01
3.000000000000000000e+00 -7.517848453906121886e-01
3.000000000000000000e+00 -7.517848453906121886e-01
3.000000000000000000e+00 -1.104288911156917630e+00
3.000000000000000000e+00 -1.104288911156917630e+00
3.000000000000000000e+00 -1.104288911156917630e+00
3.000000000000000000e+00 -1.104288911156917630e+00
3.000000000000000000e+00 -1.104288911156917630e+00
3.000000000000000000e+00 -1.104288911156917630e+00
3.000000000000000000e+00 -1.104288911156917630e+00
3.000000000000000000e+00 -1.104288911156917630e+00
3.000000000000000000e+00 -1.104288911156917630e+00
3.000000000000000000e+00 -1.125898283553131707e+00
3.000000000000000000e+00 -1.125898283553131707e+00
3.000000000000000000e+00 -1.125898283553131707e+00
3.000000000000000000e+00 -1.125898283553131707e+00
3.000000000000000000e+00 -1.125898283553131707e+00
3.000000000000000000e+00 -1.125898283553131707e+00
3.000000000000000000e+00 -1.125898283553131707e+00
3.000000000000000000e+00 -1.125898283553131707e+00
3.000000000000000000e+00 -1.125898283553131707e+00
4.000000000000000000e+00 1.472100891088042041e-02
4.000000000000000000e+00 1.472100891088042041e-02
4.000000000000000000e+00 1.472100891088042041e-02
4.000000000000000000e+00 1.472100891088042041e-02
4.000000000000000000e+00 -8.748960451597700416e-01
4.000000000000000000e+00 -8.748960451597700416e-01
4.000000000000000000e+00 -8.748960451597700416e-01
4.000000000000000000e+00 -8.748960451597700416e-01
4.000000000000000000e+00 -8.748960451597700416e-01
4.000000000000000000e+00 -8.748960451597700416e-01
4.000000000000000000e+00 -1.059222103567176054e+00
4.000000000000000000e+00 -1.059222103567176054e+00
4.000000000000000000e+00 -1.059222103567176054e+00
4.000000000000000000e+00 -1.059222103567176054e+00
4.000000000000000000e+00 -1.059222103567176054e+00
4.000000000000000000e+00 -1.059222103567176054e+00
4.000000000000000000e+00 -1.059222103567176054e+00
4.000000000000000000e+00 -1.059222103567176054e+00
4.000000000000000000e+00 -1.116617335206365080e+00
4.000000000000000000e+00 -1.116617335206365080e+00
4.000000000000000000e+00 -1.116617335206365080e+00
4.000000000000000000e+00 -1.177216230432103661e+00
4.000000000000000000e+00 -1.177216230432103661e+00
5.000000000000000000e+00 2.514436726108420395e+00
5.000000000000000000e+00 2.514436726108420395e+00
5.000000000000000000e+00 7.601762709849154698e-01
5.000000000000000000e+00 6.355079949830297892e-01
5.000000000000000000e+00 2.960520184413725220e-01
5.000000000000000000e+00 -9.800553406721346228e-02
5.000000000000000000e+00 -9.800553406721346228e-02
5.000000000000000000e+00 -9.800553406721346228e-02
5.000000000000000000e+00 -9.800553406721346228e-02
5.000000000000000000e+00 -3.988230690931493516e-01
5.000000000000000000e+00 -3.988230690931493516e-01
5.000000000000000000e+00 -3.988230690931493516e-01
5.000000000000000000e+00 -7.520470526615462559e-01
5.000000000000000000e+00 -8.770415403029566681e-01
5.000000000000000000e+00 -9.365984772139118730e-01
5.000000000000000000e+00 -9.365984772139118730e-01
5.000000000000000000e+00 -9.365984772139118730e-01
5.000000000000000000e+00 -9.365984772139118730e-01
5.000000000000000000e+00 -9.365984772139118730e-01
5.000000000000000000e+00 -9.365984772139118730e-01
5.000000000000000000e+00 -9.365984772139118730e-01
5.000000000000000000e+00 -9.365984772139118730e-01
5.000000000000000000e+00 -1.189563130097826882e+00
5.000000000000000000e+00 -1.189563130097826882e+00
5.000000000000000000e+00 -1.189563130097826882e+00
6.000000000000000000e+00 1.233964834474595929e+00
6.000000000000000000e+00 1.205329898079353423e+00
6.000000000000000000e+00 1.205329898079353423e+00
6.000000000000000000e+00 1.205329898079353423e+00
6.000000000000000000e+00 1.205329898079353423e+00
6.000000000000000000e+00 1.324075076291908459e-01
6.000000000000000000e+00 1.324075076291908459e-01
6.000000000000000000e+00 -2.800518395023248730e-01
6.000000000000000000e+00 -2.800518395023248730e-01
6.000000000000000000e+00 -4.850903595738046414e-01
6.000000000000000000e+00 -4.850903595738046414e-01
6.000000000000000000e+00 -4.850903595738046414e-01
6.000000000000000000e+00 -4.850903595738046414e-01
6.000000000000000000e+00 -4.850903595738046414e-01
6.000000000000000000e+00 -6.419839633170981719e-01
6.000000000000000000e+00 -6.419839633170981719e-01
6.000000000000000000e+00 -6.419839633170981719e-01
6.000000000000000000e+00 -6.419839633170981719e-01
6.000000000000000000e+00 -1.096407106651514640e+00
6.000000000000000000e+00 -1.096407106651514640e+00
6.000000000000000000e+00 -1.096407106651514640e+00
6.000000000000000000e+00 -1.096407106651514640e+00
6.000000000000000000e+00 -1.096407106651514640e+00
6.000000000000000000e+00 -1.096407106651514640e+00
6.000000000000000000e+00 -1.096407106651514640e+00
6.000000000000000000e+00 -1.096407106651514640e+00
7.000000000000000000e+00 4.961427685687551659e-01
7.000000000000000000e+00 4.961427685687551659e-01
7.000000000000000000e+00 4.961427685687551659e-01
7.000000000000000000e+00 4.961427685687551659e-01
7.000000000000000000e+00 -6.925072772855045411e-02
7.000000000000000000e+00 -6.925072772855045411e-02
7.000000000000000000e+00 -6.925072772855045411e-02
7.000000000000000000e+00 -6.925072772855045411e-02
7.000000000000000000e+00 -6.925072772855045411e-02
7.000000000000000000e+00 -6.925072772855045411e-02
7.000000000000000000e+00 -6.925072772855045411e-02
7.000000000000000000e+00 -6.925072772855045411e-02
7.000000000000000000e+00 -6.925072772855045411e-02
7.000000000000000000e+00 -2.594712927707383265e-01
7.000000000000000000e+00 -2.594712927707383265e-01
7.000000000000000000e+00 -2.594712927707383265e-01
7.000000000000000000e+00 -6.259860036746536238e-01
7.000000000000000000e+00 -6.842401242347799784e-01
7.000000000000000000e+00 -6.842401242347799784e-01
7.000000000000000000e+00 -8.595529113016290301e-01
7.000000000000000000e+00 -8.595529113016290301e-01
7.000000000000000000e+00 -1.006929557232203676e+00
7.000000000000000000e+00 -1.006929557232203676e+00
7.000000000000000000e+00 -1.006929557232203676e+00
7.000000000000000000e+00 -1.023846130174898006e+00
7.000000000000000000e+00 -1.023846130174898006e+00
7.000000000000000000e+00 -1.090800176587565007e+00
8.000000000000000000e+00 -6.460417410657304238e-02
8.000000000000000000e+00 -6.460417410657304238e-02
8.000000000000000000e+00 -6.460417410657304238e-02
8.000000000000000000e+00 -6.460417410657304238e-02
8.000000000000000000e+00 -6.460417410657304238e-02
8.000000000000000000e+00 -6.460417410657304238e-02
8.000000000000000000e+00 -6.460417410657304238e-02
8.000000000000000000e+00 -6.460417410657304238e-02
8.000000000000000000e+00 -6.460417410657304238e-02
8.000000000000000000e+00 -4.273051311529115215e-01
8.000000000000000000e+00 -4.273051311529115215e-01
8.000000000000000000e+00 -4.273051311529115215e-01
8.000000000000000000e+00 -1.034825544333852765e+00
8.000000000000000000e+00 -1.034825544333852765e+00
8.000000000000000000e+00 -1.034825544333852765e+00
8.000000000000000000e+00 -1.034825544333852765e+00
8.000000000000000000e+00 -1.034825544333852765e+00
8.000000000000000000e+00 -1.034825544333852765e+00
9.000000000000000000e+00 2.250309794006422059e+00
9.000000000000000000e+00 8.966252944387951285e-01
9.000000000000000000e+00 8.966252944387951285e-01
9.000000000000000000e+00 -4.503232589776711564e-02
9.000000000000000000e+00 -4.503232589776711564e-02
9.000000000000000000e+00 -4.503232589776711564e-02
9.000000000000000000e+00 -6.923694404557961812e-01
9.000000000000000000e+00 -6.923694404557961812e-01
9.000000000000000000e+00 -6.923694404557961812e-01
9.000000000000000000e+00 -6.923694404557961812e-01
9.000000000000000000e+00 -6.923694404557961812e-01
9.000000000000000000e+00 -7.752776441471611601e-01
9.000000000000000000e+00 -8.033188284552743585e-01
9.000000000000000000e+00 -8.033188284552743585e-01
9.000000000000000000e+00 -8.033188284552743585e-01
9.000000000000000000e+00 -8.959625461339801866e-01
9.000000000000000000e+00 -8.959625461339801866e-01
9.000000000000000000e+00 -8.959625461339801866e-01
9.000000000000000000e+00 -8.959625461339801866e-01
9.000000000000000000e+00 -9.402251619503305680e-01
