0.000000000000000000e+00 6.916919041777451618e-323
0.000000000000000000e+00 -3.560809378227790534e-01
0.000000000000000000e+00 -8.008491249883711305e-01
0.000000000000000000e+00 -8.950661247317308611e-01
0.000000000000000000e+00 -8.950661247317308611e-01
0.000000000000000000e+00 -8.950661247317308611e-01
0.000000000000000000e+00 -8.950661247317308611e-01
0.000000000000000000e+00 -8.950661247317308611e-01
0.000000000000000000e+00 -2.332719113445276271e+00
0.000000000000000000e+00 -2.332719113445276271e+00
0.000000000000000000e+00 -3.922872857577021755e+00
0.000000000000000000e+00 -4.005915760475005527e+00
0.000000000000000000e+00 -4.045270901496487603e+00
0.000000000000000000e+00 -4.045270901496487603e+00
0.000000000000000000e+00 -4.045270901496487603e+00
0.000000000000000000e+00 -4.045270901496487603e+00
0.000000000000000000e+00 -4.045270901496487603e+00
0.000000000000000000e+00 -4.045270901496487603e+00
0.000000000000000000e+00 -4.045270901496487603e+00
0.000000000000000000e+00 -4.045270901496487603e+00
0.000000000000000000e+00 -4.045270901496487603e+00
0.000000000000000000e+00 -4.045270901496487603e+00
0.000000000000000000e+00 -4.045270901496487603e+00
0.000000000000000000e+00 -4.045270901496487603e+00
0.000000000000000000e+00 -4.045270901496487603e+00
0.000000000000000000e+00 -4.045270901496487603e+00
0.000000000000000000e+00 -4.045270901496487603e+00
0.000000000000000000e+00 -4.045270901496487603e+00
0.000000000000000000e+00 -4.045270901496487603e+00
0.000000000000000000e+00 -4.045270901496487603e+00
0.000000000000000000e+00 -4.045270901496487603e+00
