6.930271131569341242e-310 1.124308906059894179e-315
0.000000000000000000e+00 4.315556590560849504e-01
0.000000000000000000e+00 1.309238124432152706e-01
0.000000000000000000e+00 1.309238124432152706e-01
0.000000000000000000e+00 1.309238124432152706e-01
0.000000000000000000e+00 3.867452381046455889e-02
0.000000000000000000e+00 3.867452381046455889e-02
0.000000000000000000e+00 3.867452381046455889e-02
0.000000000000000000e+00 3.867452381046455889e-02
0.000000000000000000e+00 3.867452381046455889e-02
0.000000000000000000e+00 3.867452381046455889e-02
0.000000000000000000e+00 -1.092052746494936583e-01
0.000000000000000000e+00 -1.092052746494936583e-01
0.000000000000000000e+00 -1.092052746494936583e-01
0.000000000000000000e+00 -1.092052746494936583e-01
0.000000000000000000e+00 -1.092052746494936583e-01
0.000000000000000000e+00 -1.092052746494936583e-01
0.000000000000000000e+00 -1.092052746494936583e-01
0.000000000000000000e+00 -1.092052746494936583e-01
0.000000000000000000e+00 -1.092052746494936583e-01
0.000000000000000000e+00 -1.092052746494936583e-01
0.000000000000000000e+00 -1.092052746494936583e-01
0.000000000000000000e+00 -1.092052746494936583e-01
0.000000000000000000e+00 -1.092052746494936583e-01
0.000000000000000000e+00 -1.092052746494936583e-01
0.000000000000000000e+00 -1.092052746494936583e-01
0.000000000000000000e+00 -1.092052746494936583e-01
0.000000000000000000e+00 -1.092052746494936583e-01
0.000000000000000000e+00 -1.092052746494936583e-01
0.000000000000000000e+00 -1.092052746494936583e-01
0.000000000000000000e+00 -1.092052746494936583e-01
1.000000000000000000e+00 3.215975666021789192e-01
1.000000000000000000e+00 3.215975666021789192e-01
1.000000000000000000e+00 3.215975666021789192e-01
1.000000000000000000e+00 3.215975666021789192e-01
1.000000000000000000e+00 3.215975666021789192e-01
1.000000000000000000e+00 1.850807775299546931e-01
1.000000000000000000e+00 1.850807775299546931e-01
1.000000000000000000e+00 1.850807775299546931e-01
1.000000000000000000e+00 1.850807775299546931e-01
1.000000000000000000e+00 1.166855824287874460e-01
1.000000000000000000e+00 1.166855824287874460e-01
1.000000000000000000e+00 9.535156357997329191e-02
1.000000000000000000e+00 4.890725926593997991e-02
1.000000000000000000e+00 -9.459023266303343003e-02
1.000000000000000000e+00 -9.459023266303343003e-02
1.000000000000000000e+00 -1.645186581688649341e-01
1.000000000000000000e+00 -1.645186581688649341e-01
1.000000000000000000e+00 -1.645186581688649341e-01
1.000000000000000000e+00 -1.645186581688649341e-01
1.000000000000000000e+00 -1.645186581688649341e-01
1.000000000000000000e+00 -1.645186581688649341e-01
1.000000000000000000e+00 -1.645186581688649341e-01
1.000000000000000000e+00 -1.645186581688649341e-01
1.000000000000000000e+00 -1.645186581688649341e-01
1.000000000000000000e+00 -1.645186581688649341e-01
1.000000000000000000e+00 -1.645186581688649341e-01
1.000000000000000000e+00 -1.645186581688649341e-01
1.000000000000000000e+00 -1.645186581688649341e-01
1.000000000000000000e+00 -1.645186581688649341e-01
1.000000000000000000e+00 -1.645186581688649341e-01
2.000000000000000000e+00 2.500308020888003524e-01
2.000000000000000000e+00 2.500308020888003524e-01
2.000000000000000000e+00 1.811396903045732476e-02
2.000000000000000000e+00 1.811396903045732476e-02
2.000000000000000000e+00 1.811396903045732476e-02
2.000000000000000000e+00 1.811396903045732476e-02
2.000000000000000000e+00 1.811396903045732476e-02
2.000000000000000000e+00 1.811396903045732476e-02
2.000000000000000000e+00 1.811396903045732476e-02
2.000000000000000000e+00 1.811396903045732476e-02
2.000000000000000000e+00 1.811396903045732476e-02
2.000000000000000000e+00 -4.059870966812536425e-02
2.000000000000000000e+00 -4.059870966812536425e-02
2.000000000000000000e+00 -2.875534774829557882e-01
2.000000000000000000e+00 -2.875534774829557882e-01
2.000000000000000000e+00 -2.875534774829557882e-01
2.000000000000000000e+00 -2.875534774829557882e-01
2.000000000000000000e+00 -2.875534774829557882e-01
2.000000000000000000e+00 -2.875534774829557882e-01
2.000000000000000000e+00 -2.875534774829557882e-01
2.000000000000000000e+00 -2.875534774829557882e-01
2.000000000000000000e+00 -2.875534774829557882e-01
2.000000000000000000e+00 -2.875534774829557882e-01
2.000000000000000000e+00 -2.875534774829557882e-01
2.000000000000000000e+00 -2.875534774829557882e-01
2.000000000000000000e+00 -2.875534774829557882e-01
2.000000000000000000e+00 -2.875534774829557882e-01
2.000000000000000000e+00 -2.875534774829557882e-01
2.000000000000000000e+00 -2.875534774829557882e-01
2.000000000000000000e+00 -2.875534774829557882e-01
3.000000000000000000e+00 8.858124203443427103e-01
3.000000000000000000e+00 1.048245003463224578e-01
3.000000000000000000e+00 1.048245003463224578e-01
3.000000000000000000e+00 1.959251006765125314e-02
3.000000000000000000e+00 1.959251006765125314e-02
3.000000000000000000e+00 1.959251006765125314e-02
3.000000000000000000e+00 1.959251006765125314e-02
3.000000000000000000e+00 1.959251006765125314e-02
3.000000000000000000e+00 1.959251006765125314e-02
3.000000000000000000e+00 1.959251006765125314e-02
3.000000000000000000e+00 1.959251006765125314e-02
3.000000000000000000e+00 1.959251006765125314e-02
3.000000000000000000e+00 1.959251006765125314e-02
3.000000000000000000e+00 1.959251006765125314e-02
3.000000000000000000e+00 1.959251006765125314e-02
3.000000000000000000e+00 1.959251006765125314e-02
3.000000000000000000e+00 1.959251006765125314e-02
3.000000000000000000e+00 -1.894928884316660414e-02
3.000000000000000000e+00 -6.721696080530847883e-02
3.000000000000000000e+00 -6.721696080530847883e-02
3.000000000000000000e+00 -8.555219675669066548e-02
3.000000000000000000e+00 -8.848335085646018283e-02
3.000000000000000000e+00 -8.848335085646018283e-02
3.000000000000000000e+00 -8.848335085646018283e-02
3.000000000000000000e+00 -8.848335085646018283e-02
3.000000000000000000e+00 -8.848335085646018283e-02
3.000000000000000000e+00 -9.003043524881677862e-02
3.000000000000000000e+00 -9.003043524881677862e-02
3.000000000000000000e+00 -9.003043524881677862e-02
3.000000000000000000e+00 -1.170051840058915493e-01
4.000000000000000000e+00 3.316233373581200516e-01
4.000000000000000000e+00 3.316233373581200516e-01
4.000000000000000000e+00 -3.960748787297152518e-02
4.000000000000000000e+00 -3.960748787297152518e-02
4.000000000000000000e+00 -3.960748787297152518e-02
4.000000000000000000e+00 -3.960748787297152518e-02
4.000000000000000000e+00 -3.960748787297152518e-02
4.000000000000000000e+00 -3.960748787297152518e-02
4.000000000000000000e+00 -3.960748787297152518e-02
4.000000000000000000e+00 -3.960748787297152518e-02
4.000000000000000000e+00 -3.960748787297152518e-02
4.000000000000000000e+00 -3.960748787297152518e-02
4.000000000000000000e+00 -3.960748787297152518e-02
4.000000000000000000e+00 -1.323400162744474695e-01
4.000000000000000000e+00 -1.323400162744474695e-01
4.000000000000000000e+00 -1.323400162744474695e-01
4.000000000000000000e+00 -1.323400162744474695e-01
4.000000000000000000e+00 -1.323400162744474695e-01
4.000000000000000000e+00 -1.323400162744474695e-01
4.000000000000000000e+00 -1.323400162744474695e-01
4.000000000000000000e+00 -1.323400162744474695e-01
4.000000000000000000e+00 -1.323400162744474695e-01
4.000000000000000000e+00 -1.323400162744474695e-01
4.000000000000000000e+00 -1.323400162744474695e-01
4.000000000000000000e+00 -1.323400162744474695e-01
4.000000000000000000e+00 -1.323400162744474695e-01
4.000000000000000000e+00 -1.323400162744474695e-01
4.000000000000000000e+00 -1.323400162744474695e-01
4.000000000000000000e+00 -1.323400162744474695e-01
4.000000000000000000e+00 -1.323400162744474695e-01
5.000000000000000000e+00 7.103079142632543475e-01
5.000000000000000000e+00 2.512850614549289041e-01
5.000000000000000000e+00 2.512850614549289041e-01
5.000000000000000000e+00 1.888537761481331734e-01
5.000000000000000000e+00 1.888537761481331734e-01
5.000000000000000000e+00 7.745215882362377346e-02
5.000000000000000000e+00 7.745215882362377346e-02
5.000000000000000000e+00 7.745215882362377346e-02
5.000000000000000000e+00 7.745215882362377346e-02
5.000000000000000000e+00 7.745215882362377346e-02
5.000000000000000000e+00 7.745215882362377346e-02
5.000000000000000000e+00 -1.803372778538332721e-02
5.000000000000000000e+00 -1.803372778538332721e-02
5.000000000000000000e+00 -1.803372778538332721e-02
5.000000000000000000e+00 -1.803372778538332721e-02
5.000000000000000000e+00 -1.803372778538332721e-02
5.000000000000000000e+00 -1.803372778538332721e-02
5.000000000000000000e+00 -1.803372778538332721e-02
5.000000000000000000e+00 -3.187535181377739585e-02
5.000000000000000000e+00 -3.187535181377739585e-02
5.000000000000000000e+00 -3.929699170304891409e-02
5.000000000000000000e+00 -3.929699170304891409e-02
5.000000000000000000e+00 -3.929699170304891409e-02
5.000000000000000000e+00 -3.929699170304891409e-02
5.000000000000000000e+00 -3.929699170304891409e-02
5.000000000000000000e+00 -3.929699170304891409e-02
5.000000000000000000e+00 -5.986238594491083420e-02
5.000000000000000000e+00 -5.986238594491083420e-02
5.000000000000000000e+00 -5.986238594491083420e-02
5.000000000000000000e+00 -5.986238594491083420e-02
6.000000000000000000e+00 5.063036208341238353e-01
6.000000000000000000e+00 4.252623219821445866e-01
6.000000000000000000e+00 4.252623219821445866e-01
6.000000000000000000e+00 4.252623219821445866e-01
6.000000000000000000e+00 4.252623219821445866e-01
6.000000000000000000e+00 2.158719717229951873e-01
6.000000000000000000e+00 2.158719717229951873e-01
6.000000000000000000e+00 2.158719717229951873e-01
6.000000000000000000e+00 -9.137831853433155127e-02
6.000000000000000000e+00 -9.137831853433155127e-02
6.000000000000000000e+00 -9.137831853433155127e-02
6.000000000000000000e+00 -9.137831853433155127e-02
6.000000000000000000e+00 -9.137831853433155127e-02
6.000000000000000000e+00 -9.137831853433155127e-02
6.000000000000000000e+00 -9.137831853433155127e-02
6.000000000000000000e+00 -9.137831853433155127e-02
6.000000000000000000e+00 -9.137831853433155127e-02
6.000000000000000000e+00 -9.137831853433155127e-02
6.000000000000000000e+00 -9.137831853433155127e-02
6.000000000000000000e+00 -9.137831853433155127e-02
6.000000000000000000e+00 -1.189602986481846786e-01
6.000000000000000000e+00 -1.189602986481846786e-01
6.000000000000000000e+00 -1.189602986481846786e-01
6.000000000000000000e+00 -1.189602986481846786e-01
6.000000000000000000e+00 -1.189602986481846786e-01
6.000000000000000000e+00 -1.189602986481846786e-01
6.000000000000000000e+00 -1.189602986481846786e-01
6.000000000000000000e+00 -1.189602986481846786e-01
6.000000000000000000e+00 -1.189602986481846786e-01
6.000000000000000000e+00 -1.189602986481846786e-01
7.000000000000000000e+00 5.204524255584879189e-01
7.000000000000000000e+00 5.204524255584879189e-01
7.000000000000000000e+00 2.926431732563875010e-01
7.000000000000000000e+00 2.926431732563875010e-01
7.000000000000000000e+00 2.926431732563875010e-01
7.000000000000000000e+00 2.223146331344614257e-01
7.000000000000000000e+00 2.223146331344614257e-01
7.000000000000000000e+00 2.223146331344614257e-01
7.000000000000000000e+00 2.223146331344614257e-01
7.000000000000000000e+00 2.223146331344614257e-01
7.000000000000000000e+00 2.223146331344614257e-01
7.000000000000000000e+00 1.688179509157497482e-01
7.000000000000000000e+00 1.688179509157497482e-01
7.000000000000000000e+00 1.688179509157497482e-01
7.000000000000000000e+00 -3.687203958618868321e-02
7.000000000000000000e+00 -3.687203958618868321e-02
7.000000000000000000e+00 -3.687203958618868321e-02
7.000000000000000000e+00 -3.687203958618868321e-02
7.000000000000000000e+00 -3.687203958618868321e-02
7.000000000000000000e+00 -3.687203958618868321e-02
7.000000000000000000e+00 -3.687203958618868321e-02
7.000000000000000000e+00 -3.687203958618868321e-02
7.000000000000000000e+00 -3.687203958618868321e-02
7.000000000000000000e+00 -1.078543517279843267e-01
7.000000000000000000e+00 -1.078543517279843267e-01
7.000000000000000000e+00 -1.078543517279843267e-01
7.000000000000000000e+00 -1.078543517279843267e-01
7.000000000000000000e+00 -1.078543517279843267e-01
7.000000000000000000e+00 -1.078543517279843267e-01
7.000000000000000000e+00 -1.078543517279843267e-01
8.000000000000000000e+00 5.595505399813035519e-01
8.000000000000000000e+00 2.189397570160532269e-01
8.000000000000000000e+00 2.189397570160532269e-01
8.000000000000000000e+00 2.189397570160532269e-01
8.000000000000000000e+00 2.189397570160532269e-01
8.000000000000000000e+00 2.189397570160532269e-01
8.000000000000000000e+00 2.189397570160532269e-01
8.000000000000000000e+00 1.812831033497263045e-01
8.000000000000000000e+00 1.812831033497263045e-01
8.000000000000000000e+00 1.812831033497263045e-01
8.000000000000000000e+00 1.562903089390588890e-02
8.000000000000000000e+00 1.562903089390588890e-02
8.000000000000000000e+00 -1.045264851804307144e-01
8.000000000000000000e+00 -2.686327855357323324e-01
8.000000000000000000e+00 -2.686327855357323324e-01
8.000000000000000000e+00 -2.686327855357323324e-01
8.000000000000000000e+00 -2.686327855357323324e-01
8.000000000000000000e+00 -2.686327855357323324e-01
8.000000000000000000e+00 -2.686327855357323324e-01
8.000000000000000000e+00 -2.686327855357323324e-01
8.000000000000000000e+00 -2.686327855357323324e-01
8.000000000000000000e+00 -2.686327855357323324e-01
8.000000000000000000e+00 -2.686327855357323324e-01
8.000000000000000000e+00 -2.686327855357323324e-01
8.000000000000000000e+00 -2.686327855357323324e-01
8.000000000000000000e+00 -2.686327855357323324e-01
8.000000000000000000e+00 -2.686327855357323324e-01
8.000000000000000000e+00 -2.686327855357323324e-01
8.000000000000000000e+00 -2.686327855357323324e-01
8.000000000000000000e+00 -2.686327855357323324e-01
9.000000000000000000e+00 9.668981048896061470e-01
9.000000000000000000e+00 3.103574584211444831e-01
9.000000000000000000e+00 3.103574584211444831e-01
9.000000000000000000e+00 3.103574584211444831e-01
9.000000000000000000e+00 3.103574584211444831e-01
9.000000000000000000e+00 3.103574584211444831e-01
9.000000000000000000e+00 3.103574584211444831e-01
9.000000000000000000e+00 1.060560872751089984e-01
9.000000000000000000e+00 1.060560872751089984e-01
9.000000000000000000e+00 1.060560872751089984e-01
9.000000000000000000e+00 6.765171110819728773e-02
9.000000000000000000e+00 6.765171110819728773e-02
9.000000000000000000e+00 6.765171110819728773e-02
9.000000000000000000e+00 6.765171110819728773e-02
9.000000000000000000e+00 -5.821145083378290175e-02
9.000000000000000000e+00 -5.821145083378290175e-02
9.000000000000000000e+00 -1.147313539277450140e-01
9.000000000000000000e+00 -1.147313539277450140e-01
9.000000000000000000e+00 -1.147313539277450140e-01
9.000000000000000000e+00 -1.147313539277450140e-01
9.000000000000000000e+00 -1.147313539277450140e-01
9.000000000000000000e+00 -1.147313539277450140e-01
9.000000000000000000e+00 -1.147313539277450140e-01
9.000000000000000000e+00 -1.147313539277450140e-01
9.000000000000000000e+00 -1.147313539277450140e-01
9.000000000000000000e+00 -1.147313539277450140e-01
9.000000000000000000e+00 -1.147313539277450140e-01
9.000000000000000000e+00 -2.194771746550998881e-01
9.000000000000000000e+00 -2.194771746550998881e-01
9.000000000000000000e+00 -2.194771746550998881e-01
