6.926706217454949126e-310 4.432990963977534409e-316
0.000000000000000000e+00 -3.560809378227790534e-01
0.000000000000000000e+00 -8.008491249883711305e-01
0.000000000000000000e+00 -8.950661247317308611e-01
0.000000000000000000e+00 -8.950661247317308611e-01
0.000000000000000000e+00 -8.950661247317308611e-01
0.000000000000000000e+00 -8.950661247317308611e-01
0.000000000000000000e+00 -8.950661247317308611e-01
0.000000000000000000e+00 -2.332719113445276271e+00
0.000000000000000000e+00 -2.332719113445276271e+00
0.000000000000000000e+00 -3.922872857577021755e+00
0.000000000000000000e+00 -3.922872857577021755e+00
0.000000000000000000e+00 -5.544563468873745293e+00
0.000000000000000000e+00 -5.544563468873745293e+00
0.000000000000000000e+00 -7.175149488084056060e+00
0.000000000000000000e+00 -7.175149488084056060e+00
0.000000000000000000e+00 -7.534996818249863004e+00
0.000000000000000000e+00 -7.534996818249863004e+00
0.000000000000000000e+00 -7.534996818249863004e+00
0.000000000000000000e+00 -7.799191949350350761e+00
0.000000000000000000e+00 -7.799191949350350761e+00
0.000000000000000000e+00 -7.799191949350350761e+00
0.000000000000000000e+00 -8.054729823064098682e+00
0.000000000000000000e+00 -8.054729823064098682e+00
0.000000000000000000e+00 -8.054729823064098682e+00
0.000000000000000000e+00 -8.054729823064098682e+00
0.000000000000000000e+00 -8.054729823064098682e+00
0.000000000000000000e+00 -8.054729823064098682e+00
0.000000000000000000e+00 -8.054729823064098682e+00
0.000000000000000000e+00 -8.054729823064098682e+00
0.000000000000000000e+00 -8.054729823064098682e+00
1.000000000000000000e+00 -6.373368245195634607e+00
1.000000000000000000e+00 -6.373368245195634607e+00
1.000000000000000000e+00 -6.373368245195634607e+00
1.000000000000000000e+00 -6.373368245195634607e+00
1.000000000000000000e+00 -6.373368245195634607e+00
1.000000000000000000e+00 -6.373368245195634607e+00
1.000000000000000000e+00 -6.373368245195634607e+00
1.000000000000000000e+00 -6.373368245195634607e+00
1.000000000000000000e+00 -6.373368245195634607e+00
1.000000000000000000e+00 -6.373368245195634607e+00
1.000000000000000000e+00 -6.373368245195634607e+00
1.000000000000000000e+00 -6.373368245195634607e+00
1.000000000000000000e+00 -6.373368245195634607e+00
1.000000000000000000e+00 -6.373368245195634607e+00
1.000000000000000000e+00 -6.373368245195634607e+00
1.000000000000000000e+00 -6.373368245195634607e+00
1.000000000000000000e+00 -6.373368245195634607e+00
1.000000000000000000e+00 -6.373368245195634607e+00
1.000000000000000000e+00 -6.373368245195634607e+00
1.000000000000000000e+00 -6.373368245195634607e+00
1.000000000000000000e+00 -6.373368245195634607e+00
1.000000000000000000e+00 -6.373368245195634607e+00
1.000000000000000000e+00 -6.373368245195634607e+00
1.000000000000000000e+00 -6.373368245195634607e+00
1.000000000000000000e+00 -6.373368245195634607e+00
1.000000000000000000e+00 -6.373368245195634607e+00
1.000000000000000000e+00 -6.373368245195634607e+00
1.000000000000000000e+00 -6.373368245195634607e+00
1.000000000000000000e+00 -6.373368245195634607e+00
1.000000000000000000e+00 -6.373368245195634607e+00
2.000000000000000000e+00 -1.939754891392870273e-01
2.000000000000000000e+00 -1.939754891392870273e-01
2.000000000000000000e+00 -3.990686639502913469e+00
2.000000000000000000e+00 -3.990686639502913469e+00
2.000000000000000000e+00 -3.990686639502913469e+00
2.000000000000000000e+00 -3.990686639502913469e+00
2.000000000000000000e+00 -3.990686639502913469e+00
2.000000000000000000e+00 -3.990686639502913469e+00
2.000000000000000000e+00 -3.990686639502913469e+00
2.000000000000000000e+00 -3.990686639502913469e+00
2.000000000000000000e+00 -3.990686639502913469e+00
2.000000000000000000e+00 -3.990686639502913469e+00
2.000000000000000000e+00 -3.990686639502913469e+00
2.000000000000000000e+00 -3.990686639502913469e+00
2.000000000000000000e+00 -4.441459014691039542e+00
2.000000000000000000e+00 -4.441459014691039542e+00
2.000000000000000000e+00 -4.441459014691039542e+00
2.000000000000000000e+00 -4.441459014691039542e+00
2.000000000000000000e+00 -4.441459014691039542e+00
2.000000000000000000e+00 -4.441459014691039542e+00
2.000000000000000000e+00 -4.441459014691039542e+00
2.000000000000000000e+00 -4.441459014691039542e+00
2.000000000000000000e+00 -4.441459014691039542e+00
2.000000000000000000e+00 -4.441459014691039542e+00
2.000000000000000000e+00 -4.441459014691039542e+00
2.000000000000000000e+00 -6.173001384837679240e+00
2.000000000000000000e+00 -6.173001384837679240e+00
2.000000000000000000e+00 -6.173001384837679240e+00
2.000000000000000000e+00 -6.173001384837679240e+00
2.000000000000000000e+00 -6.173001384837679240e+00
3.000000000000000000e+00 1.046523043412193710e+00
3.000000000000000000e+00 1.046523043412193710e+00
3.000000000000000000e+00 -9.708972605838385173e-01
3.000000000000000000e+00 -4.373579018827888909e+00
3.000000000000000000e+00 -4.373579018827888909e+00
3.000000000000000000e+00 -4.373579018827888909e+00
3.000000000000000000e+00 -4.373579018827888909e+00
3.000000000000000000e+00 -4.373579018827888909e+00
3.000000000000000000e+00 -4.373579018827888909e+00
3.000000000000000000e+00 -4.373579018827888909e+00
3.000000000000000000e+00 -4.373579018827888909e+00
3.000000000000000000e+00 -4.837431524779646885e+00
3.000000000000000000e+00 -4.837431524779646885e+00
3.000000000000000000e+00 -4.837431524779646885e+00
3.000000000000000000e+00 -4.837431524779646885e+00
3.000000000000000000e+00 -4.837431524779646885e+00
3.000000000000000000e+00 -4.837431524779646885e+00
3.000000000000000000e+00 -4.837431524779646885e+00
3.000000000000000000e+00 -4.837431524779646885e+00
3.000000000000000000e+00 -4.837431524779646885e+00
3.000000000000000000e+00 -4.837431524779646885e+00
3.000000000000000000e+00 -4.837431524779646885e+00
3.000000000000000000e+00 -4.837431524779646885e+00
3.000000000000000000e+00 -4.837431524779646885e+00
3.000000000000000000e+00 -4.837431524779646885e+00
3.000000000000000000e+00 -4.837431524779646885e+00
3.000000000000000000e+00 -4.837431524779646885e+00
3.000000000000000000e+00 -4.837431524779646885e+00
3.000000000000000000e+00 -4.837431524779646885e+00
3.000000000000000000e+00 -4.837431524779646885e+00
4.000000000000000000e+00 4.054561199088965395e+00
4.000000000000000000e+00 4.054561199088965395e+00
4.000000000000000000e+00 -1.458878055761909431e+00
4.000000000000000000e+00 -1.458878055761909431e+00
4.000000000000000000e+00 -1.533452884355861912e+00
4.000000000000000000e+00 -1.533452884355861912e+00
4.000000000000000000e+00 -1.533452884355861912e+00
4.000000000000000000e+00 -2.150201303450731238e+00
4.000000000000000000e+00 -2.150201303450731238e+00
4.000000000000000000e+00 -2.150201303450731238e+00
4.000000000000000000e+00 -2.150201303450731238e+00
4.000000000000000000e+00 -2.150201303450731238e+00
4.000000000000000000e+00 -7.308664643166120634e+00
4.000000000000000000e+00 -7.308664643166120634e+00
4.000000000000000000e+00 -7.545765977926210510e+00
4.000000000000000000e+00 -7.545765977926210510e+00
4.000000000000000000e+00 -7.545765977926210510e+00
4.000000000000000000e+00 -7.545765977926210510e+00
4.000000000000000000e+00 -7.545765977926210510e+00
4.000000000000000000e+00 -7.545765977926210510e+00
4.000000000000000000e+00 -7.545765977926210510e+00
4.000000000000000000e+00 -7.545765977926210510e+00
4.000000000000000000e+00 -7.545765977926210510e+00
4.000000000000000000e+00 -7.545765977926210510e+00
4.000000000000000000e+00 -7.545765977926210510e+00
4.000000000000000000e+00 -7.545765977926210510e+00
4.000000000000000000e+00 -7.545765977926210510e+00
4.000000000000000000e+00 -7.545765977926210510e+00
4.000000000000000000e+00 -7.545765977926210510e+00
4.000000000000000000e+00 -7.545765977926210510e+00
5.000000000000000000e+00 -3.250176662809408423e+00
5.000000000000000000e+00 -3.250176662809408423e+00
5.000000000000000000e+00 -3.250176662809408423e+00
5.000000000000000000e+00 -3.250176662809408423e+00
5.000000000000000000e+00 -3.250176662809408423e+00
5.000000000000000000e+00 -3.250176662809408423e+00
5.000000000000000000e+00 -3.373265277733793699e+00
5.000000000000000000e+00 -3.373265277733793699e+00
5.000000000000000000e+00 -3.373265277733793699e+00
5.000000000000000000e+00 -3.373265277733793699e+00
5.000000000000000000e+00 -3.373265277733793699e+00
5.000000000000000000e+00 -3.373265277733793699e+00
5.000000000000000000e+00 -3.373265277733793699e+00
5.000000000000000000e+00 -5.805808594413715440e+00
5.000000000000000000e+00 -5.805808594413715440e+00
5.000000000000000000e+00 -5.805808594413715440e+00
5.000000000000000000e+00 -7.771755100621051682e+00
5.000000000000000000e+00 -7.771755100621051682e+00
5.000000000000000000e+00 -7.771755100621051682e+00
5.000000000000000000e+00 -7.771755100621051682e+00
5.000000000000000000e+00 -7.771755100621051682e+00
5.000000000000000000e+00 -7.771755100621051682e+00
5.000000000000000000e+00 -7.771755100621051682e+00
5.000000000000000000e+00 -7.771755100621051682e+00
5.000000000000000000e+00 -7.771755100621051682e+00
5.000000000000000000e+00 -7.771755100621051682e+00
5.000000000000000000e+00 -7.771755100621051682e+00
5.000000000000000000e+00 -7.771755100621051682e+00
5.000000000000000000e+00 -7.771755100621051682e+00
5.000000000000000000e+00 -7.771755100621051682e+00
6.000000000000000000e+00 -7.608338067958110296e-01
6.000000000000000000e+00 -7.608338067958110296e-01
6.000000000000000000e+00 -1.760228819834106284e+00
6.000000000000000000e+00 -1.760228819834106284e+00
6.000000000000000000e+00 -1.760228819834106284e+00
6.000000000000000000e+00 -1.760228819834106284e+00
6.000000000000000000e+00 -2.389884379559227057e+00
6.000000000000000000e+00 -2.389884379559227057e+00
6.000000000000000000e+00 -2.389884379559227057e+00
6.000000000000000000e+00 -2.389884379559227057e+00
6.000000000000000000e+00 -3.643412159426429486e+00
6.000000000000000000e+00 -3.643412159426429486e+00
6.000000000000000000e+00 -3.643412159426429486e+00
6.000000000000000000e+00 -3.708525760538149196e+00
6.000000000000000000e+00 -3.790328554249253745e+00
6.000000000000000000e+00 -3.790328554249253745e+00
6.000000000000000000e+00 -3.790328554249253745e+00
6.000000000000000000e+00 -3.790328554249253745e+00
6.000000000000000000e+00 -3.790328554249253745e+00
6.000000000000000000e+00 -3.790328554249253745e+00
6.000000000000000000e+00 -3.790328554249253745e+00
6.000000000000000000e+00 -3.790328554249253745e+00
6.000000000000000000e+00 -3.790328554249253745e+00
6.000000000000000000e+00 -3.790328554249253745e+00
6.000000000000000000e+00 -3.790328554249253745e+00
6.000000000000000000e+00 -3.790328554249253745e+00
6.000000000000000000e+00 -3.790328554249253745e+00
6.000000000000000000e+00 -3.790328554249253745e+00
6.000000000000000000e+00 -3.790328554249253745e+00
6.000000000000000000e+00 -3.790328554249253745e+00
7.000000000000000000e+00 1.221456857374600746e+00
7.000000000000000000e+00 -1.966659267276464673e+00
7.000000000000000000e+00 -1.966659267276464673e+00
7.000000000000000000e+00 -5.293403373750284580e+00
7.000000000000000000e+00 -5.293403373750284580e+00
7.000000000000000000e+00 -7.672671320358380065e+00
7.000000000000000000e+00 -7.672671320358380065e+00
7.000000000000000000e+00 -7.672671320358380065e+00
7.000000000000000000e+00 -7.672671320358380065e+00
7.000000000000000000e+00 -7.672671320358380065e+00
7.000000000000000000e+00 -7.672671320358380065e+00
7.000000000000000000e+00 -7.672671320358380065e+00
7.000000000000000000e+00 -7.672671320358380065e+00
7.000000000000000000e+00 -7.672671320358380065e+00
7.000000000000000000e+00 -7.672671320358380065e+00
7.000000000000000000e+00 -7.672671320358380065e+00
7.000000000000000000e+00 -7.672671320358380065e+00
7.000000000000000000e+00 -7.672671320358380065e+00
7.000000000000000000e+00 -7.672671320358380065e+00
7.000000000000000000e+00 -7.672671320358380065e+00
7.000000000000000000e+00 -7.672671320358380065e+00
7.000000000000000000e+00 -7.672671320358380065e+00
7.000000000000000000e+00 -7.672671320358380065e+00
7.000000000000000000e+00 -7.672671320358380065e+00
7.000000000000000000e+00 -7.672671320358380065e+00
7.000000000000000000e+00 -7.672671320358380065e+00
7.000000000000000000e+00 -7.672671320358380065e+00
7.000000000000000000e+00 -7.672671320358380065e+00
7.000000000000000000e+00 -7.672671320358380065e+00
7.000000000000000000e+00 -7.672671320358380065e+00
8.000000000000000000e+00 7.478010861063706383e-01
8.000000000000000000e+00 -1.207044190653830729e+00
8.000000000000000000e+00 -1.207044190653830729e+00
8.000000000000000000e+00 -2.486068660647179129e+00
8.000000000000000000e+00 -2.486068660647179129e+00
8.000000000000000000e+00 -2.486068660647179129e+00
8.000000000000000000e+00 -2.486068660647179129e+00
8.000000000000000000e+00 -2.486068660647179129e+00
8.000000000000000000e+00 -2.486068660647179129e+00
8.000000000000000000e+00 -2.486068660647179129e+00
8.000000000000000000e+00 -2.486068660647179129e+00
8.000000000000000000e+00 -2.486068660647179129e+00
8.000000000000000000e+00 -2.486068660647179129e+00
8.000000000000000000e+00 -2.486068660647179129e+00
8.000000000000000000e+00 -2.486068660647179129e+00
8.000000000000000000e+00 -2.486068660647179129e+00
8.000000000000000000e+00 -2.486068660647179129e+00
8.000000000000000000e+00 -2.486068660647179129e+00
8.000000000000000000e+00 -2.486068660647179129e+00
8.000000000000000000e+00 -2.486068660647179129e+00
8.000000000000000000e+00 -3.488491096785580670e+00
8.000000000000000000e+00 -3.488491096785580670e+00
8.000000000000000000e+00 -3.488491096785580670e+00
8.000000000000000000e+00 -3.488491096785580670e+00
8.000000000000000000e+00 -3.488491096785580670e+00
8.000000000000000000e+00 -3.488491096785580670e+00
8.000000000000000000e+00 -3.488491096785580670e+00
8.000000000000000000e+00 -3.488491096785580670e+00
8.000000000000000000e+00 -3.488491096785580670e+00
8.000000000000000000e+00 -3.552858273185675486e+00
9.000000000000000000e+00 3.768057086580713366e-01
9.000000000000000000e+00 -3.742755863968015628e+00
9.000000000000000000e+00 -3.742755863968015628e+00
9.000000000000000000e+00 -3.742755863968015628e+00
9.000000000000000000e+00 -3.742755863968015628e+00
9.000000000000000000e+00 -5.394310213584913249e+00
9.000000000000000000e+00 -5.394310213584913249e+00
9.000000000000000000e+00 -5.394310213584913249e+00
9.000000000000000000e+00 -5.394310213584913249e+00
9.000000000000000000e+00 -5.394310213584913249e+00
9.000000000000000000e+00 -5.394310213584913249e+00
9.000000000000000000e+00 -5.394310213584913249e+00
9.000000000000000000e+00 -5.394310213584913249e+00
9.000000000000000000e+00 -5.394310213584913249e+00
9.000000000000000000e+00 -5.394310213584913249e+00
9.000000000000000000e+00 -5.394310213584913249e+00
9.000000000000000000e+00 -5.394310213584913249e+00
9.000000000000000000e+00 -5.394310213584913249e+00
9.000000000000000000e+00 -5.394310213584913249e+00
9.000000000000000000e+00 -5.394310213584913249e+00
9.000000000000000000e+00 -5.394310213584913249e+00
9.000000000000000000e+00 -5.394310213584913249e+00
9.000000000000000000e+00 -5.394310213584913249e+00
9.000000000000000000e+00 -5.394310213584913249e+00
9.000000000000000000e+00 -5.394310213584913249e+00
9.000000000000000000e+00 -5.394310213584913249e+00
9.000000000000000000e+00 -5.394310213584913249e+00
9.000000000000000000e+00 -5.394310213584913249e+00
9.000000000000000000e+00 -5.394310213584913249e+00
9.000000000000000000e+00 -5.394310213584913249e+00
