0.000000000000000000e+00 6.916919041777451618e-323
0.000000000000000000e+00 -3.560809378227790534e-01
0.000000000000000000e+00 -8.008491249883711305e-01
0.000000000000000000e+00 -8.950661247317308611e-01
0.000000000000000000e+00 -8.950661247317308611e-01
0.000000000000000000e+00 -8.950661247317308611e-01
0.000000000000000000e+00 -8.950661247317308611e-01
0.000000000000000000e+00 -8.950661247317308611e-01
0.000000000000000000e+00 -2.332719113445276271e+00
0.000000000000000000e+00 -2.332719113445276271e+00
0.000000000000000000e+00 -3.922872857577021755e+00
0.000000000000000000e+00 -4.005915760475005527e+00
0.000000000000000000e+00 -4.045270901496487603e+00
0.000000000000000000e+00 -4.045270901496487603e+00
0.000000000000000000e+00 -4.045270901496487603e+00
0.000000000000000000e+00 -4.045270901496487603e+00
0.000000000000000000e+00 -4.045270901496487603e+00
0.000000000000000000e+00 -4.045270901496487603e+00
0.000000000000000000e+00 -4.045270901496487603e+00
0.000000000000000000e+00 -4.045270901496487603e+00
0.000000000000000000e+00 -4.045270901496487603e+00
0.000000000000000000e+00 -4.045270901496487603e+00
0.000000000000000000e+00 -4.045270901496487603e+00
0.000000000000000000e+00 -4.045270901496487603e+00
0.000000000000000000e+00 -4.045270901496487603e+00
0.000000000000000000e+00 -4.045270901496487603e+00
0.000000000000000000e+00 -4.045270901496487603e+00
0.000000000000000000e+00 -4.045270901496487603e+00
0.000000000000000000e+00 -4.045270901496487603e+00
0.000000000000000000e+00 -4.045270901496487603e+00
0.000000000000000000e+00 -4.045270901496487603e+00
1.000000000000000000e+00 5.486355003343648118e-01
1.000000000000000000e+00 5.486355003343648118e-01
1.000000000000000000e+00 5.486355003343648118e-01
1.000000000000000000e+00 5.486355003343648118e-01
1.000000000000000000e+00 -3.004924440114655759e-01
1.000000000000000000e+00 -3.211745554764676047e+00
1.000000000000000000e+00 -3.211745554764676047e+00
1.000000000000000000e+00 -3.370179776503510194e+00
1.000000000000000000e+00 -3.370179776503510194e+00
1.000000000000000000e+00 -3.370179776503510194e+00
1.000000000000000000e+00 -3.370179776503510194e+00
1.000000000000000000e+00 -3.370179776503510194e+00
1.000000000000000000e+00 -4.306614715773880775e+00
1.000000000000000000e+00 -4.306614715773880775e+00
1.000000000000000000e+00 -4.452714774057723091e+00
1.000000000000000000e+00 -4.452714774057723091e+00
1.000000000000000000e+00 -4.452714774057723091e+00
1.000000000000000000e+00 -4.452714774057723091e+00
1.000000000000000000e+00 -4.452714774057723091e+00
1.000000000000000000e+00 -4.452714774057723091e+00
1.000000000000000000e+00 -4.452714774057723091e+00
1.000000000000000000e+00 -4.452714774057723091e+00
1.000000000000000000e+00 -4.515018424385694118e+00
1.000000000000000000e+00 -4.515018424385694118e+00
1.000000000000000000e+00 -4.515018424385694118e+00
1.000000000000000000e+00 -4.515018424385694118e+00
1.000000000000000000e+00 -4.515018424385694118e+00
1.000000000000000000e+00 -4.515018424385694118e+00
1.000000000000000000e+00 -4.604103882698223238e+00
1.000000000000000000e+00 -4.698875591519308337e+00
2.000000000000000000e+00 -2.923682114655445474e+00
2.000000000000000000e+00 -2.923682114655445474e+00
2.000000000000000000e+00 -2.923682114655445474e+00
2.000000000000000000e+00 -2.923682114655445474e+00
2.000000000000000000e+00 -2.923682114655445474e+00
2.000000000000000000e+00 -2.923682114655445474e+00
2.000000000000000000e+00 -2.923682114655445474e+00
2.000000000000000000e+00 -2.923682114655445474e+00
2.000000000000000000e+00 -4.349076702511104564e+00
2.000000000000000000e+00 -4.349076702511104564e+00
2.000000000000000000e+00 -4.349076702511104564e+00
2.000000000000000000e+00 -4.349076702511104564e+00
2.000000000000000000e+00 -5.730078247370487432e+00
2.000000000000000000e+00 -6.693376495993865305e+00
2.000000000000000000e+00 -7.119255661640595534e+00
2.000000000000000000e+00 -7.119255661640595534e+00
2.000000000000000000e+00 -7.119255661640595534e+00
2.000000000000000000e+00 -7.119255661640595534e+00
2.000000000000000000e+00 -7.119255661640595534e+00
2.000000000000000000e+00 -7.119255661640595534e+00
2.000000000000000000e+00 -7.874769583159194397e+00
2.000000000000000000e+00 -7.874769583159194397e+00
2.000000000000000000e+00 -7.874769583159194397e+00
2.000000000000000000e+00 -7.874769583159194397e+00
2.000000000000000000e+00 -7.874769583159194397e+00
2.000000000000000000e+00 -7.874769583159194397e+00
2.000000000000000000e+00 -7.941193500226939150e+00
2.000000000000000000e+00 -7.941193500226939150e+00
2.000000000000000000e+00 -7.941193500226939150e+00
2.000000000000000000e+00 -7.941193500226939150e+00
3.000000000000000000e+00 -1.341792863404827507e+00
3.000000000000000000e+00 -3.114600978067249670e+00
3.000000000000000000e+00 -3.114600978067249670e+00
3.000000000000000000e+00 -3.114600978067249670e+00
3.000000000000000000e+00 -3.114600978067249670e+00
3.000000000000000000e+00 -3.114600978067249670e+00
3.000000000000000000e+00 -3.114600978067249670e+00
3.000000000000000000e+00 -3.114600978067249670e+00
3.000000000000000000e+00 -3.114600978067249670e+00
3.000000000000000000e+00 -3.114600978067249670e+00
3.000000000000000000e+00 -3.114600978067249670e+00
3.000000000000000000e+00 -3.425060573636063310e+00
3.000000000000000000e+00 -3.425060573636063310e+00
3.000000000000000000e+00 -3.425060573636063310e+00
3.000000000000000000e+00 -3.425060573636063310e+00
3.000000000000000000e+00 -3.425060573636063310e+00
3.000000000000000000e+00 -3.425060573636063310e+00
3.000000000000000000e+00 -3.425060573636063310e+00
3.000000000000000000e+00 -3.425060573636063310e+00
3.000000000000000000e+00 -3.425060573636063310e+00
3.000000000000000000e+00 -3.425060573636063310e+00
3.000000000000000000e+00 -3.425060573636063310e+00
3.000000000000000000e+00 -3.425060573636063310e+00
3.000000000000000000e+00 -3.425060573636063310e+00
3.000000000000000000e+00 -3.519177387264206036e+00
3.000000000000000000e+00 -3.741753712706344270e+00
3.000000000000000000e+00 -3.741753712706344270e+00
3.000000000000000000e+00 -4.968803279689545604e+00
3.000000000000000000e+00 -4.968803279689545604e+00
3.000000000000000000e+00 -4.968803279689545604e+00
4.000000000000000000e+00 -2.527589521414036700e+00
4.000000000000000000e+00 -2.527589521414036700e+00
4.000000000000000000e+00 -2.527589521414036700e+00
4.000000000000000000e+00 -2.527589521414036700e+00
4.000000000000000000e+00 -3.288766286251626703e+00
4.000000000000000000e+00 -3.288766286251626703e+00
4.000000000000000000e+00 -3.288766286251626703e+00
4.000000000000000000e+00 -3.288766286251626703e+00
4.000000000000000000e+00 -3.288766286251626703e+00
4.000000000000000000e+00 -3.288766286251626703e+00
4.000000000000000000e+00 -3.288766286251626703e+00
4.000000000000000000e+00 -6.850115342934962825e+00
4.000000000000000000e+00 -7.879107117156369355e+00
4.000000000000000000e+00 -7.879107117156369355e+00
4.000000000000000000e+00 -7.879107117156369355e+00
4.000000000000000000e+00 -7.879107117156369355e+00
4.000000000000000000e+00 -7.879107117156369355e+00
4.000000000000000000e+00 -7.879107117156369355e+00
4.000000000000000000e+00 -7.879107117156369355e+00
4.000000000000000000e+00 -7.879107117156369355e+00
4.000000000000000000e+00 -7.879107117156369355e+00
4.000000000000000000e+00 -7.879107117156369355e+00
4.000000000000000000e+00 -7.879107117156369355e+00
4.000000000000000000e+00 -7.879107117156369355e+00
4.000000000000000000e+00 -7.879107117156369355e+00
4.000000000000000000e+00 -7.879107117156369355e+00
4.000000000000000000e+00 -7.879107117156369355e+00
4.000000000000000000e+00 -7.879107117156369355e+00
4.000000000000000000e+00 -7.879107117156369355e+00
4.000000000000000000e+00 -7.879107117156369355e+00
5.000000000000000000e+00 2.358001643406009429e-01
5.000000000000000000e+00 2.358001643406009429e-01
5.000000000000000000e+00 2.358001643406009429e-01
5.000000000000000000e+00 2.358001643406009429e-01
5.000000000000000000e+00 -2.251077373724410968e+00
5.000000000000000000e+00 -2.251077373724410968e+00
5.000000000000000000e+00 -2.251077373724410968e+00
5.000000000000000000e+00 -5.652168675100909034e+00
5.000000000000000000e+00 -5.652168675100909034e+00
5.000000000000000000e+00 -5.652168675100909034e+00
5.000000000000000000e+00 -5.652168675100909034e+00
5.000000000000000000e+00 -5.652168675100909034e+00
5.000000000000000000e+00 -5.652168675100909034e+00
5.000000000000000000e+00 -5.652168675100909034e+00
5.000000000000000000e+00 -5.652168675100909034e+00
5.000000000000000000e+00 -7.623581303594252567e+00
5.000000000000000000e+00 -7.623581303594252567e+00
5.000000000000000000e+00 -7.623581303594252567e+00
5.000000000000000000e+00 -7.790807484763224267e+00
5.000000000000000000e+00 -7.790807484763224267e+00
5.000000000000000000e+00 -7.790807484763224267e+00
5.000000000000000000e+00 -7.790807484763224267e+00
5.000000000000000000e+00 -7.790807484763224267e+00
5.000000000000000000e+00 -7.790807484763224267e+00
5.000000000000000000e+00 -7.790807484763224267e+00
5.000000000000000000e+00 -7.936727499305961331e+00
5.000000000000000000e+00 -7.936727499305961331e+00
5.000000000000000000e+00 -7.936727499305961331e+00
5.000000000000000000e+00 -7.936727499305961331e+00
5.000000000000000000e+00 -7.936727499305961331e+00
6.000000000000000000e+00 -2.950864731171213062e+00
6.000000000000000000e+00 -2.950864731171213062e+00
6.000000000000000000e+00 -2.950864731171213062e+00
6.000000000000000000e+00 -2.950864731171213062e+00
6.000000000000000000e+00 -2.950864731171213062e+00
6.000000000000000000e+00 -2.950864731171213062e+00
6.000000000000000000e+00 -7.335317685853913972e+00
6.000000000000000000e+00 -7.335317685853913972e+00
6.000000000000000000e+00 -7.335317685853913972e+00
6.000000000000000000e+00 -7.335317685853913972e+00
6.000000000000000000e+00 -7.335317685853913972e+00
6.000000000000000000e+00 -7.335317685853913972e+00
6.000000000000000000e+00 -7.335317685853913972e+00
6.000000000000000000e+00 -7.335317685853913972e+00
6.000000000000000000e+00 -7.335317685853913972e+00
6.000000000000000000e+00 -7.335317685853913972e+00
6.000000000000000000e+00 -7.335317685853913972e+00
6.000000000000000000e+00 -7.335317685853913972e+00
6.000000000000000000e+00 -7.335317685853913972e+00
6.000000000000000000e+00 -7.335317685853913972e+00
6.000000000000000000e+00 -7.335317685853913972e+00
6.000000000000000000e+00 -7.335317685853913972e+00
6.000000000000000000e+00 -7.335317685853913972e+00
6.000000000000000000e+00 -7.335317685853913972e+00
6.000000000000000000e+00 -7.335317685853913972e+00
6.000000000000000000e+00 -7.335317685853913972e+00
6.000000000000000000e+00 -7.335317685853913972e+00
6.000000000000000000e+00 -7.335317685853913972e+00
6.000000000000000000e+00 -7.335317685853913972e+00
6.000000000000000000e+00 -7.335317685853913972e+00
7.000000000000000000e+00 -3.181002843710528438e+00
7.000000000000000000e+00 -3.372999616378828058e+00
7.000000000000000000e+00 -3.372999616378828058e+00
7.000000000000000000e+00 -3.372999616378828058e+00
7.000000000000000000e+00 -3.372999616378828058e+00
7.000000000000000000e+00 -3.372999616378828058e+00
7.000000000000000000e+00 -3.372999616378828058e+00
7.000000000000000000e+00 -3.372999616378828058e+00
7.000000000000000000e+00 -3.372999616378828058e+00
7.000000000000000000e+00 -3.372999616378828058e+00
7.000000000000000000e+00 -4.505088694839262331e+00
7.000000000000000000e+00 -4.506281063113667607e+00
7.000000000000000000e+00 -4.506281063113667607e+00
7.000000000000000000e+00 -4.506281063113667607e+00
7.000000000000000000e+00 -4.651511803850159055e+00
7.000000000000000000e+00 -4.651511803850159055e+00
7.000000000000000000e+00 -4.651511803850159055e+00
7.000000000000000000e+00 -4.651511803850159055e+00
7.000000000000000000e+00 -4.651511803850159055e+00
7.000000000000000000e+00 -4.651511803850159055e+00
7.000000000000000000e+00 -4.773889409508728754e+00
7.000000000000000000e+00 -4.773889409508728754e+00
7.000000000000000000e+00 -4.773889409508728754e+00
7.000000000000000000e+00 -4.773889409508728754e+00
7.000000000000000000e+00 -4.773889409508728754e+00
7.000000000000000000e+00 -4.773889409508728754e+00
7.000000000000000000e+00 -4.773889409508728754e+00
7.000000000000000000e+00 -4.773889409508728754e+00
7.000000000000000000e+00 -4.773889409508728754e+00
7.000000000000000000e+00 -4.773889409508728754e+00
8.000000000000000000e+00 7.564701263245945384e-01
8.000000000000000000e+00 -3.282830944380552562e+00
8.000000000000000000e+00 -3.282830944380552562e+00
8.000000000000000000e+00 -3.282830944380552562e+00
8.000000000000000000e+00 -3.282830944380552562e+00
8.000000000000000000e+00 -3.282830944380552562e+00
8.000000000000000000e+00 -3.282830944380552562e+00
8.000000000000000000e+00 -3.282830944380552562e+00
8.000000000000000000e+00 -3.282830944380552562e+00
8.000000000000000000e+00 -3.282830944380552562e+00
8.000000000000000000e+00 -3.282830944380552562e+00
8.000000000000000000e+00 -3.282830944380552562e+00
8.000000000000000000e+00 -3.282830944380552562e+00
8.000000000000000000e+00 -3.282830944380552562e+00
8.000000000000000000e+00 -4.491819361597976012e+00
8.000000000000000000e+00 -4.566324006132385982e+00
8.000000000000000000e+00 -4.566324006132385982e+00
8.000000000000000000e+00 -4.566324006132385982e+00
8.000000000000000000e+00 -4.566324006132385982e+00
8.000000000000000000e+00 -4.566324006132385982e+00
8.000000000000000000e+00 -4.566324006132385982e+00
8.000000000000000000e+00 -4.566324006132385982e+00
8.000000000000000000e+00 -4.566324006132385982e+00
8.000000000000000000e+00 -4.566324006132385982e+00
8.000000000000000000e+00 -4.566324006132385982e+00
8.000000000000000000e+00 -4.566324006132385982e+00
8.000000000000000000e+00 -4.566324006132385982e+00
8.000000000000000000e+00 -4.566324006132385982e+00
8.000000000000000000e+00 -4.566324006132385982e+00
8.000000000000000000e+00 -4.566324006132385982e+00
9.000000000000000000e+00 -6.054928180675624994e-01
9.000000000000000000e+00 -6.054928180675624994e-01
9.000000000000000000e+00 -6.054928180675624994e-01
9.000000000000000000e+00 -6.054928180675624994e-01
9.000000000000000000e+00 -1.231181027142932205e+00
9.000000000000000000e+00 -1.231181027142932205e+00
9.000000000000000000e+00 -1.231181027142932205e+00
9.000000000000000000e+00 -6.029977026796407458e+00
9.000000000000000000e+00 -6.490380848168508798e+00
9.000000000000000000e+00 -6.490380848168508798e+00
9.000000000000000000e+00 -6.490380848168508798e+00
9.000000000000000000e+00 -6.490380848168508798e+00
9.000000000000000000e+00 -7.066025748636199033e+00
9.000000000000000000e+00 -7.066025748636199033e+00
9.000000000000000000e+00 -7.066025748636199033e+00
9.000000000000000000e+00 -7.142729347068389245e+00
9.000000000000000000e+00 -7.736611396165381294e+00
9.000000000000000000e+00 -7.736611396165381294e+00
9.000000000000000000e+00 -7.736611396165381294e+00
9.000000000000000000e+00 -7.736611396165381294e+00
9.000000000000000000e+00 -7.736611396165381294e+00
9.000000000000000000e+00 -7.736611396165381294e+00
9.000000000000000000e+00 -7.736611396165381294e+00
9.000000000000000000e+00 -7.736611396165381294e+00
9.000000000000000000e+00 -7.736611396165381294e+00
9.000000000000000000e+00 -7.736611396165381294e+00
9.000000000000000000e+00 -7.736611396165381294e+00
9.000000000000000000e+00 -7.736611396165381294e+00
9.000000000000000000e+00 -7.736611396165381294e+00
9.000000000000000000e+00 -7.736611396165381294e+00
