6.950065557105883876e-310 5.011369505160364685e-316
0.000000000000000000e+00 1.849800770451454355e+02
0.000000000000000000e+00 8.639645223999201207e+00
0.000000000000000000e+00 8.639645223999201207e+00
0.000000000000000000e+00 8.639645223999201207e+00
0.000000000000000000e+00 8.639645223999201207e+00
0.000000000000000000e+00 8.639645223999201207e+00
0.000000000000000000e+00 8.639645223999201207e+00
0.000000000000000000e+00 8.639645223999201207e+00
0.000000000000000000e+00 8.639645223999201207e+00
0.000000000000000000e+00 8.639645223999201207e+00
0.000000000000000000e+00 8.639645223999201207e+00
0.000000000000000000e+00 8.639645223999201207e+00
0.000000000000000000e+00 4.618097053873375657e+00
0.000000000000000000e+00 4.618097053873375657e+00
0.000000000000000000e+00 2.388306801490775566e+00
0.000000000000000000e+00 2.388306801490775566e+00
0.000000000000000000e+00 2.388306801490775566e+00
0.000000000000000000e+00 2.388306801490775566e+00
0.000000000000000000e+00 2.388306801490775566e+00
0.000000000000000000e+00 2.388306801490775566e+00
0.000000000000000000e+00 2.388306801490775566e+00
0.000000000000000000e+00 1.839895349438186445e+00
0.000000000000000000e+00 1.836423469770823269e+00
0.000000000000000000e+00 1.836423469770823269e+00
0.000000000000000000e+00 5.587758915110757618e-01
0.000000000000000000e+00 5.587758915110757618e-01
0.000000000000000000e+00 5.587758915110757618e-01
0.000000000000000000e+00 5.587758915110757618e-01
0.000000000000000000e+00 4.903501653509067526e-01
0.000000000000000000e+00 4.903501653509067526e-01
1.000000000000000000e+00 3.938200121731903636e+01
1.000000000000000000e+00 1.762478228084771459e+01
1.000000000000000000e+00 1.762478228084771459e+01
1.000000000000000000e+00 6.829980482596651470e+00
1.000000000000000000e+00 6.829980482596651470e+00
1.000000000000000000e+00 1.127535547896231227e+00
1.000000000000000000e+00 1.127535547896231227e+00
1.000000000000000000e+00 1.127535547896231227e+00
1.000000000000000000e+00 1.127535547896231227e+00
1.000000000000000000e+00 1.127535547896231227e+00
1.000000000000000000e+00 1.127535547896231227e+00
1.000000000000000000e+00 1.127535547896231227e+00
1.000000000000000000e+00 1.127535547896231227e+00
1.000000000000000000e+00 1.127535547896231227e+00
1.000000000000000000e+00 1.127535547896231227e+00
1.000000000000000000e+00 1.127535547896231227e+00
1.000000000000000000e+00 1.127535547896231227e+00
1.000000000000000000e+00 1.127535547896231227e+00
1.000000000000000000e+00 1.127535547896231227e+00
1.000000000000000000e+00 1.127535547896231227e+00
1.000000000000000000e+00 5.849488844270358534e-01
1.000000000000000000e+00 5.849488844270358534e-01
1.000000000000000000e+00 5.849488844270358534e-01
1.000000000000000000e+00 5.849488844270358534e-01
1.000000000000000000e+00 5.849488844270358534e-01
1.000000000000000000e+00 5.849488844270358534e-01
1.000000000000000000e+00 5.849488844270358534e-01
1.000000000000000000e+00 5.849488844270358534e-01
1.000000000000000000e+00 5.849488844270358534e-01
1.000000000000000000e+00 5.234310978055622954e-01
2.000000000000000000e+00 2.858448349164882174e+01
2.000000000000000000e+00 2.858448349164882174e+01
2.000000000000000000e+00 2.858448349164882174e+01
2.000000000000000000e+00 9.921048975047629170e+00
2.000000000000000000e+00 9.921048975047629170e+00
2.000000000000000000e+00 9.921048975047629170e+00
2.000000000000000000e+00 9.921048975047629170e+00
2.000000000000000000e+00 9.921048975047629170e+00
2.000000000000000000e+00 9.921048975047629170e+00
2.000000000000000000e+00 7.614091096264057335e+00
2.000000000000000000e+00 5.938531407567896103e+00
2.000000000000000000e+00 5.938531407567896103e+00
2.000000000000000000e+00 5.938531407567896103e+00
2.000000000000000000e+00 5.938531407567896103e+00
2.000000000000000000e+00 5.938531407567896103e+00
2.000000000000000000e+00 4.340259589316638467e-01
2.000000000000000000e+00 4.340259589316638467e-01
2.000000000000000000e+00 3.979830429631389110e-01
2.000000000000000000e+00 3.979830429631389110e-01
2.000000000000000000e+00 3.979830429631389110e-01
2.000000000000000000e+00 3.979830429631389110e-01
2.000000000000000000e+00 3.979830429631389110e-01
2.000000000000000000e+00 3.979830429631389110e-01
2.000000000000000000e+00 3.979830429631389110e-01
2.000000000000000000e+00 3.979830429631389110e-01
2.000000000000000000e+00 3.979830429631389110e-01
2.000000000000000000e+00 3.979830429631389110e-01
2.000000000000000000e+00 3.979830429631389110e-01
2.000000000000000000e+00 3.979830429631389110e-01
2.000000000000000000e+00 3.979830429631389110e-01
3.000000000000000000e+00 3.119785186615116146e+01
3.000000000000000000e+00 3.119785186615116146e+01
3.000000000000000000e+00 2.827364167282577156e+01
3.000000000000000000e+00 2.827364167282577156e+01
3.000000000000000000e+00 2.827364167282577156e+01
3.000000000000000000e+00 2.827364167282577156e+01
3.000000000000000000e+00 1.562890532351888240e+00
3.000000000000000000e+00 1.562890532351888240e+00
3.000000000000000000e+00 1.562890532351888240e+00
3.000000000000000000e+00 1.562890532351888240e+00
3.000000000000000000e+00 1.562890532351888240e+00
3.000000000000000000e+00 1.562890532351888240e+00
3.000000000000000000e+00 1.562890532351888240e+00
3.000000000000000000e+00 1.562890532351888240e+00
3.000000000000000000e+00 1.562890532351888240e+00
3.000000000000000000e+00 1.562890532351888240e+00
3.000000000000000000e+00 6.452310153930145287e-01
3.000000000000000000e+00 6.452310153930145287e-01
3.000000000000000000e+00 6.452310153930145287e-01
3.000000000000000000e+00 6.452310153930145287e-01
3.000000000000000000e+00 4.791962845780963764e-01
3.000000000000000000e+00 4.791962845780963764e-01
4.000000000000000000e+00 3.163218291739542209e+01
4.000000000000000000e+00 6.674021714155414564e+00
4.000000000000000000e+00 2.487930680646398329e+00
4.000000000000000000e+00 2.487930680646398329e+00
4.000000000000000000e+00 2.487930680646398329e+00
4.000000000000000000e+00 2.487930680646398329e+00
4.000000000000000000e+00 2.487930680646398329e+00
4.000000000000000000e+00 1.846107425514083245e+00
4.000000000000000000e+00 1.846107425514083245e+00
4.000000000000000000e+00 1.846107425514083245e+00
4.000000000000000000e+00 1.846107425514083245e+00
4.000000000000000000e+00 1.846107425514083245e+00
4.000000000000000000e+00 1.846107425514083245e+00
4.000000000000000000e+00 1.846107425514083245e+00
4.000000000000000000e+00 1.846107425514083245e+00
4.000000000000000000e+00 1.846107425514083245e+00
4.000000000000000000e+00 1.846107425514083245e+00
4.000000000000000000e+00 8.429902184696199674e-01
4.000000000000000000e+00 8.429902184696199674e-01
4.000000000000000000e+00 8.429902184696199674e-01
4.000000000000000000e+00 8.429902184696199674e-01
4.000000000000000000e+00 8.429902184696199674e-01
4.000000000000000000e+00 8.429902184696199674e-01
4.000000000000000000e+00 8.429902184696199674e-01
4.000000000000000000e+00 8.429902184696199674e-01
4.000000000000000000e+00 8.429902184696199674e-01
4.000000000000000000e+00 8.429902184696199674e-01
4.000000000000000000e+00 8.429902184696199674e-01
4.000000000000000000e+00 5.126474335975680363e-01
4.000000000000000000e+00 5.126474335975680363e-01
5.000000000000000000e+00 9.929928767681018087e+01
5.000000000000000000e+00 2.912590246379022574e+01
5.000000000000000000e+00 2.671002042276610311e+01
5.000000000000000000e+00 2.426882026097376510e+01
5.000000000000000000e+00 2.426882026097376510e+01
5.000000000000000000e+00 9.102280985230768451e+00
5.000000000000000000e+00 5.400718059579535435e+00
5.000000000000000000e+00 5.400718059579535435e+00
5.000000000000000000e+00 5.400718059579535435e+00
5.000000000000000000e+00 5.400718059579535435e+00
5.000000000000000000e+00 5.400718059579535435e+00
5.000000000000000000e+00 1.106594720343419214e+00
5.000000000000000000e+00 1.106594720343419214e+00
5.000000000000000000e+00 1.106594720343419214e+00
5.000000000000000000e+00 1.106594720343419214e+00
5.000000000000000000e+00 1.106594720343419214e+00
5.000000000000000000e+00 1.106594720343419214e+00
5.000000000000000000e+00 1.106594720343419214e+00
5.000000000000000000e+00 1.106594720343419214e+00
5.000000000000000000e+00 1.106594720343419214e+00
5.000000000000000000e+00 7.059305181305167709e-01
5.000000000000000000e+00 7.059305181305167709e-01
5.000000000000000000e+00 7.059305181305167709e-01
5.000000000000000000e+00 7.059305181305167709e-01
5.000000000000000000e+00 7.059305181305167709e-01
5.000000000000000000e+00 7.059305181305167709e-01
5.000000000000000000e+00 7.059305181305167709e-01
5.000000000000000000e+00 7.059305181305167709e-01
5.000000000000000000e+00 7.059305181305167709e-01
5.000000000000000000e+00 7.059305181305167709e-01
6.000000000000000000e+00 5.989239014279058182e+01
6.000000000000000000e+00 1.339700940693204778e+01
6.000000000000000000e+00 1.339700940693204778e+01
6.000000000000000000e+00 1.339700940693204778e+01
6.000000000000000000e+00 1.339700940693204778e+01
6.000000000000000000e+00 1.339700940693204778e+01
6.000000000000000000e+00 1.339700940693204778e+01
6.000000000000000000e+00 1.339700940693204778e+01
6.000000000000000000e+00 1.339700940693204778e+01
6.000000000000000000e+00 1.339700940693204778e+01
6.000000000000000000e+00 1.339700940693204778e+01
6.000000000000000000e+00 1.339700940693204778e+01
6.000000000000000000e+00 1.339700940693204778e+01
6.000000000000000000e+00 6.461076993904890209e+00
6.000000000000000000e+00 6.297831879761973894e+00
6.000000000000000000e+00 6.027425213609793886e+00
6.000000000000000000e+00 4.713606811681924746e+00
6.000000000000000000e+00 4.713606811681924746e+00
6.000000000000000000e+00 4.713606811681924746e+00
6.000000000000000000e+00 4.232553324847096121e+00
6.000000000000000000e+00 4.429350142814411084e-01
6.000000000000000000e+00 4.429350142814411084e-01
6.000000000000000000e+00 4.429350142814411084e-01
6.000000000000000000e+00 4.429350142814411084e-01
6.000000000000000000e+00 4.429350142814411084e-01
6.000000000000000000e+00 4.429350142814411084e-01
6.000000000000000000e+00 4.429350142814411084e-01
6.000000000000000000e+00 4.429350142814411084e-01
6.000000000000000000e+00 3.957831370941928828e-01
6.000000000000000000e+00 3.957831370941928828e-01
7.000000000000000000e+00 4.870739428187531672e+01
7.000000000000000000e+00 8.814047651572654019e+00
7.000000000000000000e+00 8.814047651572654019e+00
7.000000000000000000e+00 8.814047651572654019e+00
7.000000000000000000e+00 8.814047651572654019e+00
7.000000000000000000e+00 8.814047651572654019e+00
7.000000000000000000e+00 8.814047651572654019e+00
7.000000000000000000e+00 7.298553414421199648e+00
7.000000000000000000e+00 7.298553414421199648e+00
7.000000000000000000e+00 7.298553414421199648e+00
7.000000000000000000e+00 7.298553414421199648e+00
7.000000000000000000e+00 7.298553414421199648e+00
7.000000000000000000e+00 7.298553414421199648e+00
7.000000000000000000e+00 4.870199403416580197e-01
7.000000000000000000e+00 4.870199403416580197e-01
7.000000000000000000e+00 4.870199403416580197e-01
7.000000000000000000e+00 4.870199403416580197e-01
7.000000000000000000e+00 4.870199403416580197e-01
7.000000000000000000e+00 4.870199403416580197e-01
7.000000000000000000e+00 4.870199403416580197e-01
7.000000000000000000e+00 4.870199403416580197e-01
7.000000000000000000e+00 4.870199403416580197e-01
7.000000000000000000e+00 4.870199403416580197e-01
7.000000000000000000e+00 4.870199403416580197e-01
7.000000000000000000e+00 4.870199403416580197e-01
7.000000000000000000e+00 4.870199403416580197e-01
7.000000000000000000e+00 4.870199403416580197e-01
7.000000000000000000e+00 4.870199403416580197e-01
7.000000000000000000e+00 4.870199403416580197e-01
7.000000000000000000e+00 4.870199403416580197e-01
8.000000000000000000e+00 6.694152614159872883e+01
8.000000000000000000e+00 2.001440048961437768e+01
8.000000000000000000e+00 1.267741370127487954e+01
8.000000000000000000e+00 1.267741370127487954e+01
8.000000000000000000e+00 9.866920758548461734e+00
8.000000000000000000e+00 9.866920758548461734e+00
8.000000000000000000e+00 9.866920758548461734e+00
8.000000000000000000e+00 9.866920758548461734e+00
8.000000000000000000e+00 9.866920758548461734e+00
8.000000000000000000e+00 9.866920758548461734e+00
8.000000000000000000e+00 9.866920758548461734e+00
8.000000000000000000e+00 5.809473855550799648e+00
8.000000000000000000e+00 2.743005098551520859e+00
8.000000000000000000e+00 2.743005098551520859e+00
8.000000000000000000e+00 2.212777396515734019e+00
8.000000000000000000e+00 2.212777396515734019e+00
9.000000000000000000e+00 8.689003074261182746e+01
9.000000000000000000e+00 2.956769536343212579e+01
9.000000000000000000e+00 1.649317634018020939e+01
9.000000000000000000e+00 1.649317634018020939e+01
9.000000000000000000e+00 1.649317634018020939e+01
9.000000000000000000e+00 1.649317634018020939e+01
9.000000000000000000e+00 1.649317634018020939e+01
9.000000000000000000e+00 1.649317634018020939e+01
9.000000000000000000e+00 1.649317634018020939e+01
9.000000000000000000e+00 1.649317634018020939e+01
9.000000000000000000e+00 1.649317634018020939e+01
9.000000000000000000e+00 1.071844723635130281e+00
9.000000000000000000e+00 1.071844723635130281e+00
9.000000000000000000e+00 1.071844723635130281e+00
9.000000000000000000e+00 1.071844723635130281e+00
9.000000000000000000e+00 1.071844723635130281e+00
9.000000000000000000e+00 1.071844723635130281e+00
9.000000000000000000e+00 1.071844723635130281e+00
