0.000000000000000000e+00 1.400000000000000000e+01
0.000000000000000000e+00 -3.560809378227790534e-01
0.000000000000000000e+00 -8.008491249883711305e-01
0.000000000000000000e+00 -8.950661247317308611e-01
0.000000000000000000e+00 -8.950661247317308611e-01
0.000000000000000000e+00 -8.950661247317308611e-01
0.000000000000000000e+00 -8.950661247317308611e-01
0.000000000000000000e+00 -8.950661247317308611e-01
0.000000000000000000e+00 -2.332719113445276271e+00
0.000000000000000000e+00 -2.332719113445276271e+00
0.000000000000000000e+00 -3.922872857577021755e+00
0.000000000000000000e+00 -4.049141364271806154e+00
0.000000000000000000e+00 -4.053384122957454316e+00
0.000000000000000000e+00 -4.080857831656453882e+00
0.000000000000000000e+00 -5.737876737097030500e+00
0.000000000000000000e+00 -6.617362573942081383e+00
0.000000000000000000e+00 -7.755384403450903186e+00
0.000000000000000000e+00 -7.755384403450903186e+00
0.000000000000000000e+00 -7.755384403450903186e+00
0.000000000000000000e+00 -7.792427683208314804e+00
0.000000000000000000e+00 -7.792427683208314804e+00
0.000000000000000000e+00 -7.792427683208314804e+00
0.000000000000000000e+00 -7.792427683208314804e+00
0.000000000000000000e+00 -7.792427683208314804e+00
0.000000000000000000e+00 -7.910004555552069938e+00
0.000000000000000000e+00 -7.910004555552069938e+00
0.000000000000000000e+00 -7.910004555552069938e+00
0.000000000000000000e+00 -7.910004555552069938e+00
0.000000000000000000e+00 -7.910004555552069938e+00
0.000000000000000000e+00 -7.910004555552069938e+00
0.000000000000000000e+00 -7.910004555552069938e+00
1.000000000000000000e+00 -6.373368245195634607e+00
1.000000000000000000e+00 -6.373368245195634607e+00
1.000000000000000000e+00 -6.373368245195634607e+00
1.000000000000000000e+00 -6.373368245195634607e+00
1.000000000000000000e+00 -6.373368245195634607e+00
1.000000000000000000e+00 -6.373368245195634607e+00
1.000000000000000000e+00 -6.373368245195634607e+00
1.000000000000000000e+00 -6.373368245195634607e+00
1.000000000000000000e+00 -6.373368245195634607e+00
1.000000000000000000e+00 -6.373368245195634607e+00
1.000000000000000000e+00 -6.373368245195634607e+00
1.000000000000000000e+00 -7.555294423256412983e+00
1.000000000000000000e+00 -7.555294423256412983e+00
1.000000000000000000e+00 -7.555294423256412983e+00
1.000000000000000000e+00 -7.555294423256412983e+00
1.000000000000000000e+00 -7.555294423256412983e+00
1.000000000000000000e+00 -7.555294423256412983e+00
1.000000000000000000e+00 -7.555294423256412983e+00
1.000000000000000000e+00 -7.555294423256412983e+00
1.000000000000000000e+00 -7.555294423256412983e+00
1.000000000000000000e+00 -7.555294423256412983e+00
1.000000000000000000e+00 -7.834186917441193998e+00
1.000000000000000000e+00 -7.834186917441193998e+00
1.000000000000000000e+00 -7.834186917441193998e+00
1.000000000000000000e+00 -7.834186917441193998e+00
1.000000000000000000e+00 -7.834186917441193998e+00
1.000000000000000000e+00 -7.834186917441193998e+00
1.000000000000000000e+00 -7.834186917441193998e+00
1.000000000000000000e+00 -7.834186917441193998e+00
1.000000000000000000e+00 -7.834186917441193998e+00
2.000000000000000000e+00 -1.939754891392870273e-01
2.000000000000000000e+00 -1.939754891392870273e-01
2.000000000000000000e+00 -3.990686639502913469e+00
2.000000000000000000e+00 -3.990686639502913469e+00
2.000000000000000000e+00 -3.990686639502913469e+00
2.000000000000000000e+00 -3.990686639502913469e+00
2.000000000000000000e+00 -3.990686639502913469e+00
2.000000000000000000e+00 -3.990686639502913469e+00
2.000000000000000000e+00 -3.990686639502913469e+00
2.000000000000000000e+00 -3.990686639502913469e+00
2.000000000000000000e+00 -4.885340752823804422e+00
2.000000000000000000e+00 -4.885340752823804422e+00
2.000000000000000000e+00 -4.885340752823804422e+00
2.000000000000000000e+00 -4.885340752823804422e+00
2.000000000000000000e+00 -4.885340752823804422e+00
2.000000000000000000e+00 -4.885340752823804422e+00
2.000000000000000000e+00 -4.885340752823804422e+00
2.000000000000000000e+00 -4.885340752823804422e+00
2.000000000000000000e+00 -4.885340752823804422e+00
2.000000000000000000e+00 -4.885340752823804422e+00
2.000000000000000000e+00 -4.885340752823804422e+00
2.000000000000000000e+00 -5.035018843633719321e+00
2.000000000000000000e+00 -6.610582758550200388e+00
2.000000000000000000e+00 -7.325315121317492739e+00
2.000000000000000000e+00 -7.325315121317492739e+00
2.000000000000000000e+00 -7.325315121317492739e+00
2.000000000000000000e+00 -7.325315121317492739e+00
2.000000000000000000e+00 -7.325315121317492739e+00
2.000000000000000000e+00 -7.325315121317492739e+00
2.000000000000000000e+00 -7.325315121317492739e+00
3.000000000000000000e+00 1.046523043412193710e+00
3.000000000000000000e+00 1.046523043412193710e+00
3.000000000000000000e+00 -9.708972605838385173e-01
3.000000000000000000e+00 -4.373579018827888909e+00
3.000000000000000000e+00 -4.373579018827888909e+00
3.000000000000000000e+00 -4.373579018827888909e+00
3.000000000000000000e+00 -4.373579018827888909e+00
3.000000000000000000e+00 -4.373579018827888909e+00
3.000000000000000000e+00 -4.373579018827888909e+00
3.000000000000000000e+00 -4.373579018827888909e+00
3.000000000000000000e+00 -4.741508411855996030e+00
3.000000000000000000e+00 -4.741508411855996030e+00
3.000000000000000000e+00 -4.741508411855996030e+00
3.000000000000000000e+00 -4.741508411855996030e+00
3.000000000000000000e+00 -4.741508411855996030e+00
3.000000000000000000e+00 -4.741508411855996030e+00
3.000000000000000000e+00 -4.741508411855996030e+00
3.000000000000000000e+00 -4.741508411855996030e+00
3.000000000000000000e+00 -4.741508411855996030e+00
3.000000000000000000e+00 -4.741508411855996030e+00
3.000000000000000000e+00 -4.741508411855996030e+00
3.000000000000000000e+00 -4.741508411855996030e+00
3.000000000000000000e+00 -4.741508411855996030e+00
3.000000000000000000e+00 -4.741508411855996030e+00
3.000000000000000000e+00 -4.741508411855996030e+00
3.000000000000000000e+00 -4.741508411855996030e+00
3.000000000000000000e+00 -4.741508411855996030e+00
3.000000000000000000e+00 -4.741508411855996030e+00
3.000000000000000000e+00 -4.741508411855996030e+00
3.000000000000000000e+00 -4.741508411855996030e+00
4.000000000000000000e+00 4.054561199088965395e+00
4.000000000000000000e+00 4.054561199088965395e+00
4.000000000000000000e+00 -1.458878055761909431e+00
4.000000000000000000e+00 -1.458878055761909431e+00
4.000000000000000000e+00 -1.533452884355861912e+00
4.000000000000000000e+00 -1.533452884355861912e+00
4.000000000000000000e+00 -1.533452884355861912e+00
4.000000000000000000e+00 -2.150201303450731238e+00
4.000000000000000000e+00 -2.150201303450731238e+00
4.000000000000000000e+00 -2.150201303450731238e+00
4.000000000000000000e+00 -2.150201303450731238e+00
4.000000000000000000e+00 -6.548265141907677389e+00
4.000000000000000000e+00 -6.548265141907677389e+00
4.000000000000000000e+00 -6.548265141907677389e+00
4.000000000000000000e+00 -6.548265141907677389e+00
4.000000000000000000e+00 -7.829844338058820519e+00
4.000000000000000000e+00 -7.829844338058820519e+00
4.000000000000000000e+00 -7.829844338058820519e+00
4.000000000000000000e+00 -7.829844338058820519e+00
4.000000000000000000e+00 -7.829844338058820519e+00
4.000000000000000000e+00 -7.829844338058820519e+00
4.000000000000000000e+00 -7.829844338058820519e+00
4.000000000000000000e+00 -7.829844338058820519e+00
4.000000000000000000e+00 -7.829844338058820519e+00
4.000000000000000000e+00 -7.829844338058820519e+00
4.000000000000000000e+00 -7.829844338058820519e+00
4.000000000000000000e+00 -7.829844338058820519e+00
4.000000000000000000e+00 -7.829844338058820519e+00
4.000000000000000000e+00 -7.829844338058820519e+00
4.000000000000000000e+00 -7.930508337704893052e+00
5.000000000000000000e+00 -3.250176662809408423e+00
5.000000000000000000e+00 -3.250176662809408423e+00
5.000000000000000000e+00 -3.250176662809408423e+00
5.000000000000000000e+00 -3.250176662809408423e+00
5.000000000000000000e+00 -3.250176662809408423e+00
5.000000000000000000e+00 -3.250176662809408423e+00
5.000000000000000000e+00 -3.373265277733793699e+00
5.000000000000000000e+00 -3.373265277733793699e+00
5.000000000000000000e+00 -3.373265277733793699e+00
5.000000000000000000e+00 -3.373265277733793699e+00
5.000000000000000000e+00 -3.373265277733793699e+00
5.000000000000000000e+00 -3.373265277733793699e+00
5.000000000000000000e+00 -3.373265277733793699e+00
5.000000000000000000e+00 -3.638980028915372866e+00
5.000000000000000000e+00 -3.638980028915372866e+00
5.000000000000000000e+00 -3.638980028915372866e+00
5.000000000000000000e+00 -3.638980028915372866e+00
5.000000000000000000e+00 -3.638980028915372866e+00
5.000000000000000000e+00 -6.934219482439204718e+00
5.000000000000000000e+00 -6.934219482439204718e+00
5.000000000000000000e+00 -6.934219482439204718e+00
5.000000000000000000e+00 -6.934219482439204718e+00
5.000000000000000000e+00 -7.579536121794929748e+00
5.000000000000000000e+00 -7.579536121794929748e+00
5.000000000000000000e+00 -7.579536121794929748e+00
5.000000000000000000e+00 -7.579536121794929748e+00
5.000000000000000000e+00 -7.579536121794929748e+00
5.000000000000000000e+00 -7.969496598478650995e+00
5.000000000000000000e+00 -7.969496598478650995e+00
5.000000000000000000e+00 -7.969496598478650995e+00
6.000000000000000000e+00 -7.608338067958110296e-01
6.000000000000000000e+00 -7.608338067958110296e-01
6.000000000000000000e+00 -1.760228819834106284e+00
6.000000000000000000e+00 -1.760228819834106284e+00
6.000000000000000000e+00 -1.760228819834106284e+00
6.000000000000000000e+00 -1.760228819834106284e+00
6.000000000000000000e+00 -2.389884379559227057e+00
6.000000000000000000e+00 -2.389884379559227057e+00
6.000000000000000000e+00 -2.389884379559227057e+00
6.000000000000000000e+00 -2.389884379559227057e+00
6.000000000000000000e+00 -3.679205695209543769e+00
6.000000000000000000e+00 -3.679205695209543769e+00
6.000000000000000000e+00 -3.679205695209543769e+00
6.000000000000000000e+00 -3.679205695209543769e+00
6.000000000000000000e+00 -3.679205695209543769e+00
6.000000000000000000e+00 -3.779721715513669533e+00
6.000000000000000000e+00 -3.779721715513669533e+00
6.000000000000000000e+00 -3.779721715513669533e+00
6.000000000000000000e+00 -3.779721715513669533e+00
6.000000000000000000e+00 -3.779721715513669533e+00
6.000000000000000000e+00 -3.779721715513669533e+00
6.000000000000000000e+00 -3.779721715513669533e+00
6.000000000000000000e+00 -3.779721715513669533e+00
6.000000000000000000e+00 -3.779721715513669533e+00
6.000000000000000000e+00 -3.779721715513669533e+00
6.000000000000000000e+00 -3.779721715513669533e+00
6.000000000000000000e+00 -3.779721715513669533e+00
6.000000000000000000e+00 -3.779721715513669533e+00
6.000000000000000000e+00 -3.779721715513669533e+00
6.000000000000000000e+00 -3.779721715513669533e+00
7.000000000000000000e+00 1.221456857374600746e+00
7.000000000000000000e+00 -1.966659267276464673e+00
7.000000000000000000e+00 -1.966659267276464673e+00
7.000000000000000000e+00 -5.293403373750284580e+00
7.000000000000000000e+00 -5.293403373750284580e+00
7.000000000000000000e+00 -7.672671320358380065e+00
7.000000000000000000e+00 -7.672671320358380065e+00
7.000000000000000000e+00 -7.672671320358380065e+00
7.000000000000000000e+00 -7.672671320358380065e+00
7.000000000000000000e+00 -7.672671320358380065e+00
7.000000000000000000e+00 -7.672671320358380065e+00
7.000000000000000000e+00 -7.672671320358380065e+00
7.000000000000000000e+00 -7.672671320358380065e+00
7.000000000000000000e+00 -7.672671320358380065e+00
7.000000000000000000e+00 -7.672671320358380065e+00
7.000000000000000000e+00 -7.672671320358380065e+00
7.000000000000000000e+00 -7.672671320358380065e+00
7.000000000000000000e+00 -7.672671320358380065e+00
7.000000000000000000e+00 -7.672671320358380065e+00
7.000000000000000000e+00 -7.672671320358380065e+00
7.000000000000000000e+00 -7.672671320358380065e+00
7.000000000000000000e+00 -7.672671320358380065e+00
7.000000000000000000e+00 -7.672671320358380065e+00
7.000000000000000000e+00 -7.672671320358380065e+00
7.000000000000000000e+00 -7.672671320358380065e+00
7.000000000000000000e+00 -7.672671320358380065e+00
7.000000000000000000e+00 -7.672671320358380065e+00
7.000000000000000000e+00 -7.672671320358380065e+00
7.000000000000000000e+00 -7.672671320358380065e+00
7.000000000000000000e+00 -7.672671320358380065e+00
8.000000000000000000e+00 7.478010861063706383e-01
8.000000000000000000e+00 -1.207044190653830729e+00
8.000000000000000000e+00 -1.207044190653830729e+00
8.000000000000000000e+00 -2.486068660647179129e+00
8.000000000000000000e+00 -2.486068660647179129e+00
8.000000000000000000e+00 -2.486068660647179129e+00
8.000000000000000000e+00 -2.486068660647179129e+00
8.000000000000000000e+00 -2.486068660647179129e+00
8.000000000000000000e+00 -2.486068660647179129e+00
8.000000000000000000e+00 -2.486068660647179129e+00
8.000000000000000000e+00 -2.486068660647179129e+00
8.000000000000000000e+00 -2.486068660647179129e+00
8.000000000000000000e+00 -2.553849638416554768e+00
8.000000000000000000e+00 -2.864970801901723263e+00
8.000000000000000000e+00 -3.624587925791870724e+00
8.000000000000000000e+00 -3.624587925791870724e+00
8.000000000000000000e+00 -3.624587925791870724e+00
8.000000000000000000e+00 -3.722773075136628584e+00
8.000000000000000000e+00 -3.722773075136628584e+00
8.000000000000000000e+00 -3.722773075136628584e+00
8.000000000000000000e+00 -3.722773075136628584e+00
8.000000000000000000e+00 -3.722773075136628584e+00
8.000000000000000000e+00 -3.722773075136628584e+00
8.000000000000000000e+00 -3.722773075136628584e+00
8.000000000000000000e+00 -3.722773075136628584e+00
8.000000000000000000e+00 -3.722773075136628584e+00
8.000000000000000000e+00 -3.722773075136628584e+00
8.000000000000000000e+00 -3.722773075136628584e+00
8.000000000000000000e+00 -3.722773075136628584e+00
8.000000000000000000e+00 -3.722773075136628584e+00
9.000000000000000000e+00 3.768057086580713366e-01
9.000000000000000000e+00 -3.742755863968015628e+00
9.000000000000000000e+00 -3.742755863968015628e+00
9.000000000000000000e+00 -3.742755863968015628e+00
9.000000000000000000e+00 -3.742755863968015628e+00
9.000000000000000000e+00 -5.394310213584913249e+00
9.000000000000000000e+00 -5.394310213584913249e+00
9.000000000000000000e+00 -5.394310213584913249e+00
9.000000000000000000e+00 -5.394310213584913249e+00
9.000000000000000000e+00 -5.394310213584913249e+00
9.000000000000000000e+00 -6.789947618758813697e+00
9.000000000000000000e+00 -7.803026432642802490e+00
9.000000000000000000e+00 -7.803026432642802490e+00
9.000000000000000000e+00 -7.803026432642802490e+00
9.000000000000000000e+00 -7.811858795102652131e+00
9.000000000000000000e+00 -7.811858795102652131e+00
9.000000000000000000e+00 -7.811858795102652131e+00
9.000000000000000000e+00 -7.811858795102652131e+00
9.000000000000000000e+00 -7.811858795102652131e+00
9.000000000000000000e+00 -7.811858795102652131e+00
9.000000000000000000e+00 -7.811858795102652131e+00
9.000000000000000000e+00 -7.811858795102652131e+00
9.000000000000000000e+00 -7.811858795102652131e+00
9.000000000000000000e+00 -7.811858795102652131e+00
9.000000000000000000e+00 -7.811858795102652131e+00
9.000000000000000000e+00 -7.811858795102652131e+00
9.000000000000000000e+00 -7.811858795102652131e+00
9.000000000000000000e+00 -7.811858795102652131e+00
9.000000000000000000e+00 -7.811858795102652131e+00
9.000000000000000000e+00 -7.811858795102652131e+00
