6.930271131569341242e-310 1.116476265987488728e-315
0.000000000000000000e+00 4.315556590560849504e-01
0.000000000000000000e+00 1.309238124432152706e-01
0.000000000000000000e+00 1.309238124432152706e-01
0.000000000000000000e+00 1.309238124432152706e-01
0.000000000000000000e+00 3.867452381046455889e-02
0.000000000000000000e+00 3.867452381046455889e-02
0.000000000000000000e+00 3.867452381046455889e-02
0.000000000000000000e+00 3.867452381046455889e-02
0.000000000000000000e+00 3.867452381046455889e-02
0.000000000000000000e+00 3.867452381046455889e-02
0.000000000000000000e+00 3.867452381046455889e-02
0.000000000000000000e+00 3.867452381046455889e-02
0.000000000000000000e+00 3.867452381046455889e-02
0.000000000000000000e+00 1.586157362567747892e-02
0.000000000000000000e+00 -7.083679893117270088e-02
0.000000000000000000e+00 -7.083679893117270088e-02
0.000000000000000000e+00 -7.083679893117270088e-02
0.000000000000000000e+00 -7.083679893117270088e-02
0.000000000000000000e+00 -7.600372646004413535e-02
0.000000000000000000e+00 -7.600372646004413535e-02
0.000000000000000000e+00 -1.249546328597192502e-01
0.000000000000000000e+00 -1.249546328597192502e-01
0.000000000000000000e+00 -1.527859394789546355e-01
0.000000000000000000e+00 -1.527859394789546355e-01
0.000000000000000000e+00 -1.527859394789546355e-01
0.000000000000000000e+00 -1.527859394789546355e-01
0.000000000000000000e+00 -1.527859394789546355e-01
0.000000000000000000e+00 -1.527859394789546355e-01
0.000000000000000000e+00 -1.527859394789546355e-01
0.000000000000000000e+00 -1.527859394789546355e-01
1.000000000000000000e+00 3.215975666021789192e-01
1.000000000000000000e+00 3.215975666021789192e-01
1.000000000000000000e+00 3.215975666021789192e-01
1.000000000000000000e+00 3.215975666021789192e-01
1.000000000000000000e+00 3.215975666021789192e-01
1.000000000000000000e+00 1.850807775299546931e-01
1.000000000000000000e+00 1.850807775299546931e-01
1.000000000000000000e+00 1.850807775299546931e-01
1.000000000000000000e+00 1.850807775299546931e-01
1.000000000000000000e+00 1.166855824287874460e-01
1.000000000000000000e+00 -9.384127102758266226e-03
1.000000000000000000e+00 -2.934741587252426287e-02
1.000000000000000000e+00 -2.934741587252426287e-02
1.000000000000000000e+00 -2.934741587252426287e-02
1.000000000000000000e+00 -2.934741587252426287e-02
1.000000000000000000e+00 -2.934741587252426287e-02
1.000000000000000000e+00 -2.934741587252426287e-02
1.000000000000000000e+00 -1.696708290164671840e-01
1.000000000000000000e+00 -1.696708290164671840e-01
1.000000000000000000e+00 -1.696708290164671840e-01
1.000000000000000000e+00 -1.696708290164671840e-01
1.000000000000000000e+00 -1.696708290164671840e-01
1.000000000000000000e+00 -1.696708290164671840e-01
1.000000000000000000e+00 -1.696708290164671840e-01
1.000000000000000000e+00 -1.696708290164671840e-01
1.000000000000000000e+00 -1.696708290164671840e-01
1.000000000000000000e+00 -1.696708290164671840e-01
1.000000000000000000e+00 -1.696708290164671840e-01
1.000000000000000000e+00 -1.696708290164671840e-01
1.000000000000000000e+00 -1.696708290164671840e-01
2.000000000000000000e+00 2.500308020888003524e-01
2.000000000000000000e+00 2.500308020888003524e-01
2.000000000000000000e+00 1.811396903045732476e-02
2.000000000000000000e+00 1.811396903045732476e-02
2.000000000000000000e+00 1.811396903045732476e-02
2.000000000000000000e+00 1.811396903045732476e-02
2.000000000000000000e+00 1.811396903045732476e-02
2.000000000000000000e+00 1.811396903045732476e-02
2.000000000000000000e+00 1.811396903045732476e-02
2.000000000000000000e+00 1.811396903045732476e-02
2.000000000000000000e+00 -2.689333741500932184e-03
2.000000000000000000e+00 -2.689333741500932184e-03
2.000000000000000000e+00 -2.689333741500932184e-03
2.000000000000000000e+00 -2.689333741500932184e-03
2.000000000000000000e+00 -2.689333741500932184e-03
2.000000000000000000e+00 -2.689333741500932184e-03
2.000000000000000000e+00 -2.689333741500932184e-03
2.000000000000000000e+00 -2.689333741500932184e-03
2.000000000000000000e+00 -2.689333741500932184e-03
2.000000000000000000e+00 -2.689333741500932184e-03
2.000000000000000000e+00 -2.689333741500932184e-03
2.000000000000000000e+00 -5.897288777036680668e-02
2.000000000000000000e+00 -5.897288777036680668e-02
2.000000000000000000e+00 -5.897288777036680668e-02
2.000000000000000000e+00 -5.897288777036680668e-02
2.000000000000000000e+00 -5.897288777036680668e-02
2.000000000000000000e+00 -5.897288777036680668e-02
2.000000000000000000e+00 -1.519224213736461437e-01
2.000000000000000000e+00 -1.519224213736461437e-01
2.000000000000000000e+00 -1.519224213736461437e-01
3.000000000000000000e+00 8.858124203443427103e-01
3.000000000000000000e+00 1.048245003463224578e-01
3.000000000000000000e+00 1.048245003463224578e-01
3.000000000000000000e+00 1.959251006765125314e-02
3.000000000000000000e+00 1.959251006765125314e-02
3.000000000000000000e+00 1.959251006765125314e-02
3.000000000000000000e+00 1.959251006765125314e-02
3.000000000000000000e+00 1.959251006765125314e-02
3.000000000000000000e+00 1.959251006765125314e-02
3.000000000000000000e+00 1.959251006765125314e-02
3.000000000000000000e+00 -2.059217192370488836e-01
3.000000000000000000e+00 -2.059217192370488836e-01
3.000000000000000000e+00 -2.059217192370488836e-01
3.000000000000000000e+00 -2.059217192370488836e-01
3.000000000000000000e+00 -2.059217192370488836e-01
3.000000000000000000e+00 -2.059217192370488836e-01
3.000000000000000000e+00 -2.059217192370488836e-01
3.000000000000000000e+00 -2.059217192370488836e-01
3.000000000000000000e+00 -2.059217192370488836e-01
3.000000000000000000e+00 -2.059217192370488836e-01
3.000000000000000000e+00 -2.059217192370488836e-01
3.000000000000000000e+00 -2.059217192370488836e-01
3.000000000000000000e+00 -2.059217192370488836e-01
3.000000000000000000e+00 -2.059217192370488836e-01
3.000000000000000000e+00 -2.059217192370488836e-01
3.000000000000000000e+00 -2.059217192370488836e-01
3.000000000000000000e+00 -2.059217192370488836e-01
3.000000000000000000e+00 -2.059217192370488836e-01
3.000000000000000000e+00 -2.059217192370488836e-01
3.000000000000000000e+00 -2.059217192370488836e-01
4.000000000000000000e+00 3.316233373581200516e-01
4.000000000000000000e+00 3.316233373581200516e-01
4.000000000000000000e+00 -3.960748787297152518e-02
4.000000000000000000e+00 -3.960748787297152518e-02
4.000000000000000000e+00 -3.960748787297152518e-02
4.000000000000000000e+00 -3.960748787297152518e-02
4.000000000000000000e+00 -3.960748787297152518e-02
4.000000000000000000e+00 -3.960748787297152518e-02
4.000000000000000000e+00 -3.960748787297152518e-02
4.000000000000000000e+00 -3.960748787297152518e-02
4.000000000000000000e+00 -3.960748787297152518e-02
4.000000000000000000e+00 -1.042441406155494715e-01
4.000000000000000000e+00 -1.042441406155494715e-01
4.000000000000000000e+00 -1.042441406155494715e-01
4.000000000000000000e+00 -1.042441406155494715e-01
4.000000000000000000e+00 -1.042441406155494715e-01
4.000000000000000000e+00 -1.042441406155494715e-01
4.000000000000000000e+00 -1.042441406155494715e-01
4.000000000000000000e+00 -1.042441406155494715e-01
4.000000000000000000e+00 -1.042441406155494715e-01
4.000000000000000000e+00 -1.042441406155494715e-01
4.000000000000000000e+00 -1.042441406155494715e-01
4.000000000000000000e+00 -1.042441406155494715e-01
4.000000000000000000e+00 -1.101677771900194530e-01
4.000000000000000000e+00 -1.101677771900194530e-01
4.000000000000000000e+00 -2.080429728715812998e-01
4.000000000000000000e+00 -2.080429728715812998e-01
4.000000000000000000e+00 -2.080429728715812998e-01
4.000000000000000000e+00 -2.080429728715812998e-01
4.000000000000000000e+00 -2.080429728715812998e-01
5.000000000000000000e+00 7.103079142632543475e-01
5.000000000000000000e+00 2.512850614549289041e-01
5.000000000000000000e+00 2.512850614549289041e-01
5.000000000000000000e+00 1.888537761481331734e-01
5.000000000000000000e+00 1.888537761481331734e-01
5.000000000000000000e+00 7.745215882362377346e-02
5.000000000000000000e+00 7.745215882362377346e-02
5.000000000000000000e+00 7.745215882362377346e-02
5.000000000000000000e+00 7.745215882362377346e-02
5.000000000000000000e+00 7.745215882362377346e-02
5.000000000000000000e+00 7.745215882362377346e-02
5.000000000000000000e+00 -1.577469173822482196e-02
5.000000000000000000e+00 -1.577469173822482196e-02
5.000000000000000000e+00 -5.025319319594892531e-02
5.000000000000000000e+00 -5.025319319594892531e-02
5.000000000000000000e+00 -2.179847288940641448e-01
5.000000000000000000e+00 -2.179847288940641448e-01
5.000000000000000000e+00 -2.179847288940641448e-01
5.000000000000000000e+00 -2.179847288940641448e-01
5.000000000000000000e+00 -2.179847288940641448e-01
5.000000000000000000e+00 -2.179847288940641448e-01
5.000000000000000000e+00 -2.179847288940641448e-01
5.000000000000000000e+00 -2.179847288940641448e-01
5.000000000000000000e+00 -2.179847288940641448e-01
5.000000000000000000e+00 -2.179847288940641448e-01
5.000000000000000000e+00 -2.179847288940641448e-01
5.000000000000000000e+00 -2.179847288940641448e-01
5.000000000000000000e+00 -2.179847288940641448e-01
5.000000000000000000e+00 -2.179847288940641448e-01
5.000000000000000000e+00 -2.674837635360322041e-01
6.000000000000000000e+00 5.063036208341238353e-01
6.000000000000000000e+00 4.252623219821445866e-01
6.000000000000000000e+00 4.252623219821445866e-01
6.000000000000000000e+00 4.252623219821445866e-01
6.000000000000000000e+00 4.252623219821445866e-01
6.000000000000000000e+00 2.158719717229951873e-01
6.000000000000000000e+00 2.158719717229951873e-01
6.000000000000000000e+00 2.158719717229951873e-01
6.000000000000000000e+00 -9.137831853433155127e-02
6.000000000000000000e+00 -9.137831853433155127e-02
6.000000000000000000e+00 -9.137831853433155127e-02
6.000000000000000000e+00 -9.137831853433155127e-02
6.000000000000000000e+00 -9.137831853433155127e-02
6.000000000000000000e+00 -9.137831853433155127e-02
6.000000000000000000e+00 -9.137831853433155127e-02
6.000000000000000000e+00 -9.137831853433155127e-02
6.000000000000000000e+00 -9.137831853433155127e-02
6.000000000000000000e+00 -9.137831853433155127e-02
6.000000000000000000e+00 -9.137831853433155127e-02
6.000000000000000000e+00 -9.137831853433155127e-02
6.000000000000000000e+00 -9.137831853433155127e-02
6.000000000000000000e+00 -9.137831853433155127e-02
6.000000000000000000e+00 -9.137831853433155127e-02
6.000000000000000000e+00 -9.438254291381548144e-02
6.000000000000000000e+00 -9.438254291381548144e-02
6.000000000000000000e+00 -9.438254291381548144e-02
6.000000000000000000e+00 -9.438254291381548144e-02
6.000000000000000000e+00 -9.438254291381548144e-02
6.000000000000000000e+00 -9.438254291381548144e-02
6.000000000000000000e+00 -9.438254291381548144e-02
7.000000000000000000e+00 5.204524255584879189e-01
7.000000000000000000e+00 5.204524255584879189e-01
7.000000000000000000e+00 2.926431732563875010e-01
7.000000000000000000e+00 2.926431732563875010e-01
7.000000000000000000e+00 2.926431732563875010e-01
7.000000000000000000e+00 2.223146331344614257e-01
7.000000000000000000e+00 2.223146331344614257e-01
7.000000000000000000e+00 2.223146331344614257e-01
7.000000000000000000e+00 2.223146331344614257e-01
7.000000000000000000e+00 2.223146331344614257e-01
7.000000000000000000e+00 2.223146331344614257e-01
7.000000000000000000e+00 4.689609869978419998e-02
7.000000000000000000e+00 4.689609869978419998e-02
7.000000000000000000e+00 -2.575057703701514808e-02
7.000000000000000000e+00 -1.046961962531839374e-01
7.000000000000000000e+00 -1.046961962531839374e-01
7.000000000000000000e+00 -1.046961962531839374e-01
7.000000000000000000e+00 -1.046961962531839374e-01
7.000000000000000000e+00 -1.046961962531839374e-01
7.000000000000000000e+00 -1.046961962531839374e-01
7.000000000000000000e+00 -1.046961962531839374e-01
7.000000000000000000e+00 -1.046961962531839374e-01
7.000000000000000000e+00 -1.046961962531839374e-01
7.000000000000000000e+00 -1.046961962531839374e-01
7.000000000000000000e+00 -1.046961962531839374e-01
7.000000000000000000e+00 -1.046961962531839374e-01
7.000000000000000000e+00 -1.046961962531839374e-01
7.000000000000000000e+00 -1.046961962531839374e-01
7.000000000000000000e+00 -1.046961962531839374e-01
7.000000000000000000e+00 -1.046961962531839374e-01
8.000000000000000000e+00 5.595505399813035519e-01
8.000000000000000000e+00 2.189397570160532269e-01
8.000000000000000000e+00 2.189397570160532269e-01
8.000000000000000000e+00 2.189397570160532269e-01
8.000000000000000000e+00 2.189397570160532269e-01
8.000000000000000000e+00 2.189397570160532269e-01
8.000000000000000000e+00 2.189397570160532269e-01
8.000000000000000000e+00 1.812831033497263045e-01
8.000000000000000000e+00 1.812831033497263045e-01
8.000000000000000000e+00 1.812831033497263045e-01
8.000000000000000000e+00 -3.964601141308492574e-03
8.000000000000000000e+00 -3.964601141308492574e-03
8.000000000000000000e+00 -3.964601141308492574e-03
8.000000000000000000e+00 -3.754487042781147477e-02
8.000000000000000000e+00 -3.754487042781147477e-02
8.000000000000000000e+00 -3.754487042781147477e-02
8.000000000000000000e+00 -3.754487042781147477e-02
8.000000000000000000e+00 -3.754487042781147477e-02
8.000000000000000000e+00 -3.754487042781147477e-02
8.000000000000000000e+00 -3.754487042781147477e-02
8.000000000000000000e+00 -3.754487042781147477e-02
8.000000000000000000e+00 -3.754487042781147477e-02
8.000000000000000000e+00 -3.754487042781147477e-02
8.000000000000000000e+00 -4.662462939523833588e-02
8.000000000000000000e+00 -4.662462939523833588e-02
8.000000000000000000e+00 -4.662462939523833588e-02
8.000000000000000000e+00 -4.662462939523833588e-02
8.000000000000000000e+00 -4.662462939523833588e-02
8.000000000000000000e+00 -4.662462939523833588e-02
8.000000000000000000e+00 -4.662462939523833588e-02
9.000000000000000000e+00 9.668981048896061470e-01
9.000000000000000000e+00 3.103574584211444831e-01
9.000000000000000000e+00 3.103574584211444831e-01
9.000000000000000000e+00 3.103574584211444831e-01
9.000000000000000000e+00 3.103574584211444831e-01
9.000000000000000000e+00 3.103574584211444831e-01
9.000000000000000000e+00 3.103574584211444831e-01
9.000000000000000000e+00 1.060560872751089984e-01
9.000000000000000000e+00 1.060560872751089984e-01
9.000000000000000000e+00 1.060560872751089984e-01
9.000000000000000000e+00 1.060560872751089984e-01
9.000000000000000000e+00 -9.275764183266996254e-02
9.000000000000000000e+00 -9.275764183266996254e-02
9.000000000000000000e+00 -9.275764183266996254e-02
9.000000000000000000e+00 -9.275764183266996254e-02
9.000000000000000000e+00 -9.275764183266996254e-02
9.000000000000000000e+00 -9.275764183266996254e-02
9.000000000000000000e+00 -9.275764183266996254e-02
9.000000000000000000e+00 -9.275764183266996254e-02
9.000000000000000000e+00 -9.275764183266996254e-02
9.000000000000000000e+00 -9.275764183266996254e-02
9.000000000000000000e+00 -9.275764183266996254e-02
9.000000000000000000e+00 -9.275764183266996254e-02
9.000000000000000000e+00 -9.275764183266996254e-02
9.000000000000000000e+00 -9.275764183266996254e-02
9.000000000000000000e+00 -9.275764183266996254e-02
9.000000000000000000e+00 -9.275764183266996254e-02
9.000000000000000000e+00 -9.275764183266996254e-02
9.000000000000000000e+00 -9.275764183266996254e-02
9.000000000000000000e+00 -9.275764183266996254e-02
