6.930271131569341242e-310 4.235216090694766744e-316
0.000000000000000000e+00 2.329043161790366412e+00
0.000000000000000000e+00 5.034844944581040593e-01
0.000000000000000000e+00 5.034844944581040593e-01
0.000000000000000000e+00 5.034844944581040593e-01
0.000000000000000000e+00 -2.030328377084270608e-01
0.000000000000000000e+00 -2.030328377084270608e-01
0.000000000000000000e+00 -2.030328377084270608e-01
0.000000000000000000e+00 -2.030328377084270608e-01
0.000000000000000000e+00 -2.030328377084270608e-01
0.000000000000000000e+00 -2.030328377084270608e-01
0.000000000000000000e+00 -2.616526605670634886e-01
0.000000000000000000e+00 -2.616526605670634886e-01
0.000000000000000000e+00 -2.616526605670634886e-01
0.000000000000000000e+00 -2.616526605670634886e-01
0.000000000000000000e+00 -2.616526605670634886e-01
0.000000000000000000e+00 -2.616526605670634886e-01
0.000000000000000000e+00 -2.616526605670634886e-01
0.000000000000000000e+00 -2.616526605670634886e-01
0.000000000000000000e+00 -2.616526605670634886e-01
0.000000000000000000e+00 -2.616526605670634886e-01
0.000000000000000000e+00 -2.616526605670634886e-01
0.000000000000000000e+00 -2.616526605670634886e-01
0.000000000000000000e+00 -2.616526605670634886e-01
0.000000000000000000e+00 -1.296890492126661742e+00
0.000000000000000000e+00 -1.296890492126661742e+00
0.000000000000000000e+00 -1.296890492126661742e+00
0.000000000000000000e+00 -1.296890492126661742e+00
0.000000000000000000e+00 -1.296890492126661742e+00
0.000000000000000000e+00 -1.296890492126661742e+00
0.000000000000000000e+00 -1.296890492126661742e+00
1.000000000000000000e+00 4.446908910214119048e-01
1.000000000000000000e+00 4.446908910214119048e-01
1.000000000000000000e+00 4.446908910214119048e-01
1.000000000000000000e+00 1.238390827226932556e-01
1.000000000000000000e+00 1.238390827226932556e-01
1.000000000000000000e+00 1.238390827226932556e-01
1.000000000000000000e+00 1.238390827226932556e-01
1.000000000000000000e+00 -9.608259545349677744e-01
1.000000000000000000e+00 -9.608259545349677744e-01
1.000000000000000000e+00 -9.608259545349677744e-01
1.000000000000000000e+00 -9.608259545349677744e-01
1.000000000000000000e+00 -9.608259545349677744e-01
1.000000000000000000e+00 -9.608259545349677744e-01
1.000000000000000000e+00 -9.608259545349677744e-01
1.000000000000000000e+00 -9.608259545349677744e-01
1.000000000000000000e+00 -9.608259545349677744e-01
1.000000000000000000e+00 -9.608259545349677744e-01
1.000000000000000000e+00 -9.608259545349677744e-01
1.000000000000000000e+00 -9.608259545349677744e-01
1.000000000000000000e+00 -9.608259545349677744e-01
1.000000000000000000e+00 -9.608259545349677744e-01
1.000000000000000000e+00 -9.608259545349677744e-01
1.000000000000000000e+00 -9.608259545349677744e-01
1.000000000000000000e+00 -9.608259545349677744e-01
1.000000000000000000e+00 -9.608259545349677744e-01
1.000000000000000000e+00 -9.608259545349677744e-01
1.000000000000000000e+00 -9.608259545349677744e-01
1.000000000000000000e+00 -9.608259545349677744e-01
1.000000000000000000e+00 -9.608259545349677744e-01
1.000000000000000000e+00 -9.608259545349677744e-01
2.000000000000000000e+00 1.689793254611754170e-01
2.000000000000000000e+00 1.689793254611754170e-01
2.000000000000000000e+00 1.689793254611754170e-01
2.000000000000000000e+00 1.689793254611754170e-01
2.000000000000000000e+00 1.689793254611754170e-01
2.000000000000000000e+00 -5.501639702173820312e-02
2.000000000000000000e+00 -6.908808259307949173e-01
2.000000000000000000e+00 -8.546803992440945574e-01
2.000000000000000000e+00 -8.546803992440945574e-01
2.000000000000000000e+00 -8.546803992440945574e-01
2.000000000000000000e+00 -8.546803992440945574e-01
2.000000000000000000e+00 -8.546803992440945574e-01
2.000000000000000000e+00 -8.546803992440945574e-01
2.000000000000000000e+00 -9.954177459195876487e-01
2.000000000000000000e+00 -9.954177459195876487e-01
2.000000000000000000e+00 -9.954177459195876487e-01
2.000000000000000000e+00 -9.954177459195876487e-01
2.000000000000000000e+00 -9.954177459195876487e-01
2.000000000000000000e+00 -1.041949445530003793e+00
2.000000000000000000e+00 -1.041949445530003793e+00
2.000000000000000000e+00 -1.041949445530003793e+00
2.000000000000000000e+00 -1.041949445530003793e+00
2.000000000000000000e+00 -1.041949445530003793e+00
2.000000000000000000e+00 -1.041949445530003793e+00
2.000000000000000000e+00 -1.103007398634817671e+00
2.000000000000000000e+00 -1.103007398634817671e+00
2.000000000000000000e+00 -1.103007398634817671e+00
2.000000000000000000e+00 -1.103007398634817671e+00
2.000000000000000000e+00 -1.103007398634817671e+00
2.000000000000000000e+00 -1.103007398634817671e+00
3.000000000000000000e+00 7.630372339050708885e-02
3.000000000000000000e+00 7.630372339050708885e-02
3.000000000000000000e+00 7.630372339050708885e-02
3.000000000000000000e+00 7.630372339050708885e-02
3.000000000000000000e+00 7.630372339050708885e-02
3.000000000000000000e+00 7.630372339050708885e-02
3.000000000000000000e+00 7.630372339050708885e-02
3.000000000000000000e+00 -3.092947666214029834e-01
3.000000000000000000e+00 -3.092947666214029834e-01
3.000000000000000000e+00 -7.305052899306276881e-01
3.000000000000000000e+00 -7.305052899306276881e-01
3.000000000000000000e+00 -7.305052899306276881e-01
3.000000000000000000e+00 -7.305052899306276881e-01
3.000000000000000000e+00 -7.305052899306276881e-01
3.000000000000000000e+00 -7.305052899306276881e-01
3.000000000000000000e+00 -7.305052899306276881e-01
3.000000000000000000e+00 -7.305052899306276881e-01
3.000000000000000000e+00 -7.305052899306276881e-01
3.000000000000000000e+00 -9.941722944504466364e-01
3.000000000000000000e+00 -9.941722944504466364e-01
3.000000000000000000e+00 -9.941722944504466364e-01
3.000000000000000000e+00 -9.941722944504466364e-01
3.000000000000000000e+00 -9.941722944504466364e-01
3.000000000000000000e+00 -1.066753734078184745e+00
3.000000000000000000e+00 -1.066753734078184745e+00
3.000000000000000000e+00 -1.095332873063255219e+00
3.000000000000000000e+00 -1.095332873063255219e+00
3.000000000000000000e+00 -1.095332873063255219e+00
3.000000000000000000e+00 -1.095332873063255219e+00
3.000000000000000000e+00 -1.095332873063255219e+00
4.000000000000000000e+00 1.472100891088042041e-02
4.000000000000000000e+00 1.472100891088042041e-02
4.000000000000000000e+00 1.472100891088042041e-02
4.000000000000000000e+00 1.472100891088042041e-02
4.000000000000000000e+00 -8.748960451597700416e-01
4.000000000000000000e+00 -8.748960451597700416e-01
4.000000000000000000e+00 -8.748960451597700416e-01
4.000000000000000000e+00 -8.748960451597700416e-01
4.000000000000000000e+00 -8.748960451597700416e-01
4.000000000000000000e+00 -8.748960451597700416e-01
4.000000000000000000e+00 -1.042590661564166465e+00
4.000000000000000000e+00 -1.042590661564166465e+00
4.000000000000000000e+00 -1.042590661564166465e+00
4.000000000000000000e+00 -1.042590661564166465e+00
4.000000000000000000e+00 -1.042590661564166465e+00
4.000000000000000000e+00 -1.042590661564166465e+00
4.000000000000000000e+00 -1.042590661564166465e+00
4.000000000000000000e+00 -1.042590661564166465e+00
4.000000000000000000e+00 -1.042590661564166465e+00
4.000000000000000000e+00 -1.042590661564166465e+00
4.000000000000000000e+00 -1.104868060606000846e+00
4.000000000000000000e+00 -1.104868060606000846e+00
4.000000000000000000e+00 -1.104868060606000846e+00
4.000000000000000000e+00 -1.104868060606000846e+00
4.000000000000000000e+00 -1.104868060606000846e+00
4.000000000000000000e+00 -1.104868060606000846e+00
4.000000000000000000e+00 -1.104868060606000846e+00
4.000000000000000000e+00 -1.104868060606000846e+00
4.000000000000000000e+00 -1.104868060606000846e+00
4.000000000000000000e+00 -1.104868060606000846e+00
5.000000000000000000e+00 2.514436726108420395e+00
5.000000000000000000e+00 2.514436726108420395e+00
5.000000000000000000e+00 7.601762709849154698e-01
5.000000000000000000e+00 6.355079949830297892e-01
5.000000000000000000e+00 2.960520184413725220e-01
5.000000000000000000e+00 -9.800553406721346228e-02
5.000000000000000000e+00 -9.800553406721346228e-02
5.000000000000000000e+00 -9.800553406721346228e-02
5.000000000000000000e+00 -9.800553406721346228e-02
5.000000000000000000e+00 -3.988230690931493516e-01
5.000000000000000000e+00 -3.988230690931493516e-01
5.000000000000000000e+00 -3.988230690931493516e-01
5.000000000000000000e+00 -3.988230690931493516e-01
5.000000000000000000e+00 -3.988230690931493516e-01
5.000000000000000000e+00 -3.988230690931493516e-01
5.000000000000000000e+00 -3.988230690931493516e-01
5.000000000000000000e+00 -3.988230690931493516e-01
5.000000000000000000e+00 -3.988230690931493516e-01
5.000000000000000000e+00 -8.337661703475067743e-01
5.000000000000000000e+00 -8.337661703475067743e-01
5.000000000000000000e+00 -8.337661703475067743e-01
5.000000000000000000e+00 -8.337661703475067743e-01
5.000000000000000000e+00 -8.337661703475067743e-01
5.000000000000000000e+00 -8.337661703475067743e-01
5.000000000000000000e+00 -8.337661703475067743e-01
5.000000000000000000e+00 -9.527341461476523943e-01
5.000000000000000000e+00 -9.527341461476523943e-01
5.000000000000000000e+00 -9.931121625001138042e-01
5.000000000000000000e+00 -9.931121625001138042e-01
5.000000000000000000e+00 -9.931121625001138042e-01
6.000000000000000000e+00 1.233964834474595929e+00
6.000000000000000000e+00 1.205329898079353423e+00
6.000000000000000000e+00 1.205329898079353423e+00
6.000000000000000000e+00 1.205329898079353423e+00
6.000000000000000000e+00 1.205329898079353423e+00
6.000000000000000000e+00 1.324075076291908459e-01
6.000000000000000000e+00 1.324075076291908459e-01
6.000000000000000000e+00 -2.800518395023248730e-01
6.000000000000000000e+00 -2.800518395023248730e-01
6.000000000000000000e+00 -4.850903595738046414e-01
6.000000000000000000e+00 -4.850903595738046414e-01
6.000000000000000000e+00 -4.850903595738046414e-01
6.000000000000000000e+00 -4.850903595738046414e-01
6.000000000000000000e+00 -4.850903595738046414e-01
6.000000000000000000e+00 -4.850903595738046414e-01
6.000000000000000000e+00 -4.850903595738046414e-01
6.000000000000000000e+00 -4.850903595738046414e-01
6.000000000000000000e+00 -4.850903595738046414e-01
6.000000000000000000e+00 -4.850903595738046414e-01
6.000000000000000000e+00 -4.850903595738046414e-01
6.000000000000000000e+00 -4.850903595738046414e-01
6.000000000000000000e+00 -1.075376289769591986e+00
6.000000000000000000e+00 -1.111820345174770353e+00
6.000000000000000000e+00 -1.111820345174770353e+00
6.000000000000000000e+00 -1.111820345174770353e+00
6.000000000000000000e+00 -1.111820345174770353e+00
6.000000000000000000e+00 -1.111820345174770353e+00
6.000000000000000000e+00 -1.111820345174770353e+00
6.000000000000000000e+00 -1.111820345174770353e+00
6.000000000000000000e+00 -1.111820345174770353e+00
7.000000000000000000e+00 4.961427685687551659e-01
7.000000000000000000e+00 4.961427685687551659e-01
7.000000000000000000e+00 4.961427685687551659e-01
7.000000000000000000e+00 4.961427685687551659e-01
7.000000000000000000e+00 -6.925072772855045411e-02
7.000000000000000000e+00 -6.925072772855045411e-02
7.000000000000000000e+00 -6.925072772855045411e-02
7.000000000000000000e+00 -6.925072772855045411e-02
7.000000000000000000e+00 -6.925072772855045411e-02
7.000000000000000000e+00 -6.925072772855045411e-02
7.000000000000000000e+00 -6.925072772855045411e-02
7.000000000000000000e+00 -6.801088755942987785e-01
7.000000000000000000e+00 -6.801088755942987785e-01
7.000000000000000000e+00 -6.801088755942987785e-01
7.000000000000000000e+00 -8.741341081837383786e-01
7.000000000000000000e+00 -8.741341081837383786e-01
7.000000000000000000e+00 -8.741341081837383786e-01
7.000000000000000000e+00 -8.741341081837383786e-01
7.000000000000000000e+00 -8.741341081837383786e-01
7.000000000000000000e+00 -9.840470772122434928e-01
7.000000000000000000e+00 -9.840470772122434928e-01
7.000000000000000000e+00 -9.840470772122434928e-01
7.000000000000000000e+00 -9.840470772122434928e-01
7.000000000000000000e+00 -9.846212602659735191e-01
7.000000000000000000e+00 -9.846212602659735191e-01
7.000000000000000000e+00 -1.017361657428095478e+00
7.000000000000000000e+00 -1.070086839773941811e+00
7.000000000000000000e+00 -1.171194077424922986e+00
7.000000000000000000e+00 -1.171194077424922986e+00
7.000000000000000000e+00 -1.171194077424922986e+00
8.000000000000000000e+00 -6.460417410657304238e-02
8.000000000000000000e+00 -6.460417410657304238e-02
8.000000000000000000e+00 -6.460417410657304238e-02
8.000000000000000000e+00 -6.460417410657304238e-02
8.000000000000000000e+00 -6.460417410657304238e-02
8.000000000000000000e+00 -6.460417410657304238e-02
8.000000000000000000e+00 -6.460417410657304238e-02
8.000000000000000000e+00 -6.460417410657304238e-02
8.000000000000000000e+00 -6.460417410657304238e-02
8.000000000000000000e+00 -4.273051311529115215e-01
8.000000000000000000e+00 -4.722271953759968888e-01
8.000000000000000000e+00 -4.722271953759968888e-01
8.000000000000000000e+00 -9.541718453978544900e-01
8.000000000000000000e+00 -9.541718453978544900e-01
8.000000000000000000e+00 -9.541718453978544900e-01
8.000000000000000000e+00 -9.541718453978544900e-01
8.000000000000000000e+00 -1.107256121281529282e+00
8.000000000000000000e+00 -1.107256121281529282e+00
8.000000000000000000e+00 -1.107256121281529282e+00
8.000000000000000000e+00 -1.107256121281529282e+00
8.000000000000000000e+00 -1.107256121281529282e+00
8.000000000000000000e+00 -1.107256121281529282e+00
8.000000000000000000e+00 -1.107256121281529282e+00
8.000000000000000000e+00 -1.107256121281529282e+00
8.000000000000000000e+00 -1.107256121281529282e+00
8.000000000000000000e+00 -1.107256121281529282e+00
8.000000000000000000e+00 -1.107256121281529282e+00
8.000000000000000000e+00 -1.107256121281529282e+00
8.000000000000000000e+00 -1.107256121281529282e+00
8.000000000000000000e+00 -1.107256121281529282e+00
9.000000000000000000e+00 2.250309794006422059e+00
9.000000000000000000e+00 8.966252944387951285e-01
9.000000000000000000e+00 8.966252944387951285e-01
9.000000000000000000e+00 -4.503232589776711564e-02
9.000000000000000000e+00 -4.503232589776711564e-02
9.000000000000000000e+00 -4.503232589776711564e-02
9.000000000000000000e+00 -6.923694404557961812e-01
9.000000000000000000e+00 -6.923694404557961812e-01
9.000000000000000000e+00 -6.923694404557961812e-01
9.000000000000000000e+00 -6.923694404557961812e-01
9.000000000000000000e+00 -6.923694404557961812e-01
9.000000000000000000e+00 -6.923694404557961812e-01
9.000000000000000000e+00 -6.923694404557961812e-01
9.000000000000000000e+00 -6.923694404557961812e-01
9.000000000000000000e+00 -6.923694404557961812e-01
9.000000000000000000e+00 -7.131937529408022280e-01
9.000000000000000000e+00 -8.655237052178813562e-01
9.000000000000000000e+00 -8.655237052178813562e-01
9.000000000000000000e+00 -8.655237052178813562e-01
9.000000000000000000e+00 -8.655237052178813562e-01
9.000000000000000000e+00 -8.655237052178813562e-01
9.000000000000000000e+00 -8.655237052178813562e-01
9.000000000000000000e+00 -1.028835772866523168e+00
9.000000000000000000e+00 -1.028835772866523168e+00
9.000000000000000000e+00 -1.028835772866523168e+00
9.000000000000000000e+00 -1.028835772866523168e+00
9.000000000000000000e+00 -1.028835772866523168e+00
9.000000000000000000e+00 -1.097144615097485287e+00
9.000000000000000000e+00 -1.097144615097485287e+00
9.000000000000000000e+00 -1.097144615097485287e+00
