6.904345850525988005e-310 6.904345850525988005e-310
0.000000000000000000e+00 -3.560809378227790534e-01
0.000000000000000000e+00 -8.008491249883711305e-01
0.000000000000000000e+00 -8.950661247317308611e-01
0.000000000000000000e+00 -8.950661247317308611e-01
0.000000000000000000e+00 -8.950661247317308611e-01
0.000000000000000000e+00 -8.950661247317308611e-01
0.000000000000000000e+00 -8.950661247317308611e-01
0.000000000000000000e+00 -2.332719113445276271e+00
0.000000000000000000e+00 -2.332719113445276271e+00
0.000000000000000000e+00 -3.922872857577021755e+00
0.000000000000000000e+00 -3.922872857577021755e+00
0.000000000000000000e+00 -3.922872857577021755e+00
0.000000000000000000e+00 -4.731592659676548962e+00
0.000000000000000000e+00 -7.543757779835623012e+00
0.000000000000000000e+00 -7.543757779835623012e+00
0.000000000000000000e+00 -7.845701293376751373e+00
0.000000000000000000e+00 -7.896922342014363494e+00
0.000000000000000000e+00 -7.896922342014363494e+00
0.000000000000000000e+00 -7.896922342014363494e+00
0.000000000000000000e+00 -7.896922342014363494e+00
0.000000000000000000e+00 -7.896922342014363494e+00
0.000000000000000000e+00 -7.896922342014363494e+00
0.000000000000000000e+00 -7.896922342014363494e+00
0.000000000000000000e+00 -7.896922342014363494e+00
0.000000000000000000e+00 -7.939870566439537036e+00
1.000000000000000000e+00 5.486355003343648118e-01
1.000000000000000000e+00 5.486355003343648118e-01
1.000000000000000000e+00 5.486355003343648118e-01
1.000000000000000000e+00 5.486355003343648118e-01
1.000000000000000000e+00 -3.004924440114655759e-01
1.000000000000000000e+00 -3.211745554764676047e+00
1.000000000000000000e+00 -3.211745554764676047e+00
1.000000000000000000e+00 -3.370179776503510194e+00
1.000000000000000000e+00 -3.370179776503510194e+00
1.000000000000000000e+00 -3.370179776503510194e+00
1.000000000000000000e+00 -3.370179776503510194e+00
1.000000000000000000e+00 -3.370179776503510194e+00
1.000000000000000000e+00 -3.370179776503510194e+00
1.000000000000000000e+00 -3.370179776503510194e+00
1.000000000000000000e+00 -4.699459738004722276e+00
1.000000000000000000e+00 -4.699459738004722276e+00
1.000000000000000000e+00 -4.699459738004722276e+00
1.000000000000000000e+00 -4.699459738004722276e+00
1.000000000000000000e+00 -4.699459738004722276e+00
1.000000000000000000e+00 -4.699459738004722276e+00
1.000000000000000000e+00 -4.699459738004722276e+00
1.000000000000000000e+00 -4.699459738004722276e+00
1.000000000000000000e+00 -4.699459738004722276e+00
1.000000000000000000e+00 -4.699459738004722276e+00
1.000000000000000000e+00 -4.699459738004722276e+00
1.000000000000000000e+00 -4.699459738004722276e+00
1.000000000000000000e+00 -4.699459738004722276e+00
1.000000000000000000e+00 -4.699459738004722276e+00
1.000000000000000000e+00 -4.699459738004722276e+00
1.000000000000000000e+00 -4.699459738004722276e+00
2.000000000000000000e+00 -2.923682114655445474e+00
2.000000000000000000e+00 -2.923682114655445474e+00
2.000000000000000000e+00 -2.923682114655445474e+00
2.000000000000000000e+00 -2.923682114655445474e+00
2.000000000000000000e+00 -2.923682114655445474e+00
2.000000000000000000e+00 -2.923682114655445474e+00
2.000000000000000000e+00 -2.923682114655445474e+00
2.000000000000000000e+00 -2.923682114655445474e+00
2.000000000000000000e+00 -4.349076702511104564e+00
2.000000000000000000e+00 -4.349076702511104564e+00
2.000000000000000000e+00 -4.349076702511104564e+00
2.000000000000000000e+00 -4.349076702511104564e+00
2.000000000000000000e+00 -6.884805651177327235e+00
2.000000000000000000e+00 -7.814124262693934675e+00
2.000000000000000000e+00 -7.814124262693934675e+00
2.000000000000000000e+00 -7.814124262693934675e+00
2.000000000000000000e+00 -7.814124262693934675e+00
2.000000000000000000e+00 -7.955462847804747106e+00
2.000000000000000000e+00 -7.955462847804747106e+00
2.000000000000000000e+00 -7.955462847804747106e+00
2.000000000000000000e+00 -7.955462847804747106e+00
2.000000000000000000e+00 -7.955462847804747106e+00
2.000000000000000000e+00 -7.955462847804747106e+00
2.000000000000000000e+00 -7.955462847804747106e+00
2.000000000000000000e+00 -7.955462847804747106e+00
3.000000000000000000e+00 -1.341792863404827507e+00
3.000000000000000000e+00 -3.114600978067249670e+00
3.000000000000000000e+00 -3.114600978067249670e+00
3.000000000000000000e+00 -3.114600978067249670e+00
3.000000000000000000e+00 -3.114600978067249670e+00
3.000000000000000000e+00 -3.114600978067249670e+00
3.000000000000000000e+00 -3.114600978067249670e+00
3.000000000000000000e+00 -3.114600978067249670e+00
3.000000000000000000e+00 -3.114600978067249670e+00
3.000000000000000000e+00 -3.114600978067249670e+00
3.000000000000000000e+00 -3.114600978067249670e+00
3.000000000000000000e+00 -3.114600978067249670e+00
4.000000000000000000e+00 -2.527589521414036700e+00
4.000000000000000000e+00 -2.527589521414036700e+00
4.000000000000000000e+00 -2.527589521414036700e+00
4.000000000000000000e+00 -2.527589521414036700e+00
4.000000000000000000e+00 -3.288766286251626703e+00
4.000000000000000000e+00 -3.288766286251626703e+00
4.000000000000000000e+00 -3.288766286251626703e+00
4.000000000000000000e+00 -3.288766286251626703e+00
4.000000000000000000e+00 -3.288766286251626703e+00
4.000000000000000000e+00 -3.288766286251626703e+00
4.000000000000000000e+00 -4.359679979485854950e+00
4.000000000000000000e+00 -4.359679979485854950e+00
4.000000000000000000e+00 -5.995297430769572777e+00
4.000000000000000000e+00 -7.469095393500656321e+00
4.000000000000000000e+00 -7.799459955336447869e+00
4.000000000000000000e+00 -7.799459955336447869e+00
4.000000000000000000e+00 -7.799459955336447869e+00
4.000000000000000000e+00 -7.799459955336447869e+00
4.000000000000000000e+00 -7.985338108457227690e+00
4.000000000000000000e+00 -7.985338108457227690e+00
4.000000000000000000e+00 -7.985338108457227690e+00
5.000000000000000000e+00 2.358001643406009429e-01
5.000000000000000000e+00 2.358001643406009429e-01
5.000000000000000000e+00 2.358001643406009429e-01
5.000000000000000000e+00 2.358001643406009429e-01
5.000000000000000000e+00 -2.251077373724410968e+00
5.000000000000000000e+00 -2.251077373724410968e+00
5.000000000000000000e+00 -2.251077373724410968e+00
5.000000000000000000e+00 -5.652168675100909034e+00
5.000000000000000000e+00 -5.652168675100909034e+00
5.000000000000000000e+00 -5.652168675100909034e+00
5.000000000000000000e+00 -5.652168675100909034e+00
5.000000000000000000e+00 -5.652168675100909034e+00
5.000000000000000000e+00 -6.869679854862363655e+00
5.000000000000000000e+00 -7.039330717518830660e+00
5.000000000000000000e+00 -7.757428702512254581e+00
5.000000000000000000e+00 -7.903817126990054120e+00
5.000000000000000000e+00 -7.903817126990054120e+00
5.000000000000000000e+00 -7.903817126990054120e+00
5.000000000000000000e+00 -7.903817126990054120e+00
6.000000000000000000e+00 -2.950864731171213062e+00
6.000000000000000000e+00 -2.950864731171213062e+00
6.000000000000000000e+00 -2.950864731171213062e+00
6.000000000000000000e+00 -2.950864731171213062e+00
6.000000000000000000e+00 -2.950864731171213062e+00
6.000000000000000000e+00 -2.950864731171213062e+00
6.000000000000000000e+00 -7.335317685853913972e+00
6.000000000000000000e+00 -7.335317685853913972e+00
6.000000000000000000e+00 -7.335317685853913972e+00
6.000000000000000000e+00 -7.335317685853913972e+00
6.000000000000000000e+00 -7.335317685853913972e+00
6.000000000000000000e+00 -7.335317685853913972e+00
6.000000000000000000e+00 -7.520778970217194548e+00
6.000000000000000000e+00 -7.520778970217194548e+00
6.000000000000000000e+00 -7.705040597530393498e+00
6.000000000000000000e+00 -7.705040597530393498e+00
6.000000000000000000e+00 -7.705040597530393498e+00
6.000000000000000000e+00 -7.817220246652078153e+00
6.000000000000000000e+00 -8.016357328250336423e+00
6.000000000000000000e+00 -8.016357328250336423e+00
6.000000000000000000e+00 -8.016357328250336423e+00
6.000000000000000000e+00 -8.092713360365602071e+00
