6.930271131569341242e-310 6.729675276548919292e-316
0.000000000000000000e+00 -7.041849156077484295e-01
0.000000000000000000e+00 -7.041849156077484295e-01
0.000000000000000000e+00 -7.041849156077484295e-01
0.000000000000000000e+00 -7.041849156077484295e-01
0.000000000000000000e+00 -7.041849156077484295e-01
0.000000000000000000e+00 -7.041849156077484295e-01
0.000000000000000000e+00 -7.041849156077484295e-01
0.000000000000000000e+00 -7.041849156077484295e-01
0.000000000000000000e+00 -7.041849156077484295e-01
0.000000000000000000e+00 -7.041849156077484295e-01
0.000000000000000000e+00 -8.427377153371973240e-01
0.000000000000000000e+00 -1.509391682413659064e+00
0.000000000000000000e+00 -1.625424661322002251e+00
0.000000000000000000e+00 -1.625424661322002251e+00
1.000000000000000000e+00 1.590837952229798624e+00
1.000000000000000000e+00 -7.444418491946326322e-01
1.000000000000000000e+00 -7.444418491946326322e-01
1.000000000000000000e+00 -7.444418491946326322e-01
1.000000000000000000e+00 -7.444418491946326322e-01
1.000000000000000000e+00 -7.444418491946326322e-01
1.000000000000000000e+00 -7.444418491946326322e-01
1.000000000000000000e+00 -7.444418491946326322e-01
1.000000000000000000e+00 -7.444418491946326322e-01
1.000000000000000000e+00 -7.444418491946326322e-01
1.000000000000000000e+00 -7.444418491946326322e-01
1.000000000000000000e+00 -1.697210570262217333e+00
1.000000000000000000e+00 -1.697210570262217333e+00
1.000000000000000000e+00 -1.697210570262217333e+00
1.000000000000000000e+00 -1.863248723626789616e+00
1.000000000000000000e+00 -1.891865729758747561e+00
1.000000000000000000e+00 -1.891865729758747561e+00
1.000000000000000000e+00 -1.891865729758747561e+00
1.000000000000000000e+00 -1.891865729758747561e+00
1.000000000000000000e+00 -1.897299364410692801e+00
2.000000000000000000e+00 1.578096996980493660e+00
2.000000000000000000e+00 1.578096996980493660e+00
2.000000000000000000e+00 1.578096996980493660e+00
2.000000000000000000e+00 1.578096996980493660e+00
2.000000000000000000e+00 1.578096996980493660e+00
2.000000000000000000e+00 1.578096996980493660e+00
2.000000000000000000e+00 1.578096996980493660e+00
2.000000000000000000e+00 1.578096996980493660e+00
2.000000000000000000e+00 1.578096996980493660e+00
2.000000000000000000e+00 7.517981229067218774e-01
2.000000000000000000e+00 -9.981464258523812250e-01
2.000000000000000000e+00 -9.981464258523812250e-01
2.000000000000000000e+00 -1.378679937037996073e+00
2.000000000000000000e+00 -1.378679937037996073e+00
2.000000000000000000e+00 -1.378679937037996073e+00
2.000000000000000000e+00 -1.496738565690702849e+00
2.000000000000000000e+00 -1.496738565690702849e+00
2.000000000000000000e+00 -1.552239409067609488e+00
2.000000000000000000e+00 -1.552239409067609488e+00
2.000000000000000000e+00 -1.869763968549598587e+00
2.000000000000000000e+00 -2.082722485083136288e+00
2.000000000000000000e+00 -2.082722485083136288e+00
2.000000000000000000e+00 -2.082722485083136288e+00
2.000000000000000000e+00 -2.082722485083136288e+00
2.000000000000000000e+00 -2.082722485083136288e+00
2.000000000000000000e+00 -2.082722485083136288e+00
2.000000000000000000e+00 -2.082722485083136288e+00
2.000000000000000000e+00 -2.082722485083136288e+00
2.000000000000000000e+00 -2.082722485083136288e+00
3.000000000000000000e+00 7.218301695909848270e+00
3.000000000000000000e+00 -5.726778557526477492e-02
3.000000000000000000e+00 -5.726778557526477492e-02
3.000000000000000000e+00 -5.141081005725068875e-01
3.000000000000000000e+00 -6.870899031134372059e-01
3.000000000000000000e+00 -6.870899031134372059e-01
3.000000000000000000e+00 -6.870899031134372059e-01
3.000000000000000000e+00 -6.870899031134372059e-01
3.000000000000000000e+00 -6.870899031134372059e-01
3.000000000000000000e+00 -6.870899031134372059e-01
3.000000000000000000e+00 -1.231239771812944195e+00
3.000000000000000000e+00 -1.231239771812944195e+00
3.000000000000000000e+00 -1.231239771812944195e+00
3.000000000000000000e+00 -1.649654115192541459e+00
3.000000000000000000e+00 -1.749900049091174026e+00
3.000000000000000000e+00 -1.749900049091174026e+00
3.000000000000000000e+00 -1.884426825752407497e+00
3.000000000000000000e+00 -1.983306103218758221e+00
3.000000000000000000e+00 -1.983306103218758221e+00
3.000000000000000000e+00 -1.983306103218758221e+00
3.000000000000000000e+00 -1.983306103218758221e+00
3.000000000000000000e+00 -1.983306103218758221e+00
3.000000000000000000e+00 -1.983306103218758221e+00
3.000000000000000000e+00 -1.983306103218758221e+00
4.000000000000000000e+00 3.323245944731308299e+00
4.000000000000000000e+00 3.323245944731308299e+00
4.000000000000000000e+00 9.667953908935575935e-01
4.000000000000000000e+00 9.667953908935575935e-01
4.000000000000000000e+00 9.667953908935575935e-01
4.000000000000000000e+00 9.667953908935575935e-01
4.000000000000000000e+00 9.667953908935575935e-01
4.000000000000000000e+00 9.667953908935575935e-01
4.000000000000000000e+00 -1.135540722054000917e-01
4.000000000000000000e+00 -1.135540722054000917e-01
4.000000000000000000e+00 -1.135540722054000917e-01
4.000000000000000000e+00 -1.219766922207625948e+00
4.000000000000000000e+00 -1.767051328449044112e+00
4.000000000000000000e+00 -1.972267258221072073e+00
4.000000000000000000e+00 -1.972267258221072073e+00
4.000000000000000000e+00 -1.972267258221072073e+00
4.000000000000000000e+00 -1.972267258221072073e+00
4.000000000000000000e+00 -1.972267258221072073e+00
5.000000000000000000e+00 9.633835936177920445e+00
5.000000000000000000e+00 1.212559556175227815e+00
5.000000000000000000e+00 -1.607235546113188418e+00
5.000000000000000000e+00 -1.607235546113188418e+00
5.000000000000000000e+00 -1.607235546113188418e+00
5.000000000000000000e+00 -1.607235546113188418e+00
5.000000000000000000e+00 -1.693827477678532700e+00
5.000000000000000000e+00 -1.693827477678532700e+00
5.000000000000000000e+00 -1.693827477678532700e+00
5.000000000000000000e+00 -1.693827477678532700e+00
5.000000000000000000e+00 -1.693827477678532700e+00
5.000000000000000000e+00 -1.823022372320636908e+00
5.000000000000000000e+00 -1.938725998006965989e+00
5.000000000000000000e+00 -1.938725998006965989e+00
5.000000000000000000e+00 -1.975810016482455911e+00
6.000000000000000000e+00 3.834876551078719054e+00
6.000000000000000000e+00 3.606865973868970787e+00
6.000000000000000000e+00 3.606865973868970787e+00
6.000000000000000000e+00 3.606865973868970787e+00
6.000000000000000000e+00 1.547853859960822920e+00
6.000000000000000000e+00 1.547853859960822920e+00
6.000000000000000000e+00 1.547853859960822920e+00
6.000000000000000000e+00 1.547853859960822920e+00
6.000000000000000000e+00 1.547853859960822920e+00
6.000000000000000000e+00 1.547853859960822920e+00
6.000000000000000000e+00 -1.095345542543072259e+00
6.000000000000000000e+00 -1.095345542543072259e+00
6.000000000000000000e+00 -1.095345542543072259e+00
6.000000000000000000e+00 -1.095345542543072259e+00
6.000000000000000000e+00 -1.095345542543072259e+00
6.000000000000000000e+00 -1.095345542543072259e+00
6.000000000000000000e+00 -1.295745514680020305e+00
6.000000000000000000e+00 -1.826533151044130054e+00
6.000000000000000000e+00 -1.826533151044130054e+00
6.000000000000000000e+00 -1.826533151044130054e+00
6.000000000000000000e+00 -1.826533151044130054e+00
6.000000000000000000e+00 -1.826533151044130054e+00
6.000000000000000000e+00 -1.826533151044130054e+00
6.000000000000000000e+00 -1.826533151044130054e+00
6.000000000000000000e+00 -1.949948608889833235e+00
6.000000000000000000e+00 -1.949948608889833235e+00
6.000000000000000000e+00 -1.949948608889833235e+00
6.000000000000000000e+00 -1.949948608889833235e+00
6.000000000000000000e+00 -1.949948608889833235e+00
6.000000000000000000e+00 -1.949948608889833235e+00
7.000000000000000000e+00 -1.076783260527559793e+00
7.000000000000000000e+00 -1.076783260527559793e+00
7.000000000000000000e+00 -1.076783260527559793e+00
7.000000000000000000e+00 -1.076783260527559793e+00
7.000000000000000000e+00 -1.076783260527559793e+00
7.000000000000000000e+00 -1.076783260527559793e+00
7.000000000000000000e+00 -1.076783260527559793e+00
7.000000000000000000e+00 -1.076783260527559793e+00
7.000000000000000000e+00 -1.076783260527559793e+00
7.000000000000000000e+00 -1.180605015037784700e+00
7.000000000000000000e+00 -1.641189692405298439e+00
7.000000000000000000e+00 -1.846783096534308610e+00
7.000000000000000000e+00 -1.924928502194787727e+00
7.000000000000000000e+00 -1.924928502194787727e+00
7.000000000000000000e+00 -1.924928502194787727e+00
7.000000000000000000e+00 -1.968704444433593714e+00
7.000000000000000000e+00 -1.968704444433593714e+00
8.000000000000000000e+00 1.067028933329336482e+01
8.000000000000000000e+00 -5.933081167504714593e-01
8.000000000000000000e+00 -5.933081167504714593e-01
8.000000000000000000e+00 -5.933081167504714593e-01
8.000000000000000000e+00 -5.933081167504714593e-01
8.000000000000000000e+00 -5.933081167504714593e-01
8.000000000000000000e+00 -1.782589094325864654e+00
8.000000000000000000e+00 -1.782589094325864654e+00
8.000000000000000000e+00 -1.782589094325864654e+00
8.000000000000000000e+00 -1.782589094325864654e+00
8.000000000000000000e+00 -1.782589094325864654e+00
8.000000000000000000e+00 -1.782589094325864654e+00
8.000000000000000000e+00 -1.782589094325864654e+00
8.000000000000000000e+00 -1.782589094325864654e+00
8.000000000000000000e+00 -1.812333515511822313e+00
8.000000000000000000e+00 -1.812333515511822313e+00
9.000000000000000000e+00 -1.237917523091030869e+00
9.000000000000000000e+00 -1.237917523091030869e+00
9.000000000000000000e+00 -1.237917523091030869e+00
9.000000000000000000e+00 -1.237917523091030869e+00
9.000000000000000000e+00 -1.237917523091030869e+00
9.000000000000000000e+00 -1.237917523091030869e+00
9.000000000000000000e+00 -1.237917523091030869e+00
9.000000000000000000e+00 -1.237917523091030869e+00
9.000000000000000000e+00 -1.237917523091030869e+00
9.000000000000000000e+00 -1.339119315311397607e+00
9.000000000000000000e+00 -1.339119315311397607e+00
9.000000000000000000e+00 -1.339119315311397607e+00
9.000000000000000000e+00 -2.128224855396426030e+00
9.000000000000000000e+00 -2.128224855396426030e+00
9.000000000000000000e+00 -2.128224855396426030e+00
9.000000000000000000e+00 -2.128224855396426030e+00
