6.950065557105883876e-310 7.340771240051873588e-316
0.000000000000000000e+00 1.849800770451454355e+02
0.000000000000000000e+00 8.639645223999201207e+00
0.000000000000000000e+00 8.639645223999201207e+00
0.000000000000000000e+00 8.639645223999201207e+00
0.000000000000000000e+00 8.639645223999201207e+00
0.000000000000000000e+00 8.639645223999201207e+00
0.000000000000000000e+00 8.639645223999201207e+00
0.000000000000000000e+00 8.639645223999201207e+00
0.000000000000000000e+00 8.639645223999201207e+00
0.000000000000000000e+00 8.639645223999201207e+00
0.000000000000000000e+00 8.639645223999201207e+00
0.000000000000000000e+00 8.639645223999201207e+00
0.000000000000000000e+00 9.367193936404515364e-01
0.000000000000000000e+00 9.367193936404515364e-01
0.000000000000000000e+00 9.367193936404515364e-01
0.000000000000000000e+00 9.367193936404515364e-01
0.000000000000000000e+00 9.367193936404515364e-01
0.000000000000000000e+00 9.367193936404515364e-01
0.000000000000000000e+00 9.367193936404515364e-01
0.000000000000000000e+00 9.367193936404515364e-01
0.000000000000000000e+00 9.367193936404515364e-01
0.000000000000000000e+00 9.367193936404515364e-01
0.000000000000000000e+00 9.367193936404515364e-01
0.000000000000000000e+00 9.367193936404515364e-01
0.000000000000000000e+00 9.367193936404515364e-01
0.000000000000000000e+00 9.367193936404515364e-01
0.000000000000000000e+00 9.367193936404515364e-01
0.000000000000000000e+00 9.367193936404515364e-01
0.000000000000000000e+00 9.367193936404515364e-01
0.000000000000000000e+00 9.367193936404515364e-01
1.000000000000000000e+00 3.938200121731903636e+01
1.000000000000000000e+00 1.762478228084771459e+01
1.000000000000000000e+00 1.762478228084771459e+01
1.000000000000000000e+00 6.829980482596651470e+00
1.000000000000000000e+00 6.829980482596651470e+00
1.000000000000000000e+00 1.127535547896231227e+00
1.000000000000000000e+00 1.127535547896231227e+00
1.000000000000000000e+00 1.127535547896231227e+00
1.000000000000000000e+00 1.127535547896231227e+00
1.000000000000000000e+00 1.127535547896231227e+00
1.000000000000000000e+00 1.127535547896231227e+00
1.000000000000000000e+00 1.127535547896231227e+00
1.000000000000000000e+00 1.127535547896231227e+00
1.000000000000000000e+00 1.127535547896231227e+00
1.000000000000000000e+00 1.127535547896231227e+00
1.000000000000000000e+00 1.127535547896231227e+00
1.000000000000000000e+00 1.127535547896231227e+00
1.000000000000000000e+00 1.127535547896231227e+00
1.000000000000000000e+00 1.127535547896231227e+00
1.000000000000000000e+00 1.127535547896231227e+00
1.000000000000000000e+00 1.127535547896231227e+00
1.000000000000000000e+00 1.127535547896231227e+00
1.000000000000000000e+00 9.361125277096792319e-01
1.000000000000000000e+00 7.031211002227326645e-01
1.000000000000000000e+00 7.031211002227326645e-01
1.000000000000000000e+00 7.031211002227326645e-01
1.000000000000000000e+00 7.031211002227326645e-01
1.000000000000000000e+00 7.031211002227326645e-01
1.000000000000000000e+00 7.031211002227326645e-01
1.000000000000000000e+00 7.031211002227326645e-01
2.000000000000000000e+00 2.858448349164882174e+01
2.000000000000000000e+00 2.858448349164882174e+01
2.000000000000000000e+00 2.858448349164882174e+01
2.000000000000000000e+00 9.921048975047629170e+00
2.000000000000000000e+00 9.921048975047629170e+00
2.000000000000000000e+00 9.921048975047629170e+00
2.000000000000000000e+00 9.921048975047629170e+00
2.000000000000000000e+00 9.921048975047629170e+00
2.000000000000000000e+00 9.921048975047629170e+00
2.000000000000000000e+00 7.614091096264057335e+00
2.000000000000000000e+00 7.614091096264057335e+00
2.000000000000000000e+00 7.614091096264057335e+00
2.000000000000000000e+00 7.614091096264057335e+00
2.000000000000000000e+00 7.614091096264057335e+00
2.000000000000000000e+00 4.819721729073392247e+00
2.000000000000000000e+00 4.819721729073392247e+00
2.000000000000000000e+00 1.463228386994553931e+00
2.000000000000000000e+00 1.463228386994553931e+00
2.000000000000000000e+00 1.463228386994553931e+00
2.000000000000000000e+00 1.463228386994553931e+00
2.000000000000000000e+00 1.463228386994553931e+00
2.000000000000000000e+00 5.507095166617512749e-01
2.000000000000000000e+00 5.507095166617512749e-01
2.000000000000000000e+00 5.507095166617512749e-01
2.000000000000000000e+00 5.507095166617512749e-01
2.000000000000000000e+00 5.507095166617512749e-01
2.000000000000000000e+00 5.507095166617512749e-01
2.000000000000000000e+00 5.507095166617512749e-01
2.000000000000000000e+00 5.507095166617512749e-01
2.000000000000000000e+00 5.507095166617512749e-01
3.000000000000000000e+00 3.119785186615116146e+01
3.000000000000000000e+00 3.119785186615116146e+01
3.000000000000000000e+00 2.827364167282577156e+01
3.000000000000000000e+00 2.827364167282577156e+01
3.000000000000000000e+00 2.827364167282577156e+01
3.000000000000000000e+00 2.827364167282577156e+01
3.000000000000000000e+00 1.562890532351888240e+00
3.000000000000000000e+00 1.562890532351888240e+00
3.000000000000000000e+00 1.562890532351888240e+00
3.000000000000000000e+00 1.562890532351888240e+00
3.000000000000000000e+00 1.562890532351888240e+00
3.000000000000000000e+00 1.562890532351888240e+00
3.000000000000000000e+00 1.562890532351888240e+00
3.000000000000000000e+00 1.562890532351888240e+00
3.000000000000000000e+00 1.562890532351888240e+00
3.000000000000000000e+00 1.562890532351888240e+00
3.000000000000000000e+00 5.478893779101190464e-01
3.000000000000000000e+00 5.478893779101190464e-01
3.000000000000000000e+00 5.478893779101190464e-01
3.000000000000000000e+00 5.478893779101190464e-01
3.000000000000000000e+00 5.478893779101190464e-01
3.000000000000000000e+00 5.478893779101190464e-01
3.000000000000000000e+00 5.478893779101190464e-01
3.000000000000000000e+00 5.478893779101190464e-01
3.000000000000000000e+00 5.478893779101190464e-01
3.000000000000000000e+00 5.478893779101190464e-01
3.000000000000000000e+00 5.478893779101190464e-01
3.000000000000000000e+00 5.478893779101190464e-01
3.000000000000000000e+00 5.478893779101190464e-01
3.000000000000000000e+00 5.478893779101190464e-01
4.000000000000000000e+00 3.163218291739542209e+01
4.000000000000000000e+00 6.674021714155414564e+00
4.000000000000000000e+00 2.487930680646398329e+00
4.000000000000000000e+00 2.487930680646398329e+00
4.000000000000000000e+00 2.487930680646398329e+00
4.000000000000000000e+00 2.487930680646398329e+00
4.000000000000000000e+00 2.487930680646398329e+00
4.000000000000000000e+00 1.846107425514083245e+00
4.000000000000000000e+00 1.846107425514083245e+00
4.000000000000000000e+00 1.846107425514083245e+00
4.000000000000000000e+00 1.846107425514083245e+00
4.000000000000000000e+00 1.846107425514083245e+00
4.000000000000000000e+00 1.846107425514083245e+00
4.000000000000000000e+00 1.846107425514083245e+00
4.000000000000000000e+00 1.846107425514083245e+00
4.000000000000000000e+00 1.846107425514083245e+00
4.000000000000000000e+00 1.846107425514083245e+00
4.000000000000000000e+00 1.742233865145178751e+00
4.000000000000000000e+00 1.742233865145178751e+00
4.000000000000000000e+00 1.742233865145178751e+00
4.000000000000000000e+00 1.742233865145178751e+00
4.000000000000000000e+00 1.742233865145178751e+00
4.000000000000000000e+00 4.474446743441555796e-01
4.000000000000000000e+00 4.474446743441555796e-01
4.000000000000000000e+00 4.474446743441555796e-01
4.000000000000000000e+00 4.474446743441555796e-01
4.000000000000000000e+00 4.474446743441555796e-01
4.000000000000000000e+00 4.474446743441555796e-01
4.000000000000000000e+00 4.474446743441555796e-01
4.000000000000000000e+00 4.474446743441555796e-01
5.000000000000000000e+00 9.929928767681018087e+01
5.000000000000000000e+00 2.912590246379022574e+01
5.000000000000000000e+00 2.671002042276610311e+01
5.000000000000000000e+00 2.426882026097376510e+01
5.000000000000000000e+00 2.426882026097376510e+01
5.000000000000000000e+00 9.102280985230768451e+00
5.000000000000000000e+00 5.400718059579535435e+00
5.000000000000000000e+00 5.400718059579535435e+00
5.000000000000000000e+00 5.400718059579535435e+00
5.000000000000000000e+00 5.400718059579535435e+00
5.000000000000000000e+00 5.400718059579535435e+00
5.000000000000000000e+00 3.885175488404344346e+00
5.000000000000000000e+00 3.885175488404344346e+00
5.000000000000000000e+00 1.735445054100813511e+00
5.000000000000000000e+00 1.735445054100813511e+00
5.000000000000000000e+00 1.735445054100813511e+00
5.000000000000000000e+00 1.735445054100813511e+00
5.000000000000000000e+00 1.735445054100813511e+00
5.000000000000000000e+00 1.735445054100813511e+00
5.000000000000000000e+00 7.517376386503927810e-01
5.000000000000000000e+00 7.517376386503927810e-01
5.000000000000000000e+00 7.517376386503927810e-01
5.000000000000000000e+00 7.517376386503927810e-01
5.000000000000000000e+00 7.517376386503927810e-01
5.000000000000000000e+00 7.517376386503927810e-01
5.000000000000000000e+00 4.555706812086336988e-01
5.000000000000000000e+00 4.555706812086336988e-01
5.000000000000000000e+00 4.555706812086336988e-01
5.000000000000000000e+00 4.555706812086336988e-01
5.000000000000000000e+00 4.555706812086336988e-01
6.000000000000000000e+00 5.989239014279058182e+01
6.000000000000000000e+00 1.339700940693204778e+01
6.000000000000000000e+00 1.339700940693204778e+01
6.000000000000000000e+00 1.339700940693204778e+01
6.000000000000000000e+00 1.339700940693204778e+01
6.000000000000000000e+00 1.339700940693204778e+01
6.000000000000000000e+00 1.339700940693204778e+01
6.000000000000000000e+00 1.339700940693204778e+01
6.000000000000000000e+00 1.339700940693204778e+01
6.000000000000000000e+00 1.339700940693204778e+01
6.000000000000000000e+00 1.339700940693204778e+01
6.000000000000000000e+00 1.339700940693204778e+01
6.000000000000000000e+00 1.339700940693204778e+01
6.000000000000000000e+00 4.937029513929557467e+00
6.000000000000000000e+00 4.879519814813657597e+00
6.000000000000000000e+00 4.879519814813657597e+00
6.000000000000000000e+00 4.879519814813657597e+00
6.000000000000000000e+00 1.923860993388729623e+00
6.000000000000000000e+00 1.923860993388729623e+00
6.000000000000000000e+00 4.596468454285737026e-01
6.000000000000000000e+00 4.596468454285737026e-01
6.000000000000000000e+00 4.596468454285737026e-01
6.000000000000000000e+00 4.596468454285737026e-01
6.000000000000000000e+00 4.596468454285737026e-01
6.000000000000000000e+00 4.596468454285737026e-01
6.000000000000000000e+00 4.596468454285737026e-01
6.000000000000000000e+00 3.915737439438958245e-01
6.000000000000000000e+00 3.915737439438958245e-01
6.000000000000000000e+00 3.881080672092158679e-01
6.000000000000000000e+00 3.881080672092158679e-01
7.000000000000000000e+00 4.870739428187531672e+01
7.000000000000000000e+00 8.814047651572654019e+00
7.000000000000000000e+00 8.814047651572654019e+00
7.000000000000000000e+00 8.814047651572654019e+00
7.000000000000000000e+00 8.814047651572654019e+00
7.000000000000000000e+00 8.814047651572654019e+00
7.000000000000000000e+00 8.814047651572654019e+00
7.000000000000000000e+00 7.298553414421199648e+00
7.000000000000000000e+00 7.298553414421199648e+00
7.000000000000000000e+00 7.298553414421199648e+00
7.000000000000000000e+00 7.298553414421199648e+00
7.000000000000000000e+00 7.298553414421199648e+00
7.000000000000000000e+00 7.298553414421199648e+00
7.000000000000000000e+00 7.298553414421199648e+00
7.000000000000000000e+00 7.298553414421199648e+00
7.000000000000000000e+00 7.298553414421199648e+00
7.000000000000000000e+00 7.298553414421199648e+00
7.000000000000000000e+00 7.298553414421199648e+00
7.000000000000000000e+00 7.298553414421199648e+00
7.000000000000000000e+00 1.209958311286334576e+00
7.000000000000000000e+00 1.180545364226502469e+00
7.000000000000000000e+00 1.180545364226502469e+00
7.000000000000000000e+00 1.180545364226502469e+00
7.000000000000000000e+00 1.180545364226502469e+00
7.000000000000000000e+00 1.180545364226502469e+00
7.000000000000000000e+00 1.180545364226502469e+00
7.000000000000000000e+00 1.180545364226502469e+00
7.000000000000000000e+00 1.180545364226502469e+00
7.000000000000000000e+00 1.180545364226502469e+00
7.000000000000000000e+00 1.180545364226502469e+00
8.000000000000000000e+00 6.694152614159872883e+01
8.000000000000000000e+00 2.001440048961437768e+01
8.000000000000000000e+00 1.267741370127487954e+01
8.000000000000000000e+00 1.267741370127487954e+01
8.000000000000000000e+00 9.866920758548461734e+00
8.000000000000000000e+00 9.866920758548461734e+00
8.000000000000000000e+00 9.866920758548461734e+00
8.000000000000000000e+00 9.866920758548461734e+00
8.000000000000000000e+00 9.866920758548461734e+00
8.000000000000000000e+00 9.866920758548461734e+00
8.000000000000000000e+00 9.866920758548461734e+00
8.000000000000000000e+00 4.332892192170979762e+00
8.000000000000000000e+00 4.332892192170979762e+00
8.000000000000000000e+00 4.332892192170979762e+00
8.000000000000000000e+00 4.332892192170979762e+00
8.000000000000000000e+00 4.332892192170979762e+00
8.000000000000000000e+00 4.332892192170979762e+00
8.000000000000000000e+00 3.204708591276463903e+00
8.000000000000000000e+00 3.204708591276463903e+00
8.000000000000000000e+00 3.204708591276463903e+00
8.000000000000000000e+00 3.204708591276463903e+00
8.000000000000000000e+00 3.204708591276463903e+00
8.000000000000000000e+00 3.204708591276463903e+00
8.000000000000000000e+00 3.204708591276463903e+00
8.000000000000000000e+00 3.204708591276463903e+00
8.000000000000000000e+00 3.204708591276463903e+00
8.000000000000000000e+00 3.204708591276463903e+00
8.000000000000000000e+00 3.204708591276463903e+00
8.000000000000000000e+00 3.204708591276463903e+00
8.000000000000000000e+00 3.204708591276463903e+00
9.000000000000000000e+00 8.689003074261182746e+01
9.000000000000000000e+00 2.956769536343212579e+01
9.000000000000000000e+00 1.649317634018020939e+01
9.000000000000000000e+00 1.649317634018020939e+01
9.000000000000000000e+00 1.649317634018020939e+01
9.000000000000000000e+00 1.649317634018020939e+01
9.000000000000000000e+00 1.649317634018020939e+01
9.000000000000000000e+00 1.649317634018020939e+01
9.000000000000000000e+00 1.649317634018020939e+01
9.000000000000000000e+00 1.649317634018020939e+01
9.000000000000000000e+00 3.495103612099487389e+00
9.000000000000000000e+00 3.495103612099487389e+00
9.000000000000000000e+00 3.495103612099487389e+00
9.000000000000000000e+00 3.495103612099487389e+00
9.000000000000000000e+00 3.495103612099487389e+00
9.000000000000000000e+00 3.495103612099487389e+00
9.000000000000000000e+00 3.495103612099487389e+00
9.000000000000000000e+00 3.495103612099487389e+00
9.000000000000000000e+00 3.495103612099487389e+00
9.000000000000000000e+00 3.495103612099487389e+00
9.000000000000000000e+00 3.495103612099487389e+00
9.000000000000000000e+00 3.495103612099487389e+00
9.000000000000000000e+00 3.495103612099487389e+00
9.000000000000000000e+00 3.495103612099487389e+00
9.000000000000000000e+00 3.495103612099487389e+00
9.000000000000000000e+00 3.495103612099487389e+00
9.000000000000000000e+00 3.495103612099487389e+00
9.000000000000000000e+00 3.495103612099487389e+00
9.000000000000000000e+00 3.495103612099487389e+00
9.000000000000000000e+00 3.495103612099487389e+00
