6.904345850525988005e-310 1.610873765841733920e-316
0.000000000000000000e+00 -3.560809378227790534e-01
0.000000000000000000e+00 -8.008491249883711305e-01
0.000000000000000000e+00 -8.950661247317308611e-01
0.000000000000000000e+00 -8.950661247317308611e-01
0.000000000000000000e+00 -8.950661247317308611e-01
0.000000000000000000e+00 -8.950661247317308611e-01
0.000000000000000000e+00 -8.950661247317308611e-01
0.000000000000000000e+00 -2.332719113445276271e+00
0.000000000000000000e+00 -2.332719113445276271e+00
0.000000000000000000e+00 -3.922872857577021755e+00
0.000000000000000000e+00 -3.922872857577021755e+00
0.000000000000000000e+00 -3.922872857577021755e+00
0.000000000000000000e+00 -5.707267594872693195e+00
0.000000000000000000e+00 -5.707267594872693195e+00
0.000000000000000000e+00 -5.707267594872693195e+00
0.000000000000000000e+00 -5.707267594872693195e+00
0.000000000000000000e+00 -5.707267594872693195e+00
0.000000000000000000e+00 -5.707267594872693195e+00
0.000000000000000000e+00 -5.707267594872693195e+00
0.000000000000000000e+00 -6.158448276425891876e+00
0.000000000000000000e+00 -6.158448276425891876e+00
0.000000000000000000e+00 -6.158448276425891876e+00
0.000000000000000000e+00 -6.158448276425891876e+00
0.000000000000000000e+00 -6.158448276425891876e+00
0.000000000000000000e+00 -6.158448276425891876e+00
0.000000000000000000e+00 -6.158448276425891876e+00
0.000000000000000000e+00 -6.158448276425891876e+00
0.000000000000000000e+00 -6.158448276425891876e+00
0.000000000000000000e+00 -6.158448276425891876e+00
0.000000000000000000e+00 -6.158448276425891876e+00
1.000000000000000000e+00 5.486355003343648118e-01
1.000000000000000000e+00 5.486355003343648118e-01
1.000000000000000000e+00 5.486355003343648118e-01
1.000000000000000000e+00 5.486355003343648118e-01
1.000000000000000000e+00 -3.004924440114655759e-01
1.000000000000000000e+00 -3.211745554764676047e+00
1.000000000000000000e+00 -3.211745554764676047e+00
1.000000000000000000e+00 -3.370179776503510194e+00
1.000000000000000000e+00 -3.370179776503510194e+00
1.000000000000000000e+00 -3.370179776503510194e+00
1.000000000000000000e+00 -3.370179776503510194e+00
1.000000000000000000e+00 -3.370179776503510194e+00
1.000000000000000000e+00 -3.370179776503510194e+00
1.000000000000000000e+00 -3.370179776503510194e+00
1.000000000000000000e+00 -3.370179776503510194e+00
1.000000000000000000e+00 -5.478252361320134156e+00
1.000000000000000000e+00 -5.478252361320134156e+00
1.000000000000000000e+00 -5.478252361320134156e+00
1.000000000000000000e+00 -5.478252361320134156e+00
1.000000000000000000e+00 -5.478252361320134156e+00
1.000000000000000000e+00 -5.478252361320134156e+00
1.000000000000000000e+00 -5.478252361320134156e+00
1.000000000000000000e+00 -5.478252361320134156e+00
1.000000000000000000e+00 -5.478252361320134156e+00
1.000000000000000000e+00 -5.478252361320134156e+00
1.000000000000000000e+00 -5.478252361320134156e+00
1.000000000000000000e+00 -5.478252361320134156e+00
1.000000000000000000e+00 -5.478252361320134156e+00
1.000000000000000000e+00 -5.478252361320134156e+00
1.000000000000000000e+00 -5.478252361320134156e+00
2.000000000000000000e+00 -2.923682114655445474e+00
2.000000000000000000e+00 -2.923682114655445474e+00
2.000000000000000000e+00 -2.923682114655445474e+00
2.000000000000000000e+00 -2.923682114655445474e+00
2.000000000000000000e+00 -2.923682114655445474e+00
2.000000000000000000e+00 -2.923682114655445474e+00
2.000000000000000000e+00 -2.923682114655445474e+00
2.000000000000000000e+00 -2.923682114655445474e+00
2.000000000000000000e+00 -4.349076702511104564e+00
2.000000000000000000e+00 -4.349076702511104564e+00
2.000000000000000000e+00 -4.407290809444093682e+00
2.000000000000000000e+00 -4.407290809444093682e+00
2.000000000000000000e+00 -5.336174784191814346e+00
2.000000000000000000e+00 -6.119522898572301806e+00
2.000000000000000000e+00 -6.119522898572301806e+00
2.000000000000000000e+00 -6.119522898572301806e+00
2.000000000000000000e+00 -6.119522898572301806e+00
2.000000000000000000e+00 -6.119522898572301806e+00
2.000000000000000000e+00 -6.119522898572301806e+00
2.000000000000000000e+00 -6.119522898572301806e+00
2.000000000000000000e+00 -6.119522898572301806e+00
2.000000000000000000e+00 -6.119522898572301806e+00
2.000000000000000000e+00 -6.119522898572301806e+00
2.000000000000000000e+00 -6.119522898572301806e+00
2.000000000000000000e+00 -6.119522898572301806e+00
2.000000000000000000e+00 -6.119522898572301806e+00
2.000000000000000000e+00 -6.119522898572301806e+00
2.000000000000000000e+00 -6.119522898572301806e+00
2.000000000000000000e+00 -6.380238019660708026e+00
2.000000000000000000e+00 -6.380238019660708026e+00
3.000000000000000000e+00 -1.341792863404827507e+00
3.000000000000000000e+00 -3.114600978067249670e+00
3.000000000000000000e+00 -3.114600978067249670e+00
3.000000000000000000e+00 -3.114600978067249670e+00
3.000000000000000000e+00 -3.114600978067249670e+00
3.000000000000000000e+00 -3.114600978067249670e+00
3.000000000000000000e+00 -3.114600978067249670e+00
3.000000000000000000e+00 -3.114600978067249670e+00
3.000000000000000000e+00 -3.114600978067249670e+00
3.000000000000000000e+00 -3.114600978067249670e+00
3.000000000000000000e+00 -3.114600978067249670e+00
3.000000000000000000e+00 -3.114600978067249670e+00
3.000000000000000000e+00 -3.114600978067249670e+00
3.000000000000000000e+00 -3.114600978067249670e+00
3.000000000000000000e+00 -3.114600978067249670e+00
3.000000000000000000e+00 -3.318166399270047862e+00
3.000000000000000000e+00 -3.318166399270047862e+00
3.000000000000000000e+00 -3.318166399270047862e+00
3.000000000000000000e+00 -3.318166399270047862e+00
3.000000000000000000e+00 -3.318166399270047862e+00
3.000000000000000000e+00 -3.318166399270047862e+00
3.000000000000000000e+00 -3.318166399270047862e+00
3.000000000000000000e+00 -3.318166399270047862e+00
3.000000000000000000e+00 -3.318166399270047862e+00
3.000000000000000000e+00 -3.318166399270047862e+00
3.000000000000000000e+00 -3.318166399270047862e+00
3.000000000000000000e+00 -3.318166399270047862e+00
3.000000000000000000e+00 -3.318166399270047862e+00
3.000000000000000000e+00 -3.318166399270047862e+00
3.000000000000000000e+00 -6.003479856746335663e+00
4.000000000000000000e+00 -2.527589521414036700e+00
4.000000000000000000e+00 -2.527589521414036700e+00
4.000000000000000000e+00 -2.527589521414036700e+00
4.000000000000000000e+00 -2.527589521414036700e+00
4.000000000000000000e+00 -3.288766286251626703e+00
4.000000000000000000e+00 -3.288766286251626703e+00
4.000000000000000000e+00 -3.288766286251626703e+00
4.000000000000000000e+00 -3.288766286251626703e+00
4.000000000000000000e+00 -3.288766286251626703e+00
4.000000000000000000e+00 -3.288766286251626703e+00
4.000000000000000000e+00 -3.288766286251626703e+00
4.000000000000000000e+00 -3.288766286251626703e+00
4.000000000000000000e+00 -3.316254186086581068e+00
4.000000000000000000e+00 -3.316254186086581068e+00
4.000000000000000000e+00 -3.316254186086581068e+00
4.000000000000000000e+00 -3.316254186086581068e+00
4.000000000000000000e+00 -3.316254186086581068e+00
4.000000000000000000e+00 -3.316254186086581068e+00
4.000000000000000000e+00 -3.316254186086581068e+00
4.000000000000000000e+00 -3.316254186086581068e+00
4.000000000000000000e+00 -3.316254186086581068e+00
4.000000000000000000e+00 -3.316254186086581068e+00
4.000000000000000000e+00 -3.316254186086581068e+00
4.000000000000000000e+00 -3.316254186086581068e+00
4.000000000000000000e+00 -3.316254186086581068e+00
4.000000000000000000e+00 -3.316254186086581068e+00
4.000000000000000000e+00 -3.316254186086581068e+00
4.000000000000000000e+00 -3.316254186086581068e+00
4.000000000000000000e+00 -3.316254186086581068e+00
4.000000000000000000e+00 -3.316254186086581068e+00
5.000000000000000000e+00 2.358001643406009429e-01
5.000000000000000000e+00 2.358001643406009429e-01
5.000000000000000000e+00 2.358001643406009429e-01
5.000000000000000000e+00 2.358001643406009429e-01
5.000000000000000000e+00 -2.251077373724410968e+00
5.000000000000000000e+00 -2.251077373724410968e+00
5.000000000000000000e+00 -2.251077373724410968e+00
5.000000000000000000e+00 -5.652168675100909034e+00
5.000000000000000000e+00 -5.652168675100909034e+00
5.000000000000000000e+00 -5.652168675100909034e+00
5.000000000000000000e+00 -5.652168675100909034e+00
5.000000000000000000e+00 -5.652168675100909034e+00
5.000000000000000000e+00 -5.652168675100909034e+00
5.000000000000000000e+00 -5.652168675100909034e+00
5.000000000000000000e+00 -5.652168675100909034e+00
5.000000000000000000e+00 -5.652168675100909034e+00
5.000000000000000000e+00 -5.652168675100909034e+00
5.000000000000000000e+00 -5.652168675100909034e+00
5.000000000000000000e+00 -5.652168675100909034e+00
5.000000000000000000e+00 -5.652168675100909034e+00
5.000000000000000000e+00 -5.652168675100909034e+00
5.000000000000000000e+00 -5.652168675100909034e+00
5.000000000000000000e+00 -5.652168675100909034e+00
5.000000000000000000e+00 -5.652168675100909034e+00
5.000000000000000000e+00 -5.652168675100909034e+00
5.000000000000000000e+00 -5.652168675100909034e+00
5.000000000000000000e+00 -5.652168675100909034e+00
5.000000000000000000e+00 -5.652168675100909034e+00
5.000000000000000000e+00 -5.652168675100909034e+00
5.000000000000000000e+00 -5.652168675100909034e+00
6.000000000000000000e+00 -2.950864731171213062e+00
6.000000000000000000e+00 -2.950864731171213062e+00
6.000000000000000000e+00 -2.950864731171213062e+00
6.000000000000000000e+00 -2.950864731171213062e+00
6.000000000000000000e+00 -2.950864731171213062e+00
6.000000000000000000e+00 -2.950864731171213062e+00
6.000000000000000000e+00 -7.335317685853913972e+00
6.000000000000000000e+00 -7.335317685853913972e+00
6.000000000000000000e+00 -7.335317685853913972e+00
6.000000000000000000e+00 -7.335317685853913972e+00
6.000000000000000000e+00 -7.335317685853913972e+00
6.000000000000000000e+00 -7.335317685853913972e+00
6.000000000000000000e+00 -7.335317685853913972e+00
6.000000000000000000e+00 -7.335317685853913972e+00
6.000000000000000000e+00 -7.335317685853913972e+00
6.000000000000000000e+00 -7.335317685853913972e+00
6.000000000000000000e+00 -7.335317685853913972e+00
6.000000000000000000e+00 -7.335317685853913972e+00
6.000000000000000000e+00 -7.335317685853913972e+00
6.000000000000000000e+00 -7.335317685853913972e+00
6.000000000000000000e+00 -7.335317685853913972e+00
6.000000000000000000e+00 -7.335317685853913972e+00
6.000000000000000000e+00 -7.335317685853913972e+00
6.000000000000000000e+00 -7.335317685853913972e+00
6.000000000000000000e+00 -7.335317685853913972e+00
6.000000000000000000e+00 -7.335317685853913972e+00
6.000000000000000000e+00 -7.335317685853913972e+00
6.000000000000000000e+00 -7.335317685853913972e+00
6.000000000000000000e+00 -7.335317685853913972e+00
6.000000000000000000e+00 -7.335317685853913972e+00
7.000000000000000000e+00 -3.181002843710528438e+00
7.000000000000000000e+00 -3.372999616378828058e+00
7.000000000000000000e+00 -3.372999616378828058e+00
7.000000000000000000e+00 -3.372999616378828058e+00
7.000000000000000000e+00 -3.372999616378828058e+00
7.000000000000000000e+00 -3.372999616378828058e+00
7.000000000000000000e+00 -3.372999616378828058e+00
7.000000000000000000e+00 -3.372999616378828058e+00
7.000000000000000000e+00 -3.372999616378828058e+00
7.000000000000000000e+00 -3.372999616378828058e+00
7.000000000000000000e+00 -3.372999616378828058e+00
7.000000000000000000e+00 -3.372999616378828058e+00
7.000000000000000000e+00 -3.372999616378828058e+00
7.000000000000000000e+00 -3.372999616378828058e+00
7.000000000000000000e+00 -3.372999616378828058e+00
7.000000000000000000e+00 -3.372999616378828058e+00
7.000000000000000000e+00 -3.621353772376007196e+00
7.000000000000000000e+00 -3.621353772376007196e+00
7.000000000000000000e+00 -3.621353772376007196e+00
7.000000000000000000e+00 -4.974238798842754328e+00
7.000000000000000000e+00 -4.974238798842754328e+00
7.000000000000000000e+00 -4.974238798842754328e+00
7.000000000000000000e+00 -4.974238798842754328e+00
7.000000000000000000e+00 -4.974238798842754328e+00
7.000000000000000000e+00 -4.974238798842754328e+00
7.000000000000000000e+00 -4.974238798842754328e+00
7.000000000000000000e+00 -4.974238798842754328e+00
7.000000000000000000e+00 -4.974238798842754328e+00
7.000000000000000000e+00 -4.974238798842754328e+00
7.000000000000000000e+00 -4.974238798842754328e+00
