0.000000000000000000e+00 6.916919041777451618e-323
0.000000000000000000e+00 5.198082047075169854e-02
0.000000000000000000e+00 -1.327241813628926015e-01
0.000000000000000000e+00 -1.029045550455305857e+01
0.000000000000000000e+00 -1.029045550455305857e+01
0.000000000000000000e+00 -1.029045550455305857e+01
0.000000000000000000e+00 -1.029045550455305857e+01
0.000000000000000000e+00 -1.029045550455305857e+01
0.000000000000000000e+00 -1.029045550455305857e+01
0.000000000000000000e+00 -2.065157803188878205e+01
0.000000000000000000e+00 -2.065157803188878205e+01
0.000000000000000000e+00 -2.065157803188878205e+01
0.000000000000000000e+00 -2.065157803188878205e+01
0.000000000000000000e+00 -2.065157803188878205e+01
0.000000000000000000e+00 -2.065157803188878205e+01
0.000000000000000000e+00 -2.065157803188878205e+01
0.000000000000000000e+00 -2.065157803188878205e+01
0.000000000000000000e+00 -2.065157803188878205e+01
0.000000000000000000e+00 -2.065157803188878205e+01
0.000000000000000000e+00 -2.065157803188878205e+01
0.000000000000000000e+00 -2.065157803188878205e+01
0.000000000000000000e+00 -2.065157803188878205e+01
0.000000000000000000e+00 -2.065157803188878205e+01
0.000000000000000000e+00 -2.065157803188878205e+01
0.000000000000000000e+00 -2.065157803188878205e+01
0.000000000000000000e+00 -2.065157803188878205e+01
0.000000000000000000e+00 -2.065157803188878205e+01
0.000000000000000000e+00 -2.065157803188878205e+01
0.000000000000000000e+00 -2.065157803188878205e+01
0.000000000000000000e+00 -2.065157803188878205e+01
0.000000000000000000e+00 -2.065157803188878205e+01
0.000000000000000000e+00 -2.065157803188878205e+01
0.000000000000000000e+00 -2.065157803188878205e+01
0.000000000000000000e+00 -2.065157803188878205e+01
0.000000000000000000e+00 -2.065157803188878205e+01
0.000000000000000000e+00 -2.065157803188878205e+01
0.000000000000000000e+00 -2.065157803188878205e+01
0.000000000000000000e+00 -2.065157803188878205e+01
0.000000000000000000e+00 -2.065157803188878205e+01
0.000000000000000000e+00 -2.065157803188878205e+01
0.000000000000000000e+00 -2.402105522914427382e+01
0.000000000000000000e+00 -2.402105522914427382e+01
0.000000000000000000e+00 -2.402105522914427382e+01
0.000000000000000000e+00 -2.402105522914427382e+01
0.000000000000000000e+00 -2.402105522914427382e+01
0.000000000000000000e+00 -2.402105522914427382e+01
0.000000000000000000e+00 -2.402105522914427382e+01
0.000000000000000000e+00 -2.402105522914427382e+01
0.000000000000000000e+00 -2.402105522914427382e+01
0.000000000000000000e+00 -2.402105522914427382e+01
0.000000000000000000e+00 -2.402105522914427382e+01
0.000000000000000000e+00 -2.402105522914427382e+01
0.000000000000000000e+00 -2.402105522914427382e+01
0.000000000000000000e+00 -2.402105522914427382e+01
0.000000000000000000e+00 -3.747428915958709439e+01
0.000000000000000000e+00 -3.747428915958709439e+01
0.000000000000000000e+00 -3.747428915958709439e+01
0.000000000000000000e+00 -3.747428915958709439e+01
0.000000000000000000e+00 -3.747428915958709439e+01
0.000000000000000000e+00 -3.747428915958709439e+01
0.000000000000000000e+00 -3.747428915958709439e+01
0.000000000000000000e+00 -3.747428915958709439e+01
0.000000000000000000e+00 -3.747428915958709439e+01
0.000000000000000000e+00 -3.747428915958709439e+01
0.000000000000000000e+00 -3.747428915958709439e+01
0.000000000000000000e+00 -3.747428915958709439e+01
0.000000000000000000e+00 -3.747428915958709439e+01
0.000000000000000000e+00 -3.747428915958709439e+01
0.000000000000000000e+00 -3.747428915958709439e+01
0.000000000000000000e+00 -3.747428915958709439e+01
0.000000000000000000e+00 -3.747428915958709439e+01
0.000000000000000000e+00 -3.747428915958709439e+01
0.000000000000000000e+00 -3.747428915958709439e+01
0.000000000000000000e+00 -3.747428915958709439e+01
0.000000000000000000e+00 -3.747428915958709439e+01
0.000000000000000000e+00 -3.747428915958709439e+01
