6.930271131569341242e-310 7.758635362698699649e-316
0.000000000000000000e+00 -7.041849156077484295e-01
0.000000000000000000e+00 -7.041849156077484295e-01
0.000000000000000000e+00 -7.041849156077484295e-01
0.000000000000000000e+00 -7.041849156077484295e-01
0.000000000000000000e+00 -7.041849156077484295e-01
0.000000000000000000e+00 -7.041849156077484295e-01
0.000000000000000000e+00 -7.041849156077484295e-01
0.000000000000000000e+00 -7.041849156077484295e-01
0.000000000000000000e+00 -7.041849156077484295e-01
0.000000000000000000e+00 -7.041849156077484295e-01
0.000000000000000000e+00 -2.039943591682198409e+00
0.000000000000000000e+00 -2.039943591682198409e+00
0.000000000000000000e+00 -2.039943591682198409e+00
0.000000000000000000e+00 -2.039943591682198409e+00
0.000000000000000000e+00 -2.039943591682198409e+00
0.000000000000000000e+00 -2.039943591682198409e+00
0.000000000000000000e+00 -2.039943591682198409e+00
0.000000000000000000e+00 -2.039943591682198409e+00
0.000000000000000000e+00 -2.039943591682198409e+00
0.000000000000000000e+00 -2.039943591682198409e+00
0.000000000000000000e+00 -2.039943591682198409e+00
0.000000000000000000e+00 -2.039943591682198409e+00
0.000000000000000000e+00 -2.039943591682198409e+00
0.000000000000000000e+00 -2.039943591682198409e+00
0.000000000000000000e+00 -2.039943591682198409e+00
0.000000000000000000e+00 -2.039943591682198409e+00
0.000000000000000000e+00 -2.039943591682198409e+00
0.000000000000000000e+00 -2.039943591682198409e+00
0.000000000000000000e+00 -2.039943591682198409e+00
0.000000000000000000e+00 -2.039943591682198409e+00
1.000000000000000000e+00 1.590837952229798624e+00
1.000000000000000000e+00 -7.444418491946326322e-01
1.000000000000000000e+00 -7.444418491946326322e-01
1.000000000000000000e+00 -7.444418491946326322e-01
1.000000000000000000e+00 -7.444418491946326322e-01
1.000000000000000000e+00 -7.444418491946326322e-01
1.000000000000000000e+00 -7.444418491946326322e-01
1.000000000000000000e+00 -7.444418491946326322e-01
1.000000000000000000e+00 -7.444418491946326322e-01
1.000000000000000000e+00 -7.444418491946326322e-01
1.000000000000000000e+00 -7.444418491946326322e-01
1.000000000000000000e+00 -1.857687135997956762e+00
1.000000000000000000e+00 -2.065841067799262021e+00
1.000000000000000000e+00 -2.065841067799262021e+00
1.000000000000000000e+00 -2.065841067799262021e+00
1.000000000000000000e+00 -2.065841067799262021e+00
1.000000000000000000e+00 -2.065841067799262021e+00
1.000000000000000000e+00 -2.065841067799262021e+00
1.000000000000000000e+00 -2.065841067799262021e+00
1.000000000000000000e+00 -2.065841067799262021e+00
1.000000000000000000e+00 -2.065841067799262021e+00
1.000000000000000000e+00 -2.065841067799262021e+00
1.000000000000000000e+00 -2.065841067799262021e+00
1.000000000000000000e+00 -2.065841067799262021e+00
1.000000000000000000e+00 -2.065841067799262021e+00
1.000000000000000000e+00 -2.065841067799262021e+00
1.000000000000000000e+00 -2.065841067799262021e+00
1.000000000000000000e+00 -2.065841067799262021e+00
1.000000000000000000e+00 -2.065841067799262021e+00
1.000000000000000000e+00 -2.065841067799262021e+00
2.000000000000000000e+00 1.578096996980493660e+00
2.000000000000000000e+00 1.578096996980493660e+00
2.000000000000000000e+00 1.578096996980493660e+00
2.000000000000000000e+00 1.578096996980493660e+00
2.000000000000000000e+00 1.578096996980493660e+00
2.000000000000000000e+00 1.578096996980493660e+00
2.000000000000000000e+00 1.578096996980493660e+00
2.000000000000000000e+00 1.578096996980493660e+00
2.000000000000000000e+00 1.578096996980493660e+00
2.000000000000000000e+00 7.517981229067218774e-01
2.000000000000000000e+00 7.517981229067218774e-01
2.000000000000000000e+00 1.965658419766576903e-01
2.000000000000000000e+00 1.965658419766576903e-01
2.000000000000000000e+00 -1.512399344086613917e+00
2.000000000000000000e+00 -1.512399344086613917e+00
2.000000000000000000e+00 -1.742748478085265118e+00
2.000000000000000000e+00 -1.742748478085265118e+00
2.000000000000000000e+00 -1.742748478085265118e+00
2.000000000000000000e+00 -1.742748478085265118e+00
2.000000000000000000e+00 -1.742748478085265118e+00
2.000000000000000000e+00 -1.742748478085265118e+00
2.000000000000000000e+00 -1.742748478085265118e+00
2.000000000000000000e+00 -1.742748478085265118e+00
2.000000000000000000e+00 -1.742748478085265118e+00
2.000000000000000000e+00 -1.742748478085265118e+00
2.000000000000000000e+00 -1.742748478085265118e+00
2.000000000000000000e+00 -1.742748478085265118e+00
2.000000000000000000e+00 -1.742748478085265118e+00
2.000000000000000000e+00 -1.742748478085265118e+00
2.000000000000000000e+00 -1.742748478085265118e+00
3.000000000000000000e+00 7.218301695909848270e+00
3.000000000000000000e+00 -5.726778557526477492e-02
3.000000000000000000e+00 -5.726778557526477492e-02
3.000000000000000000e+00 -5.141081005725068875e-01
3.000000000000000000e+00 -6.870899031134372059e-01
3.000000000000000000e+00 -6.870899031134372059e-01
3.000000000000000000e+00 -6.870899031134372059e-01
3.000000000000000000e+00 -6.870899031134372059e-01
3.000000000000000000e+00 -6.870899031134372059e-01
3.000000000000000000e+00 -6.870899031134372059e-01
3.000000000000000000e+00 -6.870899031134372059e-01
3.000000000000000000e+00 -6.870899031134372059e-01
3.000000000000000000e+00 -1.669521855942018185e+00
3.000000000000000000e+00 -1.895968522630683939e+00
3.000000000000000000e+00 -1.895968522630683939e+00
3.000000000000000000e+00 -1.895968522630683939e+00
3.000000000000000000e+00 -1.895968522630683939e+00
3.000000000000000000e+00 -1.895968522630683939e+00
3.000000000000000000e+00 -1.895968522630683939e+00
3.000000000000000000e+00 -1.945402397083510593e+00
3.000000000000000000e+00 -1.945402397083510593e+00
3.000000000000000000e+00 -1.945402397083510593e+00
3.000000000000000000e+00 -1.945402397083510593e+00
3.000000000000000000e+00 -1.945402397083510593e+00
3.000000000000000000e+00 -1.945402397083510593e+00
3.000000000000000000e+00 -1.945402397083510593e+00
3.000000000000000000e+00 -1.945402397083510593e+00
3.000000000000000000e+00 -2.028715274572831184e+00
3.000000000000000000e+00 -2.028715274572831184e+00
3.000000000000000000e+00 -2.028715274572831184e+00
4.000000000000000000e+00 3.323245944731308299e+00
4.000000000000000000e+00 3.323245944731308299e+00
4.000000000000000000e+00 9.667953908935575935e-01
4.000000000000000000e+00 9.667953908935575935e-01
4.000000000000000000e+00 9.667953908935575935e-01
4.000000000000000000e+00 9.667953908935575935e-01
4.000000000000000000e+00 9.667953908935575935e-01
4.000000000000000000e+00 9.667953908935575935e-01
4.000000000000000000e+00 -1.135540722054000917e-01
4.000000000000000000e+00 -1.135540722054000917e-01
4.000000000000000000e+00 -9.572609193452743526e-01
4.000000000000000000e+00 -1.623165523923549403e+00
4.000000000000000000e+00 -1.826960849008539611e+00
4.000000000000000000e+00 -1.826960849008539611e+00
4.000000000000000000e+00 -1.826960849008539611e+00
4.000000000000000000e+00 -1.877896437219023884e+00
4.000000000000000000e+00 -2.041382360570076049e+00
4.000000000000000000e+00 -2.041382360570076049e+00
4.000000000000000000e+00 -2.041382360570076049e+00
4.000000000000000000e+00 -2.076988136492468939e+00
4.000000000000000000e+00 -2.076988136492468939e+00
4.000000000000000000e+00 -2.076988136492468939e+00
4.000000000000000000e+00 -2.076988136492468939e+00
4.000000000000000000e+00 -2.076988136492468939e+00
4.000000000000000000e+00 -2.076988136492468939e+00
4.000000000000000000e+00 -2.076988136492468939e+00
4.000000000000000000e+00 -2.076988136492468939e+00
4.000000000000000000e+00 -2.076988136492468939e+00
4.000000000000000000e+00 -2.076988136492468939e+00
4.000000000000000000e+00 -2.076988136492468939e+00
5.000000000000000000e+00 9.633835936177920445e+00
5.000000000000000000e+00 1.212559556175227815e+00
5.000000000000000000e+00 -1.607235546113188418e+00
5.000000000000000000e+00 -1.607235546113188418e+00
5.000000000000000000e+00 -1.607235546113188418e+00
5.000000000000000000e+00 -1.607235546113188418e+00
5.000000000000000000e+00 -1.693827477678532700e+00
5.000000000000000000e+00 -1.693827477678532700e+00
5.000000000000000000e+00 -1.693827477678532700e+00
5.000000000000000000e+00 -1.693827477678532700e+00
5.000000000000000000e+00 -1.693827477678532700e+00
5.000000000000000000e+00 -1.693827477678532700e+00
5.000000000000000000e+00 -1.996965854944790619e+00
5.000000000000000000e+00 -1.996965854944790619e+00
5.000000000000000000e+00 -1.996965854944790619e+00
5.000000000000000000e+00 -1.996965854944790619e+00
5.000000000000000000e+00 -1.996965854944790619e+00
5.000000000000000000e+00 -1.996965854944790619e+00
5.000000000000000000e+00 -1.996965854944790619e+00
5.000000000000000000e+00 -2.016900732553209785e+00
5.000000000000000000e+00 -2.016900732553209785e+00
5.000000000000000000e+00 -2.016900732553209785e+00
5.000000000000000000e+00 -2.016900732553209785e+00
5.000000000000000000e+00 -2.016900732553209785e+00
5.000000000000000000e+00 -2.016900732553209785e+00
5.000000000000000000e+00 -2.016900732553209785e+00
5.000000000000000000e+00 -2.016900732553209785e+00
5.000000000000000000e+00 -2.016900732553209785e+00
5.000000000000000000e+00 -2.016900732553209785e+00
5.000000000000000000e+00 -2.016900732553209785e+00
6.000000000000000000e+00 3.834876551078719054e+00
6.000000000000000000e+00 3.606865973868970787e+00
6.000000000000000000e+00 3.606865973868970787e+00
6.000000000000000000e+00 3.606865973868970787e+00
6.000000000000000000e+00 1.547853859960822920e+00
6.000000000000000000e+00 1.547853859960822920e+00
6.000000000000000000e+00 1.547853859960822920e+00
6.000000000000000000e+00 1.547853859960822920e+00
6.000000000000000000e+00 1.547853859960822920e+00
6.000000000000000000e+00 1.547853859960822920e+00
6.000000000000000000e+00 1.547853859960822920e+00
6.000000000000000000e+00 -1.161011182547761811e+00
6.000000000000000000e+00 -1.161011182547761811e+00
6.000000000000000000e+00 -1.161011182547761811e+00
6.000000000000000000e+00 -1.161011182547761811e+00
6.000000000000000000e+00 -1.161011182547761811e+00
6.000000000000000000e+00 -1.161011182547761811e+00
6.000000000000000000e+00 -1.161011182547761811e+00
6.000000000000000000e+00 -1.161011182547761811e+00
6.000000000000000000e+00 -1.879124752268663379e+00
6.000000000000000000e+00 -1.977993483887326764e+00
6.000000000000000000e+00 -2.029148221992656431e+00
6.000000000000000000e+00 -2.029148221992656431e+00
6.000000000000000000e+00 -2.029148221992656431e+00
6.000000000000000000e+00 -2.029148221992656431e+00
6.000000000000000000e+00 -2.029148221992656431e+00
6.000000000000000000e+00 -2.029148221992656431e+00
6.000000000000000000e+00 -2.029148221992656431e+00
6.000000000000000000e+00 -2.029148221992656431e+00
6.000000000000000000e+00 -2.029148221992656431e+00
7.000000000000000000e+00 -1.076783260527559793e+00
7.000000000000000000e+00 -1.076783260527559793e+00
7.000000000000000000e+00 -1.076783260527559793e+00
7.000000000000000000e+00 -1.076783260527559793e+00
7.000000000000000000e+00 -1.076783260527559793e+00
7.000000000000000000e+00 -1.076783260527559793e+00
7.000000000000000000e+00 -1.076783260527559793e+00
7.000000000000000000e+00 -1.076783260527559793e+00
7.000000000000000000e+00 -1.076783260527559793e+00
7.000000000000000000e+00 -1.180605015037784700e+00
7.000000000000000000e+00 -1.182709717779245828e+00
7.000000000000000000e+00 -1.192157286896843749e+00
7.000000000000000000e+00 -1.923108087402987554e+00
7.000000000000000000e+00 -1.923108087402987554e+00
7.000000000000000000e+00 -1.923108087402987554e+00
7.000000000000000000e+00 -1.923108087402987554e+00
7.000000000000000000e+00 -1.923108087402987554e+00
7.000000000000000000e+00 -1.923108087402987554e+00
7.000000000000000000e+00 -1.923108087402987554e+00
7.000000000000000000e+00 -1.923108087402987554e+00
7.000000000000000000e+00 -1.923108087402987554e+00
7.000000000000000000e+00 -1.923108087402987554e+00
7.000000000000000000e+00 -1.923108087402987554e+00
7.000000000000000000e+00 -1.923108087402987554e+00
7.000000000000000000e+00 -1.923108087402987554e+00
7.000000000000000000e+00 -1.923108087402987554e+00
7.000000000000000000e+00 -1.923108087402987554e+00
7.000000000000000000e+00 -1.923108087402987554e+00
7.000000000000000000e+00 -1.923108087402987554e+00
7.000000000000000000e+00 -1.923108087402987554e+00
8.000000000000000000e+00 1.067028933329336482e+01
8.000000000000000000e+00 -5.933081167504714593e-01
8.000000000000000000e+00 -5.933081167504714593e-01
8.000000000000000000e+00 -5.933081167504714593e-01
8.000000000000000000e+00 -5.933081167504714593e-01
8.000000000000000000e+00 -5.933081167504714593e-01
8.000000000000000000e+00 -1.782589094325864654e+00
8.000000000000000000e+00 -1.782589094325864654e+00
8.000000000000000000e+00 -1.782589094325864654e+00
8.000000000000000000e+00 -1.782589094325864654e+00
8.000000000000000000e+00 -1.782589094325864654e+00
8.000000000000000000e+00 -1.782589094325864654e+00
8.000000000000000000e+00 -1.782589094325864654e+00
8.000000000000000000e+00 -1.870048976370770388e+00
8.000000000000000000e+00 -1.870048976370770388e+00
8.000000000000000000e+00 -1.893138267168784195e+00
8.000000000000000000e+00 -2.077450565199917332e+00
8.000000000000000000e+00 -2.077450565199917332e+00
8.000000000000000000e+00 -2.077450565199917332e+00
8.000000000000000000e+00 -2.077450565199917332e+00
8.000000000000000000e+00 -2.077450565199917332e+00
8.000000000000000000e+00 -2.077450565199917332e+00
8.000000000000000000e+00 -2.077450565199917332e+00
8.000000000000000000e+00 -2.077450565199917332e+00
8.000000000000000000e+00 -2.077450565199917332e+00
8.000000000000000000e+00 -2.077450565199917332e+00
8.000000000000000000e+00 -2.077450565199917332e+00
8.000000000000000000e+00 -2.077450565199917332e+00
8.000000000000000000e+00 -2.077450565199917332e+00
8.000000000000000000e+00 -2.077450565199917332e+00
9.000000000000000000e+00 -1.237917523091030869e+00
9.000000000000000000e+00 -1.237917523091030869e+00
9.000000000000000000e+00 -1.237917523091030869e+00
9.000000000000000000e+00 -1.237917523091030869e+00
9.000000000000000000e+00 -1.237917523091030869e+00
9.000000000000000000e+00 -1.237917523091030869e+00
9.000000000000000000e+00 -1.237917523091030869e+00
9.000000000000000000e+00 -1.237917523091030869e+00
9.000000000000000000e+00 -1.237917523091030869e+00
9.000000000000000000e+00 -1.339119315311397607e+00
9.000000000000000000e+00 -1.339119315311397607e+00
9.000000000000000000e+00 -1.815787213839518133e+00
9.000000000000000000e+00 -1.873094861290227175e+00
9.000000000000000000e+00 -1.873094861290227175e+00
9.000000000000000000e+00 -1.873094861290227175e+00
9.000000000000000000e+00 -1.873094861290227175e+00
9.000000000000000000e+00 -1.894643639794767909e+00
9.000000000000000000e+00 -1.894643639794767909e+00
9.000000000000000000e+00 -1.894643639794767909e+00
9.000000000000000000e+00 -1.894643639794767909e+00
9.000000000000000000e+00 -1.894643639794767909e+00
9.000000000000000000e+00 -1.894643639794767909e+00
9.000000000000000000e+00 -1.894643639794767909e+00
9.000000000000000000e+00 -1.955432741784655537e+00
9.000000000000000000e+00 -1.963325444132923980e+00
9.000000000000000000e+00 -1.963325444132923980e+00
9.000000000000000000e+00 -2.032927815278599670e+00
9.000000000000000000e+00 -2.032927815278599670e+00
9.000000000000000000e+00 -2.032927815278599670e+00
9.000000000000000000e+00 -2.032927815278599670e+00
