6.950065557105883876e-310 7.875951843182478650e-316
0.000000000000000000e+00 1.849800770451454355e+02
0.000000000000000000e+00 8.639645223999201207e+00
0.000000000000000000e+00 8.639645223999201207e+00
0.000000000000000000e+00 8.639645223999201207e+00
0.000000000000000000e+00 8.639645223999201207e+00
0.000000000000000000e+00 8.639645223999201207e+00
0.000000000000000000e+00 8.639645223999201207e+00
0.000000000000000000e+00 8.639645223999201207e+00
0.000000000000000000e+00 8.639645223999201207e+00
0.000000000000000000e+00 8.639645223999201207e+00
0.000000000000000000e+00 8.639645223999201207e+00
0.000000000000000000e+00 5.018456337005810397e+00
0.000000000000000000e+00 3.538643177058387934e+00
0.000000000000000000e+00 3.538643177058387934e+00
0.000000000000000000e+00 2.548807154101006223e+00
0.000000000000000000e+00 1.918948872048714227e+00
0.000000000000000000e+00 1.863691261775306973e+00
0.000000000000000000e+00 1.863691261775306973e+00
0.000000000000000000e+00 1.863691261775306973e+00
0.000000000000000000e+00 1.863691261775306973e+00
0.000000000000000000e+00 1.863691261775306973e+00
0.000000000000000000e+00 1.863691261775306973e+00
0.000000000000000000e+00 1.863691261775306973e+00
0.000000000000000000e+00 1.863691261775306973e+00
0.000000000000000000e+00 1.863691261775306973e+00
0.000000000000000000e+00 1.863691261775306973e+00
0.000000000000000000e+00 1.863691261775306973e+00
0.000000000000000000e+00 1.863691261775306973e+00
0.000000000000000000e+00 1.832658199054068238e+00
0.000000000000000000e+00 1.832658199054068238e+00
1.000000000000000000e+00 3.938200121731903636e+01
1.000000000000000000e+00 1.762478228084771459e+01
1.000000000000000000e+00 1.762478228084771459e+01
1.000000000000000000e+00 6.829980482596651470e+00
1.000000000000000000e+00 6.829980482596651470e+00
1.000000000000000000e+00 1.127535547896231227e+00
1.000000000000000000e+00 1.127535547896231227e+00
1.000000000000000000e+00 1.127535547896231227e+00
1.000000000000000000e+00 1.127535547896231227e+00
1.000000000000000000e+00 1.127535547896231227e+00
1.000000000000000000e+00 1.127535547896231227e+00
1.000000000000000000e+00 1.127535547896231227e+00
1.000000000000000000e+00 1.127535547896231227e+00
1.000000000000000000e+00 1.127535547896231227e+00
1.000000000000000000e+00 1.127535547896231227e+00
1.000000000000000000e+00 1.127535547896231227e+00
1.000000000000000000e+00 1.127535547896231227e+00
1.000000000000000000e+00 1.127535547896231227e+00
1.000000000000000000e+00 1.127535547896231227e+00
1.000000000000000000e+00 1.127535547896231227e+00
1.000000000000000000e+00 1.127535547896231227e+00
1.000000000000000000e+00 1.127535547896231227e+00
1.000000000000000000e+00 1.127535547896231227e+00
1.000000000000000000e+00 1.127535547896231227e+00
1.000000000000000000e+00 1.127535547896231227e+00
1.000000000000000000e+00 1.127535547896231227e+00
1.000000000000000000e+00 1.127535547896231227e+00
1.000000000000000000e+00 1.127535547896231227e+00
1.000000000000000000e+00 1.127535547896231227e+00
1.000000000000000000e+00 1.127535547896231227e+00
2.000000000000000000e+00 2.858448349164882174e+01
2.000000000000000000e+00 2.858448349164882174e+01
2.000000000000000000e+00 2.858448349164882174e+01
2.000000000000000000e+00 9.921048975047629170e+00
2.000000000000000000e+00 9.921048975047629170e+00
2.000000000000000000e+00 9.921048975047629170e+00
2.000000000000000000e+00 9.921048975047629170e+00
2.000000000000000000e+00 9.921048975047629170e+00
2.000000000000000000e+00 9.921048975047629170e+00
2.000000000000000000e+00 7.614091096264057335e+00
2.000000000000000000e+00 7.614091096264057335e+00
2.000000000000000000e+00 7.614091096264057335e+00
2.000000000000000000e+00 7.614091096264057335e+00
2.000000000000000000e+00 7.614091096264057335e+00
2.000000000000000000e+00 7.614091096264057335e+00
2.000000000000000000e+00 5.206991579526317970e+00
2.000000000000000000e+00 2.129163304161699966e+00
2.000000000000000000e+00 2.129163304161699966e+00
2.000000000000000000e+00 2.129163304161699966e+00
2.000000000000000000e+00 2.081243188156157053e+00
2.000000000000000000e+00 2.081243188156157053e+00
2.000000000000000000e+00 1.177660044060707900e+00
2.000000000000000000e+00 1.177660044060707900e+00
2.000000000000000000e+00 1.052697029843621346e+00
2.000000000000000000e+00 9.608023393963291969e-01
2.000000000000000000e+00 9.608023393963291969e-01
2.000000000000000000e+00 9.608023393963291969e-01
2.000000000000000000e+00 9.608023393963291969e-01
2.000000000000000000e+00 9.608023393963291969e-01
2.000000000000000000e+00 9.608023393963291969e-01
3.000000000000000000e+00 3.119785186615116146e+01
3.000000000000000000e+00 3.119785186615116146e+01
3.000000000000000000e+00 2.827364167282577156e+01
3.000000000000000000e+00 2.827364167282577156e+01
3.000000000000000000e+00 2.827364167282577156e+01
3.000000000000000000e+00 2.827364167282577156e+01
3.000000000000000000e+00 1.562890532351888240e+00
3.000000000000000000e+00 1.562890532351888240e+00
3.000000000000000000e+00 1.562890532351888240e+00
3.000000000000000000e+00 1.562890532351888240e+00
3.000000000000000000e+00 1.562890532351888240e+00
3.000000000000000000e+00 1.562890532351888240e+00
3.000000000000000000e+00 1.562890532351888240e+00
3.000000000000000000e+00 1.562890532351888240e+00
3.000000000000000000e+00 1.562890532351888240e+00
3.000000000000000000e+00 1.562890532351888240e+00
3.000000000000000000e+00 1.562890532351888240e+00
3.000000000000000000e+00 7.673975837206657991e-01
3.000000000000000000e+00 7.673975837206657991e-01
3.000000000000000000e+00 7.673975837206657991e-01
3.000000000000000000e+00 7.673975837206657991e-01
3.000000000000000000e+00 7.673975837206657991e-01
3.000000000000000000e+00 7.673975837206657991e-01
3.000000000000000000e+00 5.917943076065158570e-01
3.000000000000000000e+00 5.917943076065158570e-01
3.000000000000000000e+00 5.917943076065158570e-01
3.000000000000000000e+00 5.917943076065158570e-01
3.000000000000000000e+00 5.917943076065158570e-01
3.000000000000000000e+00 5.917943076065158570e-01
3.000000000000000000e+00 5.917943076065158570e-01
4.000000000000000000e+00 3.163218291739542209e+01
4.000000000000000000e+00 6.674021714155414564e+00
4.000000000000000000e+00 2.487930680646398329e+00
4.000000000000000000e+00 2.487930680646398329e+00
4.000000000000000000e+00 2.487930680646398329e+00
4.000000000000000000e+00 2.487930680646398329e+00
4.000000000000000000e+00 2.487930680646398329e+00
4.000000000000000000e+00 1.846107425514083245e+00
4.000000000000000000e+00 1.846107425514083245e+00
4.000000000000000000e+00 1.846107425514083245e+00
4.000000000000000000e+00 1.846107425514083245e+00
4.000000000000000000e+00 1.846107425514083245e+00
4.000000000000000000e+00 1.846107425514083245e+00
4.000000000000000000e+00 1.846107425514083245e+00
4.000000000000000000e+00 1.846107425514083245e+00
4.000000000000000000e+00 1.846107425514083245e+00
4.000000000000000000e+00 1.806564609505824093e+00
4.000000000000000000e+00 1.806564609505824093e+00
4.000000000000000000e+00 1.061783424063670322e+00
4.000000000000000000e+00 1.061783424063670322e+00
4.000000000000000000e+00 1.061783424063670322e+00
4.000000000000000000e+00 4.498039375129563866e-01
4.000000000000000000e+00 4.498039375129563866e-01
4.000000000000000000e+00 4.498039375129563866e-01
4.000000000000000000e+00 4.498039375129563866e-01
4.000000000000000000e+00 4.183695141290310615e-01
4.000000000000000000e+00 4.143629883022353910e-01
4.000000000000000000e+00 3.488286375033971543e-01
4.000000000000000000e+00 3.488286375033971543e-01
4.000000000000000000e+00 3.488286375033971543e-01
5.000000000000000000e+00 9.929928767681018087e+01
5.000000000000000000e+00 2.912590246379022574e+01
5.000000000000000000e+00 2.671002042276610311e+01
5.000000000000000000e+00 2.426882026097376510e+01
5.000000000000000000e+00 2.426882026097376510e+01
5.000000000000000000e+00 9.102280985230768451e+00
5.000000000000000000e+00 5.400718059579535435e+00
5.000000000000000000e+00 5.400718059579535435e+00
5.000000000000000000e+00 5.400718059579535435e+00
5.000000000000000000e+00 5.400718059579535435e+00
5.000000000000000000e+00 5.400718059579535435e+00
5.000000000000000000e+00 5.400718059579535435e+00
5.000000000000000000e+00 5.400718059579535435e+00
5.000000000000000000e+00 5.400718059579535435e+00
5.000000000000000000e+00 2.326951967220036721e+00
5.000000000000000000e+00 2.326951967220036721e+00
5.000000000000000000e+00 2.326951967220036721e+00
5.000000000000000000e+00 2.326951967220036721e+00
5.000000000000000000e+00 2.326951967220036721e+00
5.000000000000000000e+00 2.326951967220036721e+00
5.000000000000000000e+00 2.226056334975057727e+00
5.000000000000000000e+00 2.226056334975057727e+00
5.000000000000000000e+00 2.226056334975057727e+00
5.000000000000000000e+00 2.226056334975057727e+00
5.000000000000000000e+00 1.275907947915162044e+00
5.000000000000000000e+00 5.439138539658018301e-01
5.000000000000000000e+00 5.027902717451449011e-01
5.000000000000000000e+00 4.431668757860683927e-01
5.000000000000000000e+00 2.828887343414387967e-01
5.000000000000000000e+00 2.828887343414387967e-01
6.000000000000000000e+00 5.989239014279058182e+01
6.000000000000000000e+00 1.339700940693204778e+01
6.000000000000000000e+00 1.339700940693204778e+01
6.000000000000000000e+00 1.339700940693204778e+01
6.000000000000000000e+00 1.339700940693204778e+01
6.000000000000000000e+00 1.339700940693204778e+01
6.000000000000000000e+00 1.339700940693204778e+01
6.000000000000000000e+00 1.339700940693204778e+01
6.000000000000000000e+00 1.339700940693204778e+01
6.000000000000000000e+00 1.339700940693204778e+01
6.000000000000000000e+00 1.339700940693204778e+01
6.000000000000000000e+00 1.339700940693204778e+01
6.000000000000000000e+00 7.155367286462182896e+00
6.000000000000000000e+00 7.155367286462182896e+00
6.000000000000000000e+00 3.202835032256298398e+00
6.000000000000000000e+00 3.202835032256298398e+00
6.000000000000000000e+00 2.437960213140637489e+00
6.000000000000000000e+00 2.437960213140637489e+00
6.000000000000000000e+00 1.631637678669727975e+00
6.000000000000000000e+00 1.631637678669727975e+00
6.000000000000000000e+00 1.631637678669727975e+00
6.000000000000000000e+00 1.631637678669727975e+00
6.000000000000000000e+00 1.576799861790714630e+00
6.000000000000000000e+00 1.576799861790714630e+00
6.000000000000000000e+00 1.576799861790714630e+00
6.000000000000000000e+00 1.576799861790714630e+00
6.000000000000000000e+00 1.532912478104870857e+00
6.000000000000000000e+00 1.532912478104870857e+00
6.000000000000000000e+00 1.532912478104870857e+00
6.000000000000000000e+00 1.532912478104870857e+00
7.000000000000000000e+00 4.870739428187531672e+01
7.000000000000000000e+00 8.814047651572654019e+00
7.000000000000000000e+00 8.814047651572654019e+00
7.000000000000000000e+00 8.814047651572654019e+00
7.000000000000000000e+00 8.814047651572654019e+00
7.000000000000000000e+00 8.814047651572654019e+00
7.000000000000000000e+00 8.814047651572654019e+00
7.000000000000000000e+00 7.298553414421199648e+00
7.000000000000000000e+00 7.298553414421199648e+00
7.000000000000000000e+00 7.298553414421199648e+00
7.000000000000000000e+00 7.298553414421199648e+00
7.000000000000000000e+00 2.670959628100761929e+00
7.000000000000000000e+00 2.670959628100761929e+00
7.000000000000000000e+00 2.670959628100761929e+00
7.000000000000000000e+00 2.670959628100761929e+00
7.000000000000000000e+00 2.670959628100761929e+00
7.000000000000000000e+00 2.670959628100761929e+00
7.000000000000000000e+00 2.670959628100761929e+00
7.000000000000000000e+00 2.670959628100761929e+00
7.000000000000000000e+00 2.670959628100761929e+00
7.000000000000000000e+00 2.670959628100761929e+00
7.000000000000000000e+00 2.670959628100761929e+00
7.000000000000000000e+00 2.670959628100761929e+00
7.000000000000000000e+00 2.670959628100761929e+00
7.000000000000000000e+00 2.670959628100761929e+00
7.000000000000000000e+00 2.670959628100761929e+00
7.000000000000000000e+00 2.670959628100761929e+00
7.000000000000000000e+00 2.670959628100761929e+00
7.000000000000000000e+00 2.670959628100761929e+00
7.000000000000000000e+00 2.670959628100761929e+00
8.000000000000000000e+00 6.694152614159872883e+01
8.000000000000000000e+00 2.001440048961437768e+01
8.000000000000000000e+00 1.267741370127487954e+01
8.000000000000000000e+00 1.267741370127487954e+01
8.000000000000000000e+00 9.866920758548461734e+00
8.000000000000000000e+00 9.866920758548461734e+00
8.000000000000000000e+00 9.866920758548461734e+00
8.000000000000000000e+00 9.866920758548461734e+00
8.000000000000000000e+00 9.866920758548461734e+00
8.000000000000000000e+00 9.866920758548461734e+00
8.000000000000000000e+00 9.866920758548461734e+00
8.000000000000000000e+00 7.454399829614414053e+00
8.000000000000000000e+00 4.752650954593224064e+00
8.000000000000000000e+00 2.805859947546280431e+00
8.000000000000000000e+00 1.042758813520967776e+00
8.000000000000000000e+00 1.042758813520967776e+00
8.000000000000000000e+00 6.906335976221120720e-01
8.000000000000000000e+00 6.906335976221120720e-01
8.000000000000000000e+00 4.249321290002208151e-01
8.000000000000000000e+00 4.249321290002208151e-01
8.000000000000000000e+00 4.249321290002208151e-01
8.000000000000000000e+00 4.249321290002208151e-01
8.000000000000000000e+00 4.249321290002208151e-01
8.000000000000000000e+00 4.249321290002208151e-01
8.000000000000000000e+00 4.249321290002208151e-01
8.000000000000000000e+00 3.964641508544807791e-01
8.000000000000000000e+00 3.964641508544807791e-01
8.000000000000000000e+00 3.161313505721434769e-01
8.000000000000000000e+00 3.161313505721434769e-01
8.000000000000000000e+00 3.161313505721434769e-01
9.000000000000000000e+00 8.689003074261182746e+01
9.000000000000000000e+00 2.956769536343212579e+01
9.000000000000000000e+00 1.649317634018020939e+01
9.000000000000000000e+00 1.649317634018020939e+01
9.000000000000000000e+00 1.649317634018020939e+01
9.000000000000000000e+00 1.649317634018020939e+01
9.000000000000000000e+00 1.649317634018020939e+01
9.000000000000000000e+00 1.649317634018020939e+01
9.000000000000000000e+00 1.649317634018020939e+01
9.000000000000000000e+00 1.649317634018020939e+01
9.000000000000000000e+00 5.751321625370350077e+00
9.000000000000000000e+00 5.751321625370350077e+00
9.000000000000000000e+00 5.751321625370350077e+00
9.000000000000000000e+00 5.751321625370350077e+00
9.000000000000000000e+00 5.751321625370350077e+00
9.000000000000000000e+00 5.751321625370350077e+00
9.000000000000000000e+00 5.751321625370350077e+00
9.000000000000000000e+00 2.078194215510275722e+00
9.000000000000000000e+00 2.078194215510275722e+00
9.000000000000000000e+00 2.078194215510275722e+00
9.000000000000000000e+00 2.078194215510275722e+00
9.000000000000000000e+00 2.078194215510275722e+00
9.000000000000000000e+00 2.078194215510275722e+00
9.000000000000000000e+00 1.978094170098161131e+00
9.000000000000000000e+00 1.978094170098161131e+00
9.000000000000000000e+00 9.182361561098236757e-01
9.000000000000000000e+00 6.780764842801505488e-01
9.000000000000000000e+00 5.612962166344778181e-01
9.000000000000000000e+00 5.228418163925721007e-01
9.000000000000000000e+00 5.228418163925721007e-01
