6.905975027517310017e-310 4.136637741521421196e-316
0.000000000000000000e+00 5.148091016244887852e-01
0.000000000000000000e+00 -1.092596840682404036e+00
0.000000000000000000e+00 -1.092596840682404036e+00
0.000000000000000000e+00 -1.092596840682404036e+00
0.000000000000000000e+00 -1.092596840682404036e+00
0.000000000000000000e+00 -1.092596840682404036e+00
0.000000000000000000e+00 -1.092596840682404036e+00
0.000000000000000000e+00 -1.092596840682404036e+00
0.000000000000000000e+00 -1.092596840682404036e+00
0.000000000000000000e+00 -1.092596840682404036e+00
0.000000000000000000e+00 -1.092596840682404036e+00
0.000000000000000000e+00 -1.092596840682404036e+00
0.000000000000000000e+00 -1.092596840682404036e+00
0.000000000000000000e+00 -1.092596840682404036e+00
0.000000000000000000e+00 -1.092596840682404036e+00
0.000000000000000000e+00 -1.092596840682404036e+00
0.000000000000000000e+00 -1.092596840682404036e+00
0.000000000000000000e+00 -1.092596840682404036e+00
0.000000000000000000e+00 -1.092596840682404036e+00
0.000000000000000000e+00 -1.092596840682404036e+00
0.000000000000000000e+00 -1.092596840682404036e+00
0.000000000000000000e+00 -1.092596840682404036e+00
0.000000000000000000e+00 -1.092596840682404036e+00
0.000000000000000000e+00 -1.092596840682404036e+00
0.000000000000000000e+00 -1.092596840682404036e+00
0.000000000000000000e+00 -1.092596840682404036e+00
0.000000000000000000e+00 -1.092596840682404036e+00
0.000000000000000000e+00 -1.092596840682404036e+00
1.000000000000000000e+00 -1.951121979038294429e-01
1.000000000000000000e+00 -1.069284285127382050e+00
1.000000000000000000e+00 -1.069284285127382050e+00
1.000000000000000000e+00 -1.069284285127382050e+00
1.000000000000000000e+00 -1.069284285127382050e+00
1.000000000000000000e+00 -1.069284285127382050e+00
1.000000000000000000e+00 -1.069284285127382050e+00
1.000000000000000000e+00 -1.069284285127382050e+00
1.000000000000000000e+00 -1.069284285127382050e+00
1.000000000000000000e+00 -1.069284285127382050e+00
1.000000000000000000e+00 -1.069284285127382050e+00
1.000000000000000000e+00 -1.069284285127382050e+00
1.000000000000000000e+00 -1.069284285127382050e+00
1.000000000000000000e+00 -1.069284285127382050e+00
1.000000000000000000e+00 -1.069284285127382050e+00
1.000000000000000000e+00 -1.069284285127382050e+00
1.000000000000000000e+00 -1.069284285127382050e+00
1.000000000000000000e+00 -1.069284285127382050e+00
1.000000000000000000e+00 -1.069284285127382050e+00
1.000000000000000000e+00 -1.069284285127382050e+00
1.000000000000000000e+00 -1.069284285127382050e+00
1.000000000000000000e+00 -1.069284285127382050e+00
1.000000000000000000e+00 -1.069284285127382050e+00
1.000000000000000000e+00 -1.069284285127382050e+00
1.000000000000000000e+00 -1.069284285127382050e+00
1.000000000000000000e+00 -1.069284285127382050e+00
1.000000000000000000e+00 -1.069284285127382050e+00
1.000000000000000000e+00 -1.069284285127382050e+00
2.000000000000000000e+00 -1.064052832002231774e+00
2.000000000000000000e+00 -1.064052832002231774e+00
2.000000000000000000e+00 -1.064052832002231774e+00
2.000000000000000000e+00 -1.096802165875770951e+00
2.000000000000000000e+00 -1.096802165875770951e+00
2.000000000000000000e+00 -1.096802165875770951e+00
2.000000000000000000e+00 -1.096802165875770951e+00
2.000000000000000000e+00 -1.096802165875770951e+00
2.000000000000000000e+00 -1.096802165875770951e+00
2.000000000000000000e+00 -1.096802165875770951e+00
2.000000000000000000e+00 -1.096802165875770951e+00
2.000000000000000000e+00 -1.096802165875770951e+00
2.000000000000000000e+00 -1.096802165875770951e+00
2.000000000000000000e+00 -1.096802165875770951e+00
2.000000000000000000e+00 -1.096802165875770951e+00
2.000000000000000000e+00 -1.096802165875770951e+00
2.000000000000000000e+00 -1.096802165875770951e+00
2.000000000000000000e+00 -1.297575059309239665e+00
2.000000000000000000e+00 -1.297575059309239665e+00
2.000000000000000000e+00 -1.297575059309239665e+00
2.000000000000000000e+00 -1.297575059309239665e+00
2.000000000000000000e+00 -1.297575059309239665e+00
2.000000000000000000e+00 -1.297575059309239665e+00
2.000000000000000000e+00 -1.297575059309239665e+00
2.000000000000000000e+00 -1.297575059309239665e+00
2.000000000000000000e+00 -1.297575059309239665e+00
2.000000000000000000e+00 -1.297575059309239665e+00
2.000000000000000000e+00 -1.668816982095880475e+00
3.000000000000000000e+00 1.308128765410311034e-01
3.000000000000000000e+00 -1.405236651454030428e-01
3.000000000000000000e+00 -7.581711175402635616e-01
3.000000000000000000e+00 -7.581711175402635616e-01
3.000000000000000000e+00 -7.581711175402635616e-01
3.000000000000000000e+00 -7.581711175402635616e-01
3.000000000000000000e+00 -9.203229601644541402e-01
3.000000000000000000e+00 -9.203229601644541402e-01
3.000000000000000000e+00 -9.203229601644541402e-01
3.000000000000000000e+00 -9.203229601644541402e-01
3.000000000000000000e+00 -9.203229601644541402e-01
3.000000000000000000e+00 -9.203229601644541402e-01
3.000000000000000000e+00 -9.203229601644541402e-01
3.000000000000000000e+00 -9.203229601644541402e-01
3.000000000000000000e+00 -9.203229601644541402e-01
3.000000000000000000e+00 -9.203229601644541402e-01
3.000000000000000000e+00 -9.203229601644541402e-01
3.000000000000000000e+00 -9.203229601644541402e-01
3.000000000000000000e+00 -9.203229601644541402e-01
3.000000000000000000e+00 -9.203229601644541402e-01
3.000000000000000000e+00 -9.203229601644541402e-01
3.000000000000000000e+00 -1.160266244546715342e+00
3.000000000000000000e+00 -1.160266244546715342e+00
3.000000000000000000e+00 -1.160266244546715342e+00
3.000000000000000000e+00 -1.160266244546715342e+00
3.000000000000000000e+00 -1.160266244546715342e+00
3.000000000000000000e+00 -1.160266244546715342e+00
3.000000000000000000e+00 -1.160266244546715342e+00
4.000000000000000000e+00 -6.229903044975877435e-01
4.000000000000000000e+00 -8.524710559995375414e-01
4.000000000000000000e+00 -8.524710559995375414e-01
4.000000000000000000e+00 -8.524710559995375414e-01
4.000000000000000000e+00 -8.524710559995375414e-01
4.000000000000000000e+00 -8.524710559995375414e-01
4.000000000000000000e+00 -8.524710559995375414e-01
4.000000000000000000e+00 -8.524710559995375414e-01
4.000000000000000000e+00 -8.524710559995375414e-01
4.000000000000000000e+00 -8.524710559995375414e-01
4.000000000000000000e+00 -1.554340854642665581e+00
4.000000000000000000e+00 -1.554340854642665581e+00
4.000000000000000000e+00 -1.554340854642665581e+00
4.000000000000000000e+00 -1.554340854642665581e+00
4.000000000000000000e+00 -1.554340854642665581e+00
4.000000000000000000e+00 -1.554340854642665581e+00
4.000000000000000000e+00 -1.554340854642665581e+00
4.000000000000000000e+00 -1.554340854642665581e+00
4.000000000000000000e+00 -1.554340854642665581e+00
4.000000000000000000e+00 -1.554340854642665581e+00
4.000000000000000000e+00 -1.554340854642665581e+00
4.000000000000000000e+00 -1.554340854642665581e+00
4.000000000000000000e+00 -1.554340854642665581e+00
4.000000000000000000e+00 -1.554340854642665581e+00
4.000000000000000000e+00 -1.554340854642665581e+00
4.000000000000000000e+00 -1.554340854642665581e+00
4.000000000000000000e+00 -1.554340854642665581e+00
4.000000000000000000e+00 -1.678102371546471350e+00
5.000000000000000000e+00 1.536824638150655065e-02
5.000000000000000000e+00 -4.235872182182392476e-01
5.000000000000000000e+00 -5.292861876714139990e-01
5.000000000000000000e+00 -5.292861876714139990e-01
5.000000000000000000e+00 -5.292861876714139990e-01
5.000000000000000000e+00 -5.707566634984269083e-01
5.000000000000000000e+00 -9.307805298627540580e-01
5.000000000000000000e+00 -9.307805298627540580e-01
5.000000000000000000e+00 -9.307805298627540580e-01
5.000000000000000000e+00 -9.307805298627540580e-01
5.000000000000000000e+00 -9.307805298627540580e-01
5.000000000000000000e+00 -9.307805298627540580e-01
5.000000000000000000e+00 -9.307805298627540580e-01
5.000000000000000000e+00 -9.307805298627540580e-01
5.000000000000000000e+00 -9.307805298627540580e-01
5.000000000000000000e+00 -9.307805298627540580e-01
5.000000000000000000e+00 -9.307805298627540580e-01
5.000000000000000000e+00 -9.307805298627540580e-01
5.000000000000000000e+00 -9.307805298627540580e-01
5.000000000000000000e+00 -9.307805298627540580e-01
5.000000000000000000e+00 -9.307805298627540580e-01
5.000000000000000000e+00 -9.307805298627540580e-01
5.000000000000000000e+00 -9.307805298627540580e-01
5.000000000000000000e+00 -9.307805298627540580e-01
5.000000000000000000e+00 -9.307805298627540580e-01
5.000000000000000000e+00 -9.307805298627540580e-01
5.000000000000000000e+00 -9.307805298627540580e-01
5.000000000000000000e+00 -9.307805298627540580e-01
6.000000000000000000e+00 6.989617905823664046e-01
6.000000000000000000e+00 -4.147959620254866309e-01
6.000000000000000000e+00 -1.012711873865471457e+00
6.000000000000000000e+00 -1.637819857049446437e+00
6.000000000000000000e+00 -1.637819857049446437e+00
6.000000000000000000e+00 -1.637819857049446437e+00
6.000000000000000000e+00 -1.637819857049446437e+00
6.000000000000000000e+00 -1.637819857049446437e+00
6.000000000000000000e+00 -1.637819857049446437e+00
6.000000000000000000e+00 -1.637819857049446437e+00
6.000000000000000000e+00 -1.637819857049446437e+00
6.000000000000000000e+00 -1.637819857049446437e+00
6.000000000000000000e+00 -1.637819857049446437e+00
6.000000000000000000e+00 -1.637819857049446437e+00
6.000000000000000000e+00 -1.637819857049446437e+00
6.000000000000000000e+00 -1.637819857049446437e+00
6.000000000000000000e+00 -1.637819857049446437e+00
6.000000000000000000e+00 -1.637819857049446437e+00
6.000000000000000000e+00 -1.637819857049446437e+00
6.000000000000000000e+00 -1.637819857049446437e+00
6.000000000000000000e+00 -1.637819857049446437e+00
6.000000000000000000e+00 -1.637819857049446437e+00
6.000000000000000000e+00 -1.637819857049446437e+00
6.000000000000000000e+00 -1.637819857049446437e+00
6.000000000000000000e+00 -1.637819857049446437e+00
6.000000000000000000e+00 -1.637819857049446437e+00
6.000000000000000000e+00 -1.637819857049446437e+00
6.000000000000000000e+00 -1.637819857049446437e+00
7.000000000000000000e+00 -7.238991478738741048e-01
7.000000000000000000e+00 -1.038372749289942387e+00
7.000000000000000000e+00 -1.038372749289942387e+00
7.000000000000000000e+00 -1.038372749289942387e+00
7.000000000000000000e+00 -1.038372749289942387e+00
7.000000000000000000e+00 -1.038372749289942387e+00
7.000000000000000000e+00 -1.038372749289942387e+00
7.000000000000000000e+00 -1.038372749289942387e+00
7.000000000000000000e+00 -1.065292558399193013e+00
7.000000000000000000e+00 -1.768244822554634998e+00
7.000000000000000000e+00 -1.768244822554634998e+00
7.000000000000000000e+00 -1.768244822554634998e+00
7.000000000000000000e+00 -1.768244822554634998e+00
7.000000000000000000e+00 -1.768244822554634998e+00
7.000000000000000000e+00 -1.768244822554634998e+00
7.000000000000000000e+00 -1.768244822554634998e+00
7.000000000000000000e+00 -1.768244822554634998e+00
7.000000000000000000e+00 -1.768244822554634998e+00
7.000000000000000000e+00 -1.768244822554634998e+00
7.000000000000000000e+00 -1.768244822554634998e+00
7.000000000000000000e+00 -1.768244822554634998e+00
7.000000000000000000e+00 -1.768244822554634998e+00
7.000000000000000000e+00 -1.768244822554634998e+00
7.000000000000000000e+00 -1.768244822554634998e+00
7.000000000000000000e+00 -1.768244822554634998e+00
7.000000000000000000e+00 -1.768244822554634998e+00
7.000000000000000000e+00 -1.768244822554634998e+00
7.000000000000000000e+00 -1.768244822554634998e+00
8.000000000000000000e+00 -2.102976177291787929e-01
8.000000000000000000e+00 -3.441461389150535233e-01
8.000000000000000000e+00 -1.198579961498578372e+00
8.000000000000000000e+00 -1.198579961498578372e+00
8.000000000000000000e+00 -1.198579961498578372e+00
8.000000000000000000e+00 -1.198579961498578372e+00
8.000000000000000000e+00 -1.198579961498578372e+00
8.000000000000000000e+00 -1.198579961498578372e+00
8.000000000000000000e+00 -1.198579961498578372e+00
8.000000000000000000e+00 -1.198579961498578372e+00
8.000000000000000000e+00 -1.198579961498578372e+00
8.000000000000000000e+00 -1.198579961498578372e+00
8.000000000000000000e+00 -1.198579961498578372e+00
8.000000000000000000e+00 -1.198579961498578372e+00
8.000000000000000000e+00 -1.198579961498578372e+00
8.000000000000000000e+00 -1.198579961498578372e+00
8.000000000000000000e+00 -1.198579961498578372e+00
8.000000000000000000e+00 -1.224443210002262195e+00
8.000000000000000000e+00 -1.224443210002262195e+00
8.000000000000000000e+00 -1.224443210002262195e+00
8.000000000000000000e+00 -1.224443210002262195e+00
8.000000000000000000e+00 -1.224443210002262195e+00
8.000000000000000000e+00 -1.224443210002262195e+00
8.000000000000000000e+00 -1.224443210002262195e+00
8.000000000000000000e+00 -1.224443210002262195e+00
8.000000000000000000e+00 -1.224443210002262195e+00
8.000000000000000000e+00 -1.224443210002262195e+00
8.000000000000000000e+00 -1.252857885614476086e+00
9.000000000000000000e+00 -1.110612803741612309e+00
9.000000000000000000e+00 -1.110612803741612309e+00
9.000000000000000000e+00 -1.110612803741612309e+00
9.000000000000000000e+00 -1.110612803741612309e+00
9.000000000000000000e+00 -1.392860351677539965e+00
9.000000000000000000e+00 -1.392860351677539965e+00
9.000000000000000000e+00 -1.392860351677539965e+00
9.000000000000000000e+00 -1.392860351677539965e+00
9.000000000000000000e+00 -1.392860351677539965e+00
9.000000000000000000e+00 -1.392860351677539965e+00
9.000000000000000000e+00 -1.392860351677539965e+00
9.000000000000000000e+00 -1.392860351677539965e+00
9.000000000000000000e+00 -1.392860351677539965e+00
9.000000000000000000e+00 -1.392860351677539965e+00
9.000000000000000000e+00 -1.392860351677539965e+00
9.000000000000000000e+00 -1.392860351677539965e+00
9.000000000000000000e+00 -1.392860351677539965e+00
9.000000000000000000e+00 -1.392860351677539965e+00
9.000000000000000000e+00 -1.392860351677539965e+00
9.000000000000000000e+00 -1.392860351677539965e+00
9.000000000000000000e+00 -1.392860351677539965e+00
9.000000000000000000e+00 -1.392860351677539965e+00
9.000000000000000000e+00 -1.392860351677539965e+00
9.000000000000000000e+00 -1.392860351677539965e+00
9.000000000000000000e+00 -1.392860351677539965e+00
9.000000000000000000e+00 -1.392860351677539965e+00
9.000000000000000000e+00 -1.392860351677539965e+00
9.000000000000000000e+00 -1.392860351677539965e+00
1.000000000000000000e+01 -5.739081787208550889e-01
1.000000000000000000e+01 -5.739081787208550889e-01
1.000000000000000000e+01 -8.743795369961899766e-01
1.000000000000000000e+01 -1.070189631471103242e+00
1.000000000000000000e+01 -1.070189631471103242e+00
1.000000000000000000e+01 -1.070189631471103242e+00
1.000000000000000000e+01 -1.070189631471103242e+00
1.000000000000000000e+01 -1.070189631471103242e+00
1.000000000000000000e+01 -1.070189631471103242e+00
1.000000000000000000e+01 -1.070189631471103242e+00
1.000000000000000000e+01 -1.070189631471103242e+00
1.000000000000000000e+01 -1.070189631471103242e+00
1.000000000000000000e+01 -1.070189631471103242e+00
1.000000000000000000e+01 -1.070189631471103242e+00
1.000000000000000000e+01 -1.070189631471103242e+00
1.000000000000000000e+01 -1.070189631471103242e+00
1.000000000000000000e+01 -1.070189631471103242e+00
1.000000000000000000e+01 -1.070189631471103242e+00
1.000000000000000000e+01 -1.070189631471103242e+00
1.000000000000000000e+01 -1.070189631471103242e+00
1.000000000000000000e+01 -1.070189631471103242e+00
1.000000000000000000e+01 -1.070189631471103242e+00
1.000000000000000000e+01 -1.070189631471103242e+00
1.000000000000000000e+01 -1.070189631471103242e+00
1.000000000000000000e+01 -1.070189631471103242e+00
1.000000000000000000e+01 -1.070189631471103242e+00
1.000000000000000000e+01 -1.070189631471103242e+00
1.000000000000000000e+01 -1.070189631471103242e+00
1.100000000000000000e+01 -7.920779972652360890e-01
1.100000000000000000e+01 -7.920779972652360890e-01
1.100000000000000000e+01 -7.920779972652360890e-01
1.100000000000000000e+01 -7.920779972652360890e-01
1.100000000000000000e+01 -1.205109504012545241e+00
1.100000000000000000e+01 -1.205109504012545241e+00
1.100000000000000000e+01 -1.205109504012545241e+00
1.100000000000000000e+01 -1.205109504012545241e+00
1.100000000000000000e+01 -1.205109504012545241e+00
1.100000000000000000e+01 -1.205109504012545241e+00
1.100000000000000000e+01 -1.205109504012545241e+00
1.100000000000000000e+01 -1.205109504012545241e+00
1.100000000000000000e+01 -1.205109504012545241e+00
1.100000000000000000e+01 -1.205109504012545241e+00
1.100000000000000000e+01 -1.205109504012545241e+00
1.100000000000000000e+01 -1.205109504012545241e+00
1.100000000000000000e+01 -1.205109504012545241e+00
1.100000000000000000e+01 -1.205109504012545241e+00
1.100000000000000000e+01 -1.205109504012545241e+00
1.100000000000000000e+01 -1.205109504012545241e+00
1.100000000000000000e+01 -1.205109504012545241e+00
1.100000000000000000e+01 -1.205109504012545241e+00
1.100000000000000000e+01 -1.205109504012545241e+00
1.100000000000000000e+01 -1.205109504012545241e+00
1.100000000000000000e+01 -1.205109504012545241e+00
1.100000000000000000e+01 -1.205109504012545241e+00
1.100000000000000000e+01 -1.205109504012545241e+00
1.100000000000000000e+01 -1.631632282795809630e+00
1.200000000000000000e+01 -7.705022559061741605e-01
1.200000000000000000e+01 -1.286448568300769146e+00
1.200000000000000000e+01 -1.286448568300769146e+00
1.200000000000000000e+01 -1.286448568300769146e+00
1.200000000000000000e+01 -1.286448568300769146e+00
1.200000000000000000e+01 -1.286448568300769146e+00
1.200000000000000000e+01 -1.286448568300769146e+00
1.200000000000000000e+01 -1.286448568300769146e+00
1.200000000000000000e+01 -1.286448568300769146e+00
1.200000000000000000e+01 -1.286448568300769146e+00
1.200000000000000000e+01 -1.286448568300769146e+00
1.200000000000000000e+01 -1.286448568300769146e+00
1.200000000000000000e+01 -1.286448568300769146e+00
1.200000000000000000e+01 -1.286448568300769146e+00
1.200000000000000000e+01 -1.286448568300769146e+00
1.200000000000000000e+01 -1.286448568300769146e+00
1.200000000000000000e+01 -1.286448568300769146e+00
1.200000000000000000e+01 -1.286448568300769146e+00
1.200000000000000000e+01 -1.286448568300769146e+00
1.200000000000000000e+01 -1.286448568300769146e+00
1.200000000000000000e+01 -1.497927359276269188e+00
1.200000000000000000e+01 -1.497927359276269188e+00
1.200000000000000000e+01 -1.497927359276269188e+00
1.200000000000000000e+01 -1.497927359276269188e+00
1.200000000000000000e+01 -1.497927359276269188e+00
1.200000000000000000e+01 -1.497927359276269188e+00
1.200000000000000000e+01 -1.497927359276269188e+00
1.200000000000000000e+01 -1.651840174866081146e+00
1.300000000000000000e+01 -3.216476077705204273e-01
1.300000000000000000e+01 -3.216476077705204273e-01
1.300000000000000000e+01 -6.441842143749443306e-01
1.300000000000000000e+01 -6.441842143749443306e-01
1.300000000000000000e+01 -1.140347100305685979e+00
1.300000000000000000e+01 -1.140347100305685979e+00
1.300000000000000000e+01 -1.140347100305685979e+00
1.300000000000000000e+01 -1.140347100305685979e+00
1.300000000000000000e+01 -1.140347100305685979e+00
1.300000000000000000e+01 -1.140347100305685979e+00
1.300000000000000000e+01 -1.140347100305685979e+00
1.300000000000000000e+01 -1.140347100305685979e+00
1.300000000000000000e+01 -1.140347100305685979e+00
1.300000000000000000e+01 -1.140347100305685979e+00
1.300000000000000000e+01 -1.140347100305685979e+00
1.300000000000000000e+01 -1.140347100305685979e+00
1.300000000000000000e+01 -1.140347100305685979e+00
1.300000000000000000e+01 -1.140347100305685979e+00
1.300000000000000000e+01 -1.140347100305685979e+00
1.300000000000000000e+01 -1.140347100305685979e+00
1.300000000000000000e+01 -1.140347100305685979e+00
1.300000000000000000e+01 -1.140347100305685979e+00
1.300000000000000000e+01 -1.140347100305685979e+00
1.300000000000000000e+01 -1.140347100305685979e+00
1.300000000000000000e+01 -1.140347100305685979e+00
1.300000000000000000e+01 -1.140347100305685979e+00
1.300000000000000000e+01 -1.140347100305685979e+00
1.300000000000000000e+01 -1.165843520972643210e+00
1.400000000000000000e+01 -4.607175012010505943e-01
1.400000000000000000e+01 -7.294730670817011209e-01
1.400000000000000000e+01 -1.222546856067214138e+00
1.400000000000000000e+01 -1.222546856067214138e+00
1.400000000000000000e+01 -1.222546856067214138e+00
1.400000000000000000e+01 -1.222546856067214138e+00
1.400000000000000000e+01 -1.222546856067214138e+00
1.400000000000000000e+01 -1.222546856067214138e+00
1.400000000000000000e+01 -1.222546856067214138e+00
1.400000000000000000e+01 -1.222546856067214138e+00
1.400000000000000000e+01 -1.222546856067214138e+00
1.400000000000000000e+01 -1.222546856067214138e+00
1.400000000000000000e+01 -1.222546856067214138e+00
1.400000000000000000e+01 -1.222546856067214138e+00
1.400000000000000000e+01 -1.222546856067214138e+00
1.400000000000000000e+01 -1.222546856067214138e+00
1.400000000000000000e+01 -1.222546856067214138e+00
1.400000000000000000e+01 -1.222546856067214138e+00
1.400000000000000000e+01 -1.222546856067214138e+00
1.400000000000000000e+01 -1.222546856067214138e+00
1.400000000000000000e+01 -1.222546856067214138e+00
1.400000000000000000e+01 -1.222546856067214138e+00
1.400000000000000000e+01 -1.222546856067214138e+00
1.400000000000000000e+01 -1.222546856067214138e+00
1.400000000000000000e+01 -1.222546856067214138e+00
1.400000000000000000e+01 -1.222546856067214138e+00
1.400000000000000000e+01 -1.222546856067214138e+00
1.400000000000000000e+01 -1.222546856067214138e+00
1.500000000000000000e+01 4.689924622560741607e-01
1.500000000000000000e+01 -7.346923380986731811e-01
1.500000000000000000e+01 -1.146992292224552568e+00
1.500000000000000000e+01 -1.146992292224552568e+00
1.500000000000000000e+01 -1.146992292224552568e+00
1.500000000000000000e+01 -1.146992292224552568e+00
1.500000000000000000e+01 -1.146992292224552568e+00
1.500000000000000000e+01 -1.146992292224552568e+00
1.500000000000000000e+01 -1.146992292224552568e+00
1.500000000000000000e+01 -1.146992292224552568e+00
1.500000000000000000e+01 -1.146992292224552568e+00
1.500000000000000000e+01 -1.146992292224552568e+00
1.500000000000000000e+01 -1.146992292224552568e+00
1.500000000000000000e+01 -1.146992292224552568e+00
1.500000000000000000e+01 -1.146992292224552568e+00
1.500000000000000000e+01 -1.146992292224552568e+00
1.500000000000000000e+01 -1.146992292224552568e+00
1.500000000000000000e+01 -1.146992292224552568e+00
1.500000000000000000e+01 -1.146992292224552568e+00
1.500000000000000000e+01 -1.146992292224552568e+00
1.500000000000000000e+01 -1.146992292224552568e+00
1.500000000000000000e+01 -1.146992292224552568e+00
1.500000000000000000e+01 -1.146992292224552568e+00
1.500000000000000000e+01 -1.146992292224552568e+00
1.500000000000000000e+01 -1.146992292224552568e+00
1.500000000000000000e+01 -1.146992292224552568e+00
1.500000000000000000e+01 -1.146992292224552568e+00
1.500000000000000000e+01 -1.146992292224552568e+00
1.600000000000000000e+01 5.576273313882911253e-01
1.600000000000000000e+01 -8.502922644588557510e-01
1.600000000000000000e+01 -8.639344224473805012e-01
1.600000000000000000e+01 -8.639344224473805012e-01
1.600000000000000000e+01 -1.525539751595957005e+00
1.600000000000000000e+01 -1.525539751595957005e+00
1.600000000000000000e+01 -1.525539751595957005e+00
1.600000000000000000e+01 -1.525539751595957005e+00
1.600000000000000000e+01 -1.525539751595957005e+00
1.600000000000000000e+01 -1.525539751595957005e+00
1.600000000000000000e+01 -1.525539751595957005e+00
1.600000000000000000e+01 -1.525539751595957005e+00
1.600000000000000000e+01 -1.525539751595957005e+00
1.600000000000000000e+01 -1.525539751595957005e+00
1.600000000000000000e+01 -1.525539751595957005e+00
1.600000000000000000e+01 -1.525539751595957005e+00
1.600000000000000000e+01 -1.525539751595957005e+00
1.600000000000000000e+01 -1.525539751595957005e+00
1.600000000000000000e+01 -1.525539751595957005e+00
1.600000000000000000e+01 -1.525539751595957005e+00
1.600000000000000000e+01 -1.525539751595957005e+00
1.600000000000000000e+01 -1.525539751595957005e+00
1.600000000000000000e+01 -1.525539751595957005e+00
1.600000000000000000e+01 -1.525539751595957005e+00
1.600000000000000000e+01 -1.525539751595957005e+00
1.600000000000000000e+01 -1.525539751595957005e+00
1.600000000000000000e+01 -1.525539751595957005e+00
1.600000000000000000e+01 -1.600782635531203368e+00
1.700000000000000000e+01 -1.640443644345284946e-01
1.700000000000000000e+01 -9.008893402407196493e-01
1.700000000000000000e+01 -1.388138049488797598e+00
1.700000000000000000e+01 -1.388138049488797598e+00
1.700000000000000000e+01 -1.388138049488797598e+00
1.700000000000000000e+01 -1.388138049488797598e+00
1.700000000000000000e+01 -1.388138049488797598e+00
1.700000000000000000e+01 -1.388138049488797598e+00
1.700000000000000000e+01 -1.388138049488797598e+00
1.700000000000000000e+01 -1.388138049488797598e+00
1.700000000000000000e+01 -1.388138049488797598e+00
1.700000000000000000e+01 -1.388138049488797598e+00
1.700000000000000000e+01 -1.388138049488797598e+00
1.700000000000000000e+01 -1.388138049488797598e+00
1.700000000000000000e+01 -1.388138049488797598e+00
1.700000000000000000e+01 -1.388138049488797598e+00
1.700000000000000000e+01 -1.388138049488797598e+00
1.700000000000000000e+01 -1.388138049488797598e+00
1.700000000000000000e+01 -1.388138049488797598e+00
1.700000000000000000e+01 -1.388138049488797598e+00
1.700000000000000000e+01 -1.388138049488797598e+00
1.700000000000000000e+01 -1.388138049488797598e+00
1.700000000000000000e+01 -1.388138049488797598e+00
1.700000000000000000e+01 -1.388138049488797598e+00
1.700000000000000000e+01 -1.388138049488797598e+00
1.700000000000000000e+01 -1.388138049488797598e+00
1.700000000000000000e+01 -1.388138049488797598e+00
1.700000000000000000e+01 -1.388138049488797598e+00
1.800000000000000000e+01 -1.305947006920797349e-01
1.800000000000000000e+01 -4.169534546244066942e-01
1.800000000000000000e+01 -9.536342364734093913e-01
1.800000000000000000e+01 -9.536342364734093913e-01
1.800000000000000000e+01 -9.536342364734093913e-01
1.800000000000000000e+01 -9.536342364734093913e-01
1.800000000000000000e+01 -9.536342364734093913e-01
1.800000000000000000e+01 -9.536342364734093913e-01
1.800000000000000000e+01 -9.536342364734093913e-01
1.800000000000000000e+01 -9.536342364734093913e-01
1.800000000000000000e+01 -9.536342364734093913e-01
1.800000000000000000e+01 -9.536342364734093913e-01
1.800000000000000000e+01 -9.536342364734093913e-01
1.800000000000000000e+01 -9.536342364734093913e-01
1.800000000000000000e+01 -9.536342364734093913e-01
1.800000000000000000e+01 -9.536342364734093913e-01
1.800000000000000000e+01 -9.536342364734093913e-01
1.800000000000000000e+01 -9.536342364734093913e-01
1.800000000000000000e+01 -9.536342364734093913e-01
1.800000000000000000e+01 -9.536342364734093913e-01
1.800000000000000000e+01 -9.536342364734093913e-01
1.800000000000000000e+01 -9.536342364734093913e-01
1.800000000000000000e+01 -9.536342364734093913e-01
1.800000000000000000e+01 -9.536342364734093913e-01
1.800000000000000000e+01 -9.536342364734093913e-01
1.800000000000000000e+01 -9.536342364734093913e-01
1.800000000000000000e+01 -9.536342364734093913e-01
1.800000000000000000e+01 -1.354941323198727954e+00
1.900000000000000000e+01 3.535312359296164941e-01
1.900000000000000000e+01 1.932873149514413580e-02
1.900000000000000000e+01 -3.170796347666374193e-01
1.900000000000000000e+01 -3.170796347666374193e-01
1.900000000000000000e+01 -3.170796347666374193e-01
1.900000000000000000e+01 -3.170796347666374193e-01
1.900000000000000000e+01 -5.160530894238211097e-01
1.900000000000000000e+01 -5.160530894238211097e-01
1.900000000000000000e+01 -5.160530894238211097e-01
1.900000000000000000e+01 -5.722982753176397708e-01
1.900000000000000000e+01 -5.722982753176397708e-01
1.900000000000000000e+01 -5.722982753176397708e-01
1.900000000000000000e+01 -8.793377775155044596e-01
1.900000000000000000e+01 -8.793377775155044596e-01
1.900000000000000000e+01 -8.793377775155044596e-01
1.900000000000000000e+01 -1.062134952271269972e+00
1.900000000000000000e+01 -1.062134952271269972e+00
1.900000000000000000e+01 -1.062134952271269972e+00
1.900000000000000000e+01 -1.062134952271269972e+00
1.900000000000000000e+01 -1.062134952271269972e+00
1.900000000000000000e+01 -1.062134952271269972e+00
1.900000000000000000e+01 -1.062134952271269972e+00
1.900000000000000000e+01 -1.062134952271269972e+00
1.900000000000000000e+01 -1.062134952271269972e+00
1.900000000000000000e+01 -1.062134952271269972e+00
1.900000000000000000e+01 -1.062134952271269972e+00
1.900000000000000000e+01 -1.062134952271269972e+00
1.900000000000000000e+01 -1.639717397284388811e+00
