6.905975027517310017e-310 4.150051821432269376e-316
0.000000000000000000e+00 5.148091016244887852e-01
0.000000000000000000e+00 -1.092596840682404036e+00
0.000000000000000000e+00 -1.092596840682404036e+00
0.000000000000000000e+00 -1.092596840682404036e+00
0.000000000000000000e+00 -1.092596840682404036e+00
0.000000000000000000e+00 -1.092596840682404036e+00
0.000000000000000000e+00 -1.092596840682404036e+00
0.000000000000000000e+00 -1.092596840682404036e+00
0.000000000000000000e+00 -1.092596840682404036e+00
0.000000000000000000e+00 -1.092596840682404036e+00
0.000000000000000000e+00 -1.092596840682404036e+00
0.000000000000000000e+00 -1.092596840682404036e+00
0.000000000000000000e+00 -1.092596840682404036e+00
0.000000000000000000e+00 -1.092596840682404036e+00
0.000000000000000000e+00 -1.092596840682404036e+00
0.000000000000000000e+00 -1.092596840682404036e+00
0.000000000000000000e+00 -1.092596840682404036e+00
0.000000000000000000e+00 -1.092596840682404036e+00
0.000000000000000000e+00 -1.092596840682404036e+00
0.000000000000000000e+00 -1.092596840682404036e+00
0.000000000000000000e+00 -1.092596840682404036e+00
0.000000000000000000e+00 -1.092596840682404036e+00
0.000000000000000000e+00 -1.092596840682404036e+00
0.000000000000000000e+00 -1.092596840682404036e+00
0.000000000000000000e+00 -1.092596840682404036e+00
0.000000000000000000e+00 -1.092596840682404036e+00
0.000000000000000000e+00 -1.092596840682404036e+00
0.000000000000000000e+00 -1.092596840682404036e+00
1.000000000000000000e+00 -1.951121979038294429e-01
1.000000000000000000e+00 -1.069284285127382050e+00
1.000000000000000000e+00 -1.069284285127382050e+00
1.000000000000000000e+00 -1.069284285127382050e+00
1.000000000000000000e+00 -1.069284285127382050e+00
1.000000000000000000e+00 -1.069284285127382050e+00
1.000000000000000000e+00 -1.069284285127382050e+00
1.000000000000000000e+00 -1.069284285127382050e+00
1.000000000000000000e+00 -1.069284285127382050e+00
1.000000000000000000e+00 -1.069284285127382050e+00
1.000000000000000000e+00 -1.069284285127382050e+00
1.000000000000000000e+00 -1.069284285127382050e+00
1.000000000000000000e+00 -1.069284285127382050e+00
1.000000000000000000e+00 -1.069284285127382050e+00
1.000000000000000000e+00 -1.069284285127382050e+00
1.000000000000000000e+00 -1.069284285127382050e+00
1.000000000000000000e+00 -1.069284285127382050e+00
1.000000000000000000e+00 -1.069284285127382050e+00
1.000000000000000000e+00 -1.069284285127382050e+00
1.000000000000000000e+00 -1.069284285127382050e+00
1.000000000000000000e+00 -1.069284285127382050e+00
1.000000000000000000e+00 -1.069284285127382050e+00
1.000000000000000000e+00 -1.069284285127382050e+00
1.000000000000000000e+00 -1.069284285127382050e+00
1.000000000000000000e+00 -1.069284285127382050e+00
1.000000000000000000e+00 -1.069284285127382050e+00
1.000000000000000000e+00 -1.069284285127382050e+00
1.000000000000000000e+00 -1.069284285127382050e+00
2.000000000000000000e+00 -1.064052832002231774e+00
2.000000000000000000e+00 -1.064052832002231774e+00
2.000000000000000000e+00 -1.064052832002231774e+00
2.000000000000000000e+00 -1.096802165875770951e+00
2.000000000000000000e+00 -1.096802165875770951e+00
2.000000000000000000e+00 -1.096802165875770951e+00
2.000000000000000000e+00 -1.096802165875770951e+00
2.000000000000000000e+00 -1.096802165875770951e+00
2.000000000000000000e+00 -1.096802165875770951e+00
2.000000000000000000e+00 -1.096802165875770951e+00
2.000000000000000000e+00 -1.096802165875770951e+00
2.000000000000000000e+00 -1.096802165875770951e+00
2.000000000000000000e+00 -1.096802165875770951e+00
2.000000000000000000e+00 -1.096802165875770951e+00
2.000000000000000000e+00 -1.096802165875770951e+00
2.000000000000000000e+00 -1.096802165875770951e+00
2.000000000000000000e+00 -1.096802165875770951e+00
2.000000000000000000e+00 -1.096802165875770951e+00
2.000000000000000000e+00 -1.096802165875770951e+00
2.000000000000000000e+00 -1.096802165875770951e+00
2.000000000000000000e+00 -1.096802165875770951e+00
2.000000000000000000e+00 -1.096802165875770951e+00
2.000000000000000000e+00 -1.096802165875770951e+00
2.000000000000000000e+00 -1.096802165875770951e+00
2.000000000000000000e+00 -1.096802165875770951e+00
2.000000000000000000e+00 -1.096802165875770951e+00
2.000000000000000000e+00 -1.096802165875770951e+00
2.000000000000000000e+00 -1.640913764071875391e+00
3.000000000000000000e+00 1.308128765410311034e-01
3.000000000000000000e+00 -1.405236651454030428e-01
3.000000000000000000e+00 -7.581711175402635616e-01
3.000000000000000000e+00 -7.581711175402635616e-01
3.000000000000000000e+00 -7.581711175402635616e-01
3.000000000000000000e+00 -7.581711175402635616e-01
3.000000000000000000e+00 -9.203229601644541402e-01
3.000000000000000000e+00 -9.203229601644541402e-01
3.000000000000000000e+00 -9.203229601644541402e-01
3.000000000000000000e+00 -9.456741884177232160e-01
3.000000000000000000e+00 -9.456741884177232160e-01
3.000000000000000000e+00 -1.105375793428751807e+00
3.000000000000000000e+00 -1.105375793428751807e+00
3.000000000000000000e+00 -1.105375793428751807e+00
3.000000000000000000e+00 -1.105375793428751807e+00
3.000000000000000000e+00 -1.105375793428751807e+00
3.000000000000000000e+00 -1.105375793428751807e+00
3.000000000000000000e+00 -1.105375793428751807e+00
3.000000000000000000e+00 -1.105375793428751807e+00
3.000000000000000000e+00 -1.105375793428751807e+00
3.000000000000000000e+00 -1.105375793428751807e+00
3.000000000000000000e+00 -1.105375793428751807e+00
3.000000000000000000e+00 -1.105375793428751807e+00
3.000000000000000000e+00 -1.105375793428751807e+00
3.000000000000000000e+00 -1.105375793428751807e+00
3.000000000000000000e+00 -1.105375793428751807e+00
3.000000000000000000e+00 -1.105375793428751807e+00
3.000000000000000000e+00 -1.105375793428751807e+00
4.000000000000000000e+00 -6.229903044975877435e-01
4.000000000000000000e+00 -8.524710559995375414e-01
4.000000000000000000e+00 -8.524710559995375414e-01
4.000000000000000000e+00 -8.524710559995375414e-01
4.000000000000000000e+00 -8.524710559995375414e-01
4.000000000000000000e+00 -8.524710559995375414e-01
4.000000000000000000e+00 -8.524710559995375414e-01
4.000000000000000000e+00 -8.524710559995375414e-01
4.000000000000000000e+00 -8.524710559995375414e-01
4.000000000000000000e+00 -8.524710559995375414e-01
4.000000000000000000e+00 -8.524710559995375414e-01
4.000000000000000000e+00 -8.524710559995375414e-01
4.000000000000000000e+00 -8.524710559995375414e-01
4.000000000000000000e+00 -8.524710559995375414e-01
4.000000000000000000e+00 -8.524710559995375414e-01
4.000000000000000000e+00 -8.524710559995375414e-01
4.000000000000000000e+00 -8.524710559995375414e-01
4.000000000000000000e+00 -8.524710559995375414e-01
4.000000000000000000e+00 -8.524710559995375414e-01
4.000000000000000000e+00 -8.524710559995375414e-01
4.000000000000000000e+00 -8.524710559995375414e-01
4.000000000000000000e+00 -8.524710559995375414e-01
4.000000000000000000e+00 -8.524710559995375414e-01
4.000000000000000000e+00 -8.524710559995375414e-01
4.000000000000000000e+00 -8.524710559995375414e-01
4.000000000000000000e+00 -8.524710559995375414e-01
4.000000000000000000e+00 -8.524710559995375414e-01
4.000000000000000000e+00 -8.524710559995375414e-01
5.000000000000000000e+00 1.536824638150655065e-02
5.000000000000000000e+00 -4.235872182182392476e-01
5.000000000000000000e+00 -5.292861876714139990e-01
5.000000000000000000e+00 -5.292861876714139990e-01
5.000000000000000000e+00 -5.292861876714139990e-01
5.000000000000000000e+00 -5.707566634984269083e-01
5.000000000000000000e+00 -9.307805298627540580e-01
5.000000000000000000e+00 -9.307805298627540580e-01
5.000000000000000000e+00 -9.307805298627540580e-01
5.000000000000000000e+00 -9.307805298627540580e-01
5.000000000000000000e+00 -9.307805298627540580e-01
5.000000000000000000e+00 -9.307805298627540580e-01
5.000000000000000000e+00 -9.307805298627540580e-01
5.000000000000000000e+00 -9.307805298627540580e-01
5.000000000000000000e+00 -9.307805298627540580e-01
5.000000000000000000e+00 -9.307805298627540580e-01
5.000000000000000000e+00 -9.307805298627540580e-01
5.000000000000000000e+00 -9.307805298627540580e-01
5.000000000000000000e+00 -9.307805298627540580e-01
5.000000000000000000e+00 -9.307805298627540580e-01
5.000000000000000000e+00 -9.307805298627540580e-01
5.000000000000000000e+00 -9.307805298627540580e-01
5.000000000000000000e+00 -9.400498729005647425e-01
5.000000000000000000e+00 -9.400498729005647425e-01
5.000000000000000000e+00 -9.400498729005647425e-01
5.000000000000000000e+00 -9.400498729005647425e-01
5.000000000000000000e+00 -9.400498729005647425e-01
5.000000000000000000e+00 -9.400498729005647425e-01
6.000000000000000000e+00 6.989617905823664046e-01
6.000000000000000000e+00 -4.147959620254866309e-01
6.000000000000000000e+00 -1.012711873865471457e+00
6.000000000000000000e+00 -1.637819857049446437e+00
6.000000000000000000e+00 -1.637819857049446437e+00
6.000000000000000000e+00 -1.637819857049446437e+00
6.000000000000000000e+00 -1.637819857049446437e+00
6.000000000000000000e+00 -1.637819857049446437e+00
6.000000000000000000e+00 -1.637819857049446437e+00
6.000000000000000000e+00 -1.637819857049446437e+00
6.000000000000000000e+00 -1.637819857049446437e+00
6.000000000000000000e+00 -1.637819857049446437e+00
6.000000000000000000e+00 -1.637819857049446437e+00
6.000000000000000000e+00 -1.637819857049446437e+00
6.000000000000000000e+00 -1.637819857049446437e+00
6.000000000000000000e+00 -1.637819857049446437e+00
6.000000000000000000e+00 -1.637819857049446437e+00
6.000000000000000000e+00 -1.637819857049446437e+00
6.000000000000000000e+00 -1.637819857049446437e+00
6.000000000000000000e+00 -1.637819857049446437e+00
6.000000000000000000e+00 -1.637819857049446437e+00
6.000000000000000000e+00 -1.637819857049446437e+00
6.000000000000000000e+00 -1.637819857049446437e+00
6.000000000000000000e+00 -1.637819857049446437e+00
6.000000000000000000e+00 -1.637819857049446437e+00
6.000000000000000000e+00 -1.637819857049446437e+00
6.000000000000000000e+00 -1.637819857049446437e+00
6.000000000000000000e+00 -1.637819857049446437e+00
7.000000000000000000e+00 -7.238991478738741048e-01
7.000000000000000000e+00 -1.038372749289942387e+00
7.000000000000000000e+00 -1.038372749289942387e+00
7.000000000000000000e+00 -1.038372749289942387e+00
7.000000000000000000e+00 -1.038372749289942387e+00
7.000000000000000000e+00 -1.038372749289942387e+00
7.000000000000000000e+00 -1.038372749289942387e+00
7.000000000000000000e+00 -1.038372749289942387e+00
7.000000000000000000e+00 -1.038372749289942387e+00
7.000000000000000000e+00 -1.038372749289942387e+00
7.000000000000000000e+00 -1.038372749289942387e+00
7.000000000000000000e+00 -1.038372749289942387e+00
7.000000000000000000e+00 -1.038372749289942387e+00
7.000000000000000000e+00 -1.038372749289942387e+00
7.000000000000000000e+00 -1.038372749289942387e+00
7.000000000000000000e+00 -1.038372749289942387e+00
7.000000000000000000e+00 -1.038372749289942387e+00
7.000000000000000000e+00 -1.038372749289942387e+00
7.000000000000000000e+00 -1.038372749289942387e+00
7.000000000000000000e+00 -1.038372749289942387e+00
7.000000000000000000e+00 -1.038372749289942387e+00
7.000000000000000000e+00 -1.038372749289942387e+00
7.000000000000000000e+00 -1.038372749289942387e+00
7.000000000000000000e+00 -1.038372749289942387e+00
7.000000000000000000e+00 -1.038372749289942387e+00
7.000000000000000000e+00 -1.038372749289942387e+00
7.000000000000000000e+00 -1.119146474301861982e+00
7.000000000000000000e+00 -1.119146474301861982e+00
8.000000000000000000e+00 -2.102976177291787929e-01
8.000000000000000000e+00 -3.441461389150535233e-01
8.000000000000000000e+00 -1.198579961498578372e+00
8.000000000000000000e+00 -1.198579961498578372e+00
8.000000000000000000e+00 -1.198579961498578372e+00
8.000000000000000000e+00 -1.198579961498578372e+00
8.000000000000000000e+00 -1.198579961498578372e+00
8.000000000000000000e+00 -1.198579961498578372e+00
8.000000000000000000e+00 -1.198579961498578372e+00
8.000000000000000000e+00 -1.198579961498578372e+00
8.000000000000000000e+00 -1.198579961498578372e+00
8.000000000000000000e+00 -1.198579961498578372e+00
8.000000000000000000e+00 -1.198579961498578372e+00
8.000000000000000000e+00 -1.198579961498578372e+00
8.000000000000000000e+00 -1.198579961498578372e+00
8.000000000000000000e+00 -1.198579961498578372e+00
8.000000000000000000e+00 -1.198579961498578372e+00
8.000000000000000000e+00 -1.198579961498578372e+00
8.000000000000000000e+00 -1.198579961498578372e+00
8.000000000000000000e+00 -1.198579961498578372e+00
8.000000000000000000e+00 -1.198579961498578372e+00
8.000000000000000000e+00 -1.198579961498578372e+00
8.000000000000000000e+00 -1.198579961498578372e+00
8.000000000000000000e+00 -1.198579961498578372e+00
8.000000000000000000e+00 -1.198579961498578372e+00
8.000000000000000000e+00 -1.198579961498578372e+00
8.000000000000000000e+00 -1.198579961498578372e+00
8.000000000000000000e+00 -1.600580074292439425e+00
9.000000000000000000e+00 -1.110612803741612309e+00
9.000000000000000000e+00 -1.110612803741612309e+00
9.000000000000000000e+00 -1.110612803741612309e+00
9.000000000000000000e+00 -1.110612803741612309e+00
9.000000000000000000e+00 -1.392860351677539965e+00
9.000000000000000000e+00 -1.392860351677539965e+00
9.000000000000000000e+00 -1.392860351677539965e+00
9.000000000000000000e+00 -1.392860351677539965e+00
9.000000000000000000e+00 -1.392860351677539965e+00
9.000000000000000000e+00 -1.392860351677539965e+00
9.000000000000000000e+00 -1.392860351677539965e+00
9.000000000000000000e+00 -1.392860351677539965e+00
9.000000000000000000e+00 -1.392860351677539965e+00
9.000000000000000000e+00 -1.392860351677539965e+00
9.000000000000000000e+00 -1.392860351677539965e+00
9.000000000000000000e+00 -1.392860351677539965e+00
9.000000000000000000e+00 -1.392860351677539965e+00
9.000000000000000000e+00 -1.392860351677539965e+00
9.000000000000000000e+00 -1.392860351677539965e+00
9.000000000000000000e+00 -1.392860351677539965e+00
9.000000000000000000e+00 -1.392860351677539965e+00
9.000000000000000000e+00 -1.392860351677539965e+00
9.000000000000000000e+00 -1.392860351677539965e+00
9.000000000000000000e+00 -1.392860351677539965e+00
9.000000000000000000e+00 -1.392860351677539965e+00
9.000000000000000000e+00 -1.392860351677539965e+00
9.000000000000000000e+00 -1.392860351677539965e+00
9.000000000000000000e+00 -1.392860351677539965e+00
1.000000000000000000e+01 -5.739081787208550889e-01
1.000000000000000000e+01 -5.739081787208550889e-01
1.000000000000000000e+01 -8.743795369961899766e-01
1.000000000000000000e+01 -1.070189631471103242e+00
1.000000000000000000e+01 -1.070189631471103242e+00
1.000000000000000000e+01 -1.070189631471103242e+00
1.000000000000000000e+01 -1.070189631471103242e+00
1.000000000000000000e+01 -1.070189631471103242e+00
1.000000000000000000e+01 -1.070189631471103242e+00
1.000000000000000000e+01 -1.070189631471103242e+00
1.000000000000000000e+01 -1.070189631471103242e+00
1.000000000000000000e+01 -1.070189631471103242e+00
1.000000000000000000e+01 -1.070189631471103242e+00
1.000000000000000000e+01 -1.070189631471103242e+00
1.000000000000000000e+01 -1.070189631471103242e+00
1.000000000000000000e+01 -1.070189631471103242e+00
1.000000000000000000e+01 -1.070189631471103242e+00
1.000000000000000000e+01 -1.070189631471103242e+00
1.000000000000000000e+01 -1.070189631471103242e+00
1.000000000000000000e+01 -1.070189631471103242e+00
1.000000000000000000e+01 -1.070189631471103242e+00
1.000000000000000000e+01 -1.070189631471103242e+00
1.000000000000000000e+01 -1.070189631471103242e+00
1.000000000000000000e+01 -1.070189631471103242e+00
1.000000000000000000e+01 -1.070189631471103242e+00
1.000000000000000000e+01 -1.070189631471103242e+00
1.000000000000000000e+01 -1.070189631471103242e+00
1.000000000000000000e+01 -1.070189631471103242e+00
1.100000000000000000e+01 -7.920779972652360890e-01
1.100000000000000000e+01 -7.920779972652360890e-01
1.100000000000000000e+01 -7.920779972652360890e-01
1.100000000000000000e+01 -7.920779972652360890e-01
1.100000000000000000e+01 -1.205109504012545241e+00
1.100000000000000000e+01 -1.205109504012545241e+00
1.100000000000000000e+01 -1.205109504012545241e+00
1.100000000000000000e+01 -1.205109504012545241e+00
1.100000000000000000e+01 -1.205109504012545241e+00
1.100000000000000000e+01 -1.205109504012545241e+00
1.100000000000000000e+01 -1.205109504012545241e+00
1.100000000000000000e+01 -1.205109504012545241e+00
1.100000000000000000e+01 -1.205109504012545241e+00
1.100000000000000000e+01 -1.205109504012545241e+00
1.100000000000000000e+01 -1.205109504012545241e+00
1.100000000000000000e+01 -1.205109504012545241e+00
1.100000000000000000e+01 -1.205109504012545241e+00
1.100000000000000000e+01 -1.205109504012545241e+00
1.100000000000000000e+01 -1.205109504012545241e+00
1.100000000000000000e+01 -1.205109504012545241e+00
1.100000000000000000e+01 -1.205109504012545241e+00
1.100000000000000000e+01 -1.205109504012545241e+00
1.100000000000000000e+01 -1.205109504012545241e+00
1.100000000000000000e+01 -1.205109504012545241e+00
1.100000000000000000e+01 -1.205109504012545241e+00
1.100000000000000000e+01 -1.205109504012545241e+00
1.100000000000000000e+01 -1.205109504012545241e+00
1.100000000000000000e+01 -1.539622724186819891e+00
1.200000000000000000e+01 -7.705022559061741605e-01
1.200000000000000000e+01 -1.286448568300769146e+00
1.200000000000000000e+01 -1.286448568300769146e+00
1.200000000000000000e+01 -1.286448568300769146e+00
1.200000000000000000e+01 -1.286448568300769146e+00
1.200000000000000000e+01 -1.286448568300769146e+00
1.200000000000000000e+01 -1.286448568300769146e+00
1.200000000000000000e+01 -1.286448568300769146e+00
1.200000000000000000e+01 -1.286448568300769146e+00
1.200000000000000000e+01 -1.286448568300769146e+00
1.200000000000000000e+01 -1.286448568300769146e+00
1.200000000000000000e+01 -1.286448568300769146e+00
1.200000000000000000e+01 -1.286448568300769146e+00
1.200000000000000000e+01 -1.286448568300769146e+00
1.200000000000000000e+01 -1.286448568300769146e+00
1.200000000000000000e+01 -1.286448568300769146e+00
1.200000000000000000e+01 -1.286448568300769146e+00
1.200000000000000000e+01 -1.286448568300769146e+00
1.200000000000000000e+01 -1.286448568300769146e+00
1.200000000000000000e+01 -1.286448568300769146e+00
1.200000000000000000e+01 -1.286448568300769146e+00
1.200000000000000000e+01 -1.286448568300769146e+00
1.200000000000000000e+01 -1.286448568300769146e+00
1.200000000000000000e+01 -1.286448568300769146e+00
1.200000000000000000e+01 -1.286448568300769146e+00
1.200000000000000000e+01 -1.286448568300769146e+00
1.200000000000000000e+01 -1.286448568300769146e+00
1.200000000000000000e+01 -1.362001548813412732e+00
1.300000000000000000e+01 -3.216476077705204273e-01
1.300000000000000000e+01 -3.216476077705204273e-01
1.300000000000000000e+01 -6.441842143749443306e-01
1.300000000000000000e+01 -6.441842143749443306e-01
1.300000000000000000e+01 -1.140347100305685979e+00
1.300000000000000000e+01 -1.140347100305685979e+00
1.300000000000000000e+01 -1.140347100305685979e+00
1.300000000000000000e+01 -1.140347100305685979e+00
1.300000000000000000e+01 -1.140347100305685979e+00
1.300000000000000000e+01 -1.140347100305685979e+00
1.300000000000000000e+01 -1.140347100305685979e+00
1.300000000000000000e+01 -1.140347100305685979e+00
1.300000000000000000e+01 -1.140347100305685979e+00
1.300000000000000000e+01 -1.140347100305685979e+00
1.300000000000000000e+01 -1.140347100305685979e+00
1.300000000000000000e+01 -1.140347100305685979e+00
1.300000000000000000e+01 -1.140347100305685979e+00
1.300000000000000000e+01 -1.140347100305685979e+00
1.300000000000000000e+01 -1.140347100305685979e+00
1.300000000000000000e+01 -1.140347100305685979e+00
1.300000000000000000e+01 -1.140347100305685979e+00
1.300000000000000000e+01 -1.140347100305685979e+00
1.300000000000000000e+01 -1.140347100305685979e+00
1.300000000000000000e+01 -1.140347100305685979e+00
1.300000000000000000e+01 -1.140347100305685979e+00
1.300000000000000000e+01 -1.140347100305685979e+00
1.300000000000000000e+01 -1.140347100305685979e+00
1.300000000000000000e+01 -1.191211045021233206e+00
1.400000000000000000e+01 -4.607175012010505943e-01
1.400000000000000000e+01 -7.294730670817011209e-01
1.400000000000000000e+01 -1.222546856067214138e+00
1.400000000000000000e+01 -1.222546856067214138e+00
1.400000000000000000e+01 -1.222546856067214138e+00
1.400000000000000000e+01 -1.222546856067214138e+00
1.400000000000000000e+01 -1.222546856067214138e+00
1.400000000000000000e+01 -1.222546856067214138e+00
1.400000000000000000e+01 -1.222546856067214138e+00
1.400000000000000000e+01 -1.222546856067214138e+00
1.400000000000000000e+01 -1.222546856067214138e+00
1.400000000000000000e+01 -1.222546856067214138e+00
1.400000000000000000e+01 -1.222546856067214138e+00
1.400000000000000000e+01 -1.222546856067214138e+00
1.400000000000000000e+01 -1.222546856067214138e+00
1.400000000000000000e+01 -1.222546856067214138e+00
1.400000000000000000e+01 -1.222546856067214138e+00
1.400000000000000000e+01 -1.222546856067214138e+00
1.400000000000000000e+01 -1.222546856067214138e+00
1.400000000000000000e+01 -1.222546856067214138e+00
1.400000000000000000e+01 -1.222546856067214138e+00
1.400000000000000000e+01 -1.222546856067214138e+00
1.400000000000000000e+01 -1.222546856067214138e+00
1.400000000000000000e+01 -1.222546856067214138e+00
1.400000000000000000e+01 -1.222546856067214138e+00
1.400000000000000000e+01 -1.222546856067214138e+00
1.400000000000000000e+01 -1.222546856067214138e+00
1.400000000000000000e+01 -1.222546856067214138e+00
1.500000000000000000e+01 4.689924622560741607e-01
1.500000000000000000e+01 -7.346923380986731811e-01
1.500000000000000000e+01 -1.146992292224552568e+00
1.500000000000000000e+01 -1.146992292224552568e+00
1.500000000000000000e+01 -1.146992292224552568e+00
1.500000000000000000e+01 -1.146992292224552568e+00
1.500000000000000000e+01 -1.146992292224552568e+00
1.500000000000000000e+01 -1.146992292224552568e+00
1.500000000000000000e+01 -1.146992292224552568e+00
1.500000000000000000e+01 -1.146992292224552568e+00
1.500000000000000000e+01 -1.146992292224552568e+00
1.500000000000000000e+01 -1.146992292224552568e+00
1.500000000000000000e+01 -1.146992292224552568e+00
1.500000000000000000e+01 -1.146992292224552568e+00
1.500000000000000000e+01 -1.146992292224552568e+00
1.500000000000000000e+01 -1.146992292224552568e+00
1.500000000000000000e+01 -1.146992292224552568e+00
1.500000000000000000e+01 -1.146992292224552568e+00
1.500000000000000000e+01 -1.146992292224552568e+00
1.500000000000000000e+01 -1.146992292224552568e+00
1.500000000000000000e+01 -1.146992292224552568e+00
1.500000000000000000e+01 -1.146992292224552568e+00
1.500000000000000000e+01 -1.146992292224552568e+00
1.500000000000000000e+01 -1.146992292224552568e+00
1.500000000000000000e+01 -1.146992292224552568e+00
1.500000000000000000e+01 -1.146992292224552568e+00
1.500000000000000000e+01 -1.146992292224552568e+00
1.500000000000000000e+01 -1.146992292224552568e+00
1.600000000000000000e+01 5.576273313882911253e-01
1.600000000000000000e+01 -8.502922644588557510e-01
1.600000000000000000e+01 -8.639344224473805012e-01
1.600000000000000000e+01 -8.639344224473805012e-01
1.600000000000000000e+01 -1.525539751595957005e+00
1.600000000000000000e+01 -1.525539751595957005e+00
1.600000000000000000e+01 -1.525539751595957005e+00
1.600000000000000000e+01 -1.525539751595957005e+00
1.600000000000000000e+01 -1.525539751595957005e+00
1.600000000000000000e+01 -1.525539751595957005e+00
1.600000000000000000e+01 -1.525539751595957005e+00
1.600000000000000000e+01 -1.525539751595957005e+00
1.600000000000000000e+01 -1.525539751595957005e+00
1.600000000000000000e+01 -1.525539751595957005e+00
1.600000000000000000e+01 -1.525539751595957005e+00
1.600000000000000000e+01 -1.525539751595957005e+00
1.600000000000000000e+01 -1.525539751595957005e+00
1.600000000000000000e+01 -1.525539751595957005e+00
1.600000000000000000e+01 -1.525539751595957005e+00
1.600000000000000000e+01 -1.525539751595957005e+00
1.600000000000000000e+01 -1.525539751595957005e+00
1.600000000000000000e+01 -1.525539751595957005e+00
1.600000000000000000e+01 -1.525539751595957005e+00
1.600000000000000000e+01 -1.525539751595957005e+00
1.600000000000000000e+01 -1.525539751595957005e+00
1.600000000000000000e+01 -1.525539751595957005e+00
1.600000000000000000e+01 -1.525539751595957005e+00
1.600000000000000000e+01 -1.526367532641480063e+00
1.700000000000000000e+01 -1.640443644345284946e-01
1.700000000000000000e+01 -9.008893402407196493e-01
1.700000000000000000e+01 -1.388138049488797598e+00
1.700000000000000000e+01 -1.388138049488797598e+00
1.700000000000000000e+01 -1.388138049488797598e+00
1.700000000000000000e+01 -1.388138049488797598e+00
1.700000000000000000e+01 -1.388138049488797598e+00
1.700000000000000000e+01 -1.388138049488797598e+00
1.700000000000000000e+01 -1.388138049488797598e+00
1.700000000000000000e+01 -1.388138049488797598e+00
1.700000000000000000e+01 -1.388138049488797598e+00
1.700000000000000000e+01 -1.388138049488797598e+00
1.700000000000000000e+01 -1.388138049488797598e+00
1.700000000000000000e+01 -1.388138049488797598e+00
1.700000000000000000e+01 -1.388138049488797598e+00
1.700000000000000000e+01 -1.388138049488797598e+00
1.700000000000000000e+01 -1.388138049488797598e+00
1.700000000000000000e+01 -1.388138049488797598e+00
1.700000000000000000e+01 -1.388138049488797598e+00
1.700000000000000000e+01 -1.388138049488797598e+00
1.700000000000000000e+01 -1.388138049488797598e+00
1.700000000000000000e+01 -1.388138049488797598e+00
1.700000000000000000e+01 -1.388138049488797598e+00
1.700000000000000000e+01 -1.388138049488797598e+00
1.700000000000000000e+01 -1.388138049488797598e+00
1.700000000000000000e+01 -1.388138049488797598e+00
1.700000000000000000e+01 -1.388138049488797598e+00
1.700000000000000000e+01 -1.388138049488797598e+00
1.800000000000000000e+01 -1.305947006920797349e-01
1.800000000000000000e+01 -4.169534546244066942e-01
1.800000000000000000e+01 -9.536342364734093913e-01
1.800000000000000000e+01 -9.536342364734093913e-01
1.800000000000000000e+01 -9.536342364734093913e-01
1.800000000000000000e+01 -9.536342364734093913e-01
1.800000000000000000e+01 -9.536342364734093913e-01
1.800000000000000000e+01 -9.536342364734093913e-01
1.800000000000000000e+01 -9.536342364734093913e-01
1.800000000000000000e+01 -9.536342364734093913e-01
1.800000000000000000e+01 -9.536342364734093913e-01
1.800000000000000000e+01 -9.536342364734093913e-01
1.800000000000000000e+01 -9.536342364734093913e-01
1.800000000000000000e+01 -9.536342364734093913e-01
1.800000000000000000e+01 -9.536342364734093913e-01
1.800000000000000000e+01 -9.536342364734093913e-01
1.800000000000000000e+01 -9.536342364734093913e-01
1.800000000000000000e+01 -9.536342364734093913e-01
1.800000000000000000e+01 -9.536342364734093913e-01
1.800000000000000000e+01 -9.536342364734093913e-01
1.800000000000000000e+01 -9.536342364734093913e-01
1.800000000000000000e+01 -9.536342364734093913e-01
1.800000000000000000e+01 -9.536342364734093913e-01
1.800000000000000000e+01 -9.536342364734093913e-01
1.800000000000000000e+01 -9.536342364734093913e-01
1.800000000000000000e+01 -9.536342364734093913e-01
1.800000000000000000e+01 -9.536342364734093913e-01
1.800000000000000000e+01 -1.626643121723206020e+00
1.900000000000000000e+01 3.535312359296164941e-01
1.900000000000000000e+01 1.932873149514413580e-02
1.900000000000000000e+01 -3.170796347666374193e-01
1.900000000000000000e+01 -3.170796347666374193e-01
1.900000000000000000e+01 -3.170796347666374193e-01
1.900000000000000000e+01 -3.170796347666374193e-01
1.900000000000000000e+01 -5.160530894238211097e-01
1.900000000000000000e+01 -5.160530894238211097e-01
1.900000000000000000e+01 -5.160530894238211097e-01
1.900000000000000000e+01 -5.160530894238211097e-01
1.900000000000000000e+01 -7.136868316093919473e-01
1.900000000000000000e+01 -7.136868316093919473e-01
1.900000000000000000e+01 -7.136868316093919473e-01
1.900000000000000000e+01 -7.136868316093919473e-01
1.900000000000000000e+01 -7.136868316093919473e-01
1.900000000000000000e+01 -7.136868316093919473e-01
1.900000000000000000e+01 -7.136868316093919473e-01
1.900000000000000000e+01 -7.136868316093919473e-01
1.900000000000000000e+01 -7.136868316093919473e-01
1.900000000000000000e+01 -1.202441041841584957e+00
1.900000000000000000e+01 -1.202441041841584957e+00
1.900000000000000000e+01 -1.202441041841584957e+00
1.900000000000000000e+01 -1.202441041841584957e+00
1.900000000000000000e+01 -1.202441041841584957e+00
1.900000000000000000e+01 -1.202441041841584957e+00
1.900000000000000000e+01 -1.202441041841584957e+00
1.900000000000000000e+01 -1.202441041841584957e+00
1.900000000000000000e+01 -1.468724712432376345e+00
