6.934290341063243735e-310 2.032864324762626073e-316
0.000000000000000000e+00 8.525432189401853655e-01
0.000000000000000000e+00 8.090473967611110373e-01
0.000000000000000000e+00 2.135203400036317645e-01
0.000000000000000000e+00 2.135203400036317645e-01
0.000000000000000000e+00 2.135203400036317645e-01
0.000000000000000000e+00 2.135203400036317645e-01
0.000000000000000000e+00 2.135203400036317645e-01
0.000000000000000000e+00 5.946393541822433265e-02
0.000000000000000000e+00 5.946393541822433265e-02
0.000000000000000000e+00 5.946393541822433265e-02
0.000000000000000000e+00 5.946393541822433265e-02
0.000000000000000000e+00 5.946393541822433265e-02
0.000000000000000000e+00 5.946393541822433265e-02
0.000000000000000000e+00 5.946393541822433265e-02
0.000000000000000000e+00 5.335295533054436323e-02
0.000000000000000000e+00 5.335295533054436323e-02
0.000000000000000000e+00 5.335295533054436323e-02
0.000000000000000000e+00 5.335295533054436323e-02
0.000000000000000000e+00 5.335295533054436323e-02
0.000000000000000000e+00 5.335295533054436323e-02
0.000000000000000000e+00 5.335295533054436323e-02
0.000000000000000000e+00 9.540744521729089059e-03
0.000000000000000000e+00 9.540744521729089059e-03
0.000000000000000000e+00 9.540744521729089059e-03
0.000000000000000000e+00 9.540744521729089059e-03
0.000000000000000000e+00 9.540744521729089059e-03
0.000000000000000000e+00 9.540744521729089059e-03
0.000000000000000000e+00 9.540744521729089059e-03
0.000000000000000000e+00 9.540744521729089059e-03
0.000000000000000000e+00 9.540744521729089059e-03
1.000000000000000000e+00 2.353749060732062692e-01
1.000000000000000000e+00 1.136818477744133693e-03
1.000000000000000000e+00 1.136818477744133693e-03
1.000000000000000000e+00 1.136818477744133693e-03
1.000000000000000000e+00 1.136818477744133693e-03
1.000000000000000000e+00 1.136818477744133693e-03
1.000000000000000000e+00 1.136818477744133693e-03
1.000000000000000000e+00 1.136818477744133693e-03
1.000000000000000000e+00 1.136818477744133693e-03
1.000000000000000000e+00 1.136818477744133693e-03
1.000000000000000000e+00 1.136818477744133693e-03
1.000000000000000000e+00 1.136818477744133693e-03
1.000000000000000000e+00 1.136818477744133693e-03
1.000000000000000000e+00 1.136818477744133693e-03
1.000000000000000000e+00 1.136818477744133693e-03
1.000000000000000000e+00 1.136818477744133693e-03
1.000000000000000000e+00 1.136818477744133693e-03
1.000000000000000000e+00 1.136818477744133693e-03
1.000000000000000000e+00 1.136818477744133693e-03
1.000000000000000000e+00 1.136818477744133693e-03
1.000000000000000000e+00 1.136818477744133693e-03
1.000000000000000000e+00 1.136818477744133693e-03
1.000000000000000000e+00 1.136818477744133693e-03
1.000000000000000000e+00 1.136818477744133693e-03
1.000000000000000000e+00 1.136818477744133693e-03
1.000000000000000000e+00 1.136818477744133693e-03
1.000000000000000000e+00 1.136818477744133693e-03
1.000000000000000000e+00 1.136818477744133693e-03
1.000000000000000000e+00 1.136818477744133693e-03
1.000000000000000000e+00 1.136818477744133693e-03
2.000000000000000000e+00 5.635600264959450545e-01
2.000000000000000000e+00 1.356866274483350086e-02
2.000000000000000000e+00 1.356866274483350086e-02
2.000000000000000000e+00 1.356866274483350086e-02
2.000000000000000000e+00 1.356866274483350086e-02
2.000000000000000000e+00 1.356866274483350086e-02
2.000000000000000000e+00 1.356866274483350086e-02
2.000000000000000000e+00 1.356866274483350086e-02
2.000000000000000000e+00 1.356866274483350086e-02
2.000000000000000000e+00 1.356866274483350086e-02
2.000000000000000000e+00 1.356866274483350086e-02
2.000000000000000000e+00 1.356866274483350086e-02
2.000000000000000000e+00 1.356866274483350086e-02
2.000000000000000000e+00 1.356866274483350086e-02
2.000000000000000000e+00 1.356866274483350086e-02
2.000000000000000000e+00 1.356866274483350086e-02
2.000000000000000000e+00 1.356866274483350086e-02
2.000000000000000000e+00 1.356866274483350086e-02
2.000000000000000000e+00 1.356866274483350086e-02
2.000000000000000000e+00 -6.432965184343081289e-02
2.000000000000000000e+00 -6.432965184343081289e-02
2.000000000000000000e+00 -6.432965184343081289e-02
2.000000000000000000e+00 -6.432965184343081289e-02
2.000000000000000000e+00 -6.432965184343081289e-02
2.000000000000000000e+00 -6.432965184343081289e-02
2.000000000000000000e+00 -6.432965184343081289e-02
2.000000000000000000e+00 -6.432965184343081289e-02
2.000000000000000000e+00 -1.176966924331397241e-01
2.000000000000000000e+00 -1.176966924331397241e-01
2.000000000000000000e+00 -1.176966924331397241e-01
3.000000000000000000e+00 3.054062312314949068e-01
3.000000000000000000e+00 3.054062312314949068e-01
3.000000000000000000e+00 3.054062312314949068e-01
3.000000000000000000e+00 -2.890191691530785006e-02
3.000000000000000000e+00 -2.890191691530785006e-02
3.000000000000000000e+00 -2.890191691530785006e-02
3.000000000000000000e+00 -2.890191691530785006e-02
3.000000000000000000e+00 -2.890191691530785006e-02
3.000000000000000000e+00 -2.890191691530785006e-02
3.000000000000000000e+00 -2.890191691530785006e-02
3.000000000000000000e+00 -2.890191691530785006e-02
3.000000000000000000e+00 -2.890191691530785006e-02
3.000000000000000000e+00 -2.890191691530785006e-02
3.000000000000000000e+00 -2.890191691530785006e-02
3.000000000000000000e+00 -2.890191691530785006e-02
3.000000000000000000e+00 -8.921642112652013179e-02
3.000000000000000000e+00 -8.921642112652013179e-02
3.000000000000000000e+00 -8.921642112652013179e-02
3.000000000000000000e+00 -8.921642112652013179e-02
3.000000000000000000e+00 -8.921642112652013179e-02
3.000000000000000000e+00 -8.921642112652013179e-02
3.000000000000000000e+00 -8.921642112652013179e-02
3.000000000000000000e+00 -8.921642112652013179e-02
3.000000000000000000e+00 -8.921642112652013179e-02
3.000000000000000000e+00 -8.921642112652013179e-02
3.000000000000000000e+00 -1.147407425057541674e-01
3.000000000000000000e+00 -1.147407425057541674e-01
3.000000000000000000e+00 -1.147407425057541674e-01
3.000000000000000000e+00 -1.147407425057541674e-01
3.000000000000000000e+00 -1.147407425057541674e-01
4.000000000000000000e+00 1.746515547460796014e-01
4.000000000000000000e+00 1.650247356544740432e-02
4.000000000000000000e+00 1.650247356544740432e-02
4.000000000000000000e+00 1.650247356544740432e-02
4.000000000000000000e+00 1.650247356544740432e-02
4.000000000000000000e+00 1.650247356544740432e-02
4.000000000000000000e+00 1.650247356544740432e-02
4.000000000000000000e+00 1.650247356544740432e-02
4.000000000000000000e+00 1.650247356544740432e-02
4.000000000000000000e+00 1.650247356544740432e-02
4.000000000000000000e+00 1.650247356544740432e-02
4.000000000000000000e+00 1.650247356544740432e-02
4.000000000000000000e+00 1.650247356544740432e-02
4.000000000000000000e+00 1.650247356544740432e-02
4.000000000000000000e+00 1.650247356544740432e-02
4.000000000000000000e+00 1.650247356544740432e-02
4.000000000000000000e+00 -4.969016407797363644e-02
4.000000000000000000e+00 -4.969016407797363644e-02
4.000000000000000000e+00 -4.969016407797363644e-02
4.000000000000000000e+00 -4.969016407797363644e-02
4.000000000000000000e+00 -4.969016407797363644e-02
4.000000000000000000e+00 -4.969016407797363644e-02
4.000000000000000000e+00 -4.969016407797363644e-02
4.000000000000000000e+00 -4.969016407797363644e-02
4.000000000000000000e+00 -4.969016407797363644e-02
4.000000000000000000e+00 -4.969016407797363644e-02
4.000000000000000000e+00 -4.969016407797363644e-02
4.000000000000000000e+00 -4.969016407797363644e-02
4.000000000000000000e+00 -4.969016407797363644e-02
4.000000000000000000e+00 -4.969016407797363644e-02
