6.927444283547193586e-310 6.927444283547193586e-310
0.000000000000000000e+00 8.743913384341488182e-02
0.000000000000000000e+00 8.743913384341488182e-02
0.000000000000000000e+00 8.743913384341488182e-02
0.000000000000000000e+00 8.743913384341488182e-02
0.000000000000000000e+00 -2.951979700887460423e-01
0.000000000000000000e+00 -2.951979700887460423e-01
0.000000000000000000e+00 -2.951979700887460423e-01
0.000000000000000000e+00 -2.951979700887460423e-01
0.000000000000000000e+00 -1.804985576517379187e+01
0.000000000000000000e+00 -1.804985576517379187e+01
0.000000000000000000e+00 -1.804985576517379187e+01
0.000000000000000000e+00 -1.804985576517379187e+01
0.000000000000000000e+00 -1.804985576517379187e+01
0.000000000000000000e+00 -1.804985576517379187e+01
0.000000000000000000e+00 -1.804985576517379187e+01
0.000000000000000000e+00 -7.261930121166145113e+01
0.000000000000000000e+00 -7.261930121166145113e+01
0.000000000000000000e+00 -7.261930121166145113e+01
0.000000000000000000e+00 -7.261930121166145113e+01
0.000000000000000000e+00 -7.261930121166145113e+01
0.000000000000000000e+00 -7.261930121166145113e+01
0.000000000000000000e+00 -7.261930121166145113e+01
0.000000000000000000e+00 -7.261930121166145113e+01
0.000000000000000000e+00 -7.261930121166145113e+01
0.000000000000000000e+00 -7.261930121166145113e+01
0.000000000000000000e+00 -7.261930121166145113e+01
0.000000000000000000e+00 -7.261930121166145113e+01
0.000000000000000000e+00 -7.261930121166145113e+01
0.000000000000000000e+00 -7.261930121166145113e+01
0.000000000000000000e+00 -7.261930121166145113e+01
0.000000000000000000e+00 -7.261930121166145113e+01
0.000000000000000000e+00 -7.261930121166145113e+01
0.000000000000000000e+00 -7.261930121166145113e+01
0.000000000000000000e+00 -7.261930121166145113e+01
0.000000000000000000e+00 -7.261930121166145113e+01
0.000000000000000000e+00 -7.261930121166145113e+01
0.000000000000000000e+00 -7.261930121166145113e+01
0.000000000000000000e+00 -7.261930121166145113e+01
0.000000000000000000e+00 -7.261930121166145113e+01
0.000000000000000000e+00 -7.261930121166145113e+01
0.000000000000000000e+00 -8.481118993554747476e+02
0.000000000000000000e+00 -8.481118993554747476e+02
0.000000000000000000e+00 -8.481118993554747476e+02
0.000000000000000000e+00 -8.481118993554747476e+02
0.000000000000000000e+00 -8.481118993554747476e+02
0.000000000000000000e+00 -8.481118993554747476e+02
0.000000000000000000e+00 -8.481118993554747476e+02
0.000000000000000000e+00 -8.481118993554747476e+02
0.000000000000000000e+00 -8.481118993554747476e+02
0.000000000000000000e+00 -8.481118993554747476e+02
0.000000000000000000e+00 -8.481118993554747476e+02
0.000000000000000000e+00 -8.481118993554747476e+02
1.000000000000000000e+00 -2.021415621844234067e+00
1.000000000000000000e+00 -2.268501812271889406e+00
1.000000000000000000e+00 -2.268501812271889406e+00
1.000000000000000000e+00 -2.268501812271889406e+00
1.000000000000000000e+00 -2.268501812271889406e+00
1.000000000000000000e+00 -9.181874395500699393e+00
1.000000000000000000e+00 -9.181874395500699393e+00
1.000000000000000000e+00 -5.176689922753349293e+01
1.000000000000000000e+00 -5.176689922753349293e+01
1.000000000000000000e+00 -5.176689922753349293e+01
1.000000000000000000e+00 -5.176689922753349293e+01
1.000000000000000000e+00 -5.176689922753349293e+01
1.000000000000000000e+00 -5.176689922753349293e+01
1.000000000000000000e+00 -5.176689922753349293e+01
1.000000000000000000e+00 -5.176689922753349293e+01
1.000000000000000000e+00 -5.176689922753349293e+01
1.000000000000000000e+00 -5.176689922753349293e+01
1.000000000000000000e+00 -5.176689922753349293e+01
1.000000000000000000e+00 -5.176689922753349293e+01
1.000000000000000000e+00 -5.176689922753349293e+01
1.000000000000000000e+00 -5.176689922753349293e+01
1.000000000000000000e+00 -5.176689922753349293e+01
1.000000000000000000e+00 -5.176689922753349293e+01
1.000000000000000000e+00 -5.176689922753349293e+01
1.000000000000000000e+00 -5.176689922753349293e+01
1.000000000000000000e+00 -5.176689922753349293e+01
1.000000000000000000e+00 -5.176689922753349293e+01
1.000000000000000000e+00 -5.176689922753349293e+01
1.000000000000000000e+00 -5.176689922753349293e+01
1.000000000000000000e+00 -5.176689922753349293e+01
1.000000000000000000e+00 -5.176689922753349293e+01
1.000000000000000000e+00 -5.176689922753349293e+01
1.000000000000000000e+00 -5.176689922753349293e+01
1.000000000000000000e+00 -5.176689922753349293e+01
1.000000000000000000e+00 -5.176689922753349293e+01
1.000000000000000000e+00 -5.176689922753349293e+01
1.000000000000000000e+00 -1.225227148164192243e+02
1.000000000000000000e+00 -1.225227148164192243e+02
1.000000000000000000e+00 -1.225227148164192243e+02
1.000000000000000000e+00 -1.225227148164192243e+02
1.000000000000000000e+00 -1.225227148164192243e+02
1.000000000000000000e+00 -1.225227148164192243e+02
1.000000000000000000e+00 -1.225227148164192243e+02
1.000000000000000000e+00 -1.225227148164192243e+02
1.000000000000000000e+00 -1.225227148164192243e+02
1.000000000000000000e+00 -1.225227148164192243e+02
1.000000000000000000e+00 -1.225227148164192243e+02
1.000000000000000000e+00 -1.225227148164192243e+02
1.000000000000000000e+00 -1.225227148164192243e+02
1.000000000000000000e+00 -1.225227148164192243e+02
1.000000000000000000e+00 -1.225227148164192243e+02
1.000000000000000000e+00 -1.225227148164192243e+02
1.000000000000000000e+00 -1.539431970757619297e+02
1.000000000000000000e+00 -1.539431970757619297e+02
2.000000000000000000e+00 -6.279636393365827018e+00
2.000000000000000000e+00 -4.333526893151050530e+01
2.000000000000000000e+00 -4.333526893151050530e+01
2.000000000000000000e+00 -4.333526893151050530e+01
2.000000000000000000e+00 -4.333526893151050530e+01
2.000000000000000000e+00 -4.333526893151050530e+01
2.000000000000000000e+00 -4.333526893151050530e+01
2.000000000000000000e+00 -4.333526893151050530e+01
2.000000000000000000e+00 -4.333526893151050530e+01
2.000000000000000000e+00 -4.333526893151050530e+01
2.000000000000000000e+00 -4.333526893151050530e+01
2.000000000000000000e+00 -4.333526893151050530e+01
2.000000000000000000e+00 -4.333526893151050530e+01
2.000000000000000000e+00 -4.333526893151050530e+01
2.000000000000000000e+00 -4.333526893151050530e+01
2.000000000000000000e+00 -4.333526893151050530e+01
2.000000000000000000e+00 -4.333526893151050530e+01
2.000000000000000000e+00 -4.333526893151050530e+01
2.000000000000000000e+00 -4.333526893151050530e+01
2.000000000000000000e+00 -4.333526893151050530e+01
2.000000000000000000e+00 -4.333526893151050530e+01
2.000000000000000000e+00 -4.333526893151050530e+01
2.000000000000000000e+00 -4.333526893151050530e+01
2.000000000000000000e+00 -4.333526893151050530e+01
2.000000000000000000e+00 -4.333526893151050530e+01
2.000000000000000000e+00 -4.333526893151050530e+01
2.000000000000000000e+00 -2.475081425465539553e+02
2.000000000000000000e+00 -2.475081425465539553e+02
2.000000000000000000e+00 -2.475081425465539553e+02
2.000000000000000000e+00 -2.475081425465539553e+02
2.000000000000000000e+00 -2.475081425465539553e+02
2.000000000000000000e+00 -2.475081425465539553e+02
2.000000000000000000e+00 -2.475081425465539553e+02
2.000000000000000000e+00 -2.475081425465539553e+02
2.000000000000000000e+00 -2.475081425465539553e+02
2.000000000000000000e+00 -2.475081425465539553e+02
2.000000000000000000e+00 -2.475081425465539553e+02
2.000000000000000000e+00 -2.475081425465539553e+02
2.000000000000000000e+00 -2.475081425465539553e+02
2.000000000000000000e+00 -2.475081425465539553e+02
2.000000000000000000e+00 -2.475081425465539553e+02
2.000000000000000000e+00 -2.475081425465539553e+02
2.000000000000000000e+00 -2.475081425465539553e+02
2.000000000000000000e+00 -2.475081425465539553e+02
2.000000000000000000e+00 -2.475081425465539553e+02
2.000000000000000000e+00 -2.475081425465539553e+02
2.000000000000000000e+00 -2.475081425465539553e+02
2.000000000000000000e+00 -2.475081425465539553e+02
2.000000000000000000e+00 -2.475081425465539553e+02
2.000000000000000000e+00 -2.475081425465539553e+02
2.000000000000000000e+00 -2.475081425465539553e+02
2.000000000000000000e+00 -2.475081425465539553e+02
3.000000000000000000e+00 4.324396396793243058e-01
3.000000000000000000e+00 -1.335263393403641885e+01
3.000000000000000000e+00 -1.335263393403641885e+01
3.000000000000000000e+00 -1.335263393403641885e+01
3.000000000000000000e+00 -4.707897055635783090e+02
3.000000000000000000e+00 -4.707897055635783090e+02
3.000000000000000000e+00 -4.707897055635783090e+02
3.000000000000000000e+00 -4.707897055635783090e+02
3.000000000000000000e+00 -4.707897055635783090e+02
3.000000000000000000e+00 -4.707897055635783090e+02
3.000000000000000000e+00 -4.707897055635783090e+02
3.000000000000000000e+00 -4.707897055635783090e+02
3.000000000000000000e+00 -4.707897055635783090e+02
3.000000000000000000e+00 -4.707897055635783090e+02
3.000000000000000000e+00 -4.707897055635783090e+02
3.000000000000000000e+00 -4.707897055635783090e+02
3.000000000000000000e+00 -4.707897055635783090e+02
3.000000000000000000e+00 -4.707897055635783090e+02
3.000000000000000000e+00 -4.707897055635783090e+02
3.000000000000000000e+00 -4.707897055635783090e+02
3.000000000000000000e+00 -4.707897055635783090e+02
3.000000000000000000e+00 -4.707897055635783090e+02
3.000000000000000000e+00 -4.707897055635783090e+02
3.000000000000000000e+00 -4.707897055635783090e+02
3.000000000000000000e+00 -4.707897055635783090e+02
3.000000000000000000e+00 -4.707897055635783090e+02
3.000000000000000000e+00 -4.707897055635783090e+02
3.000000000000000000e+00 -4.707897055635783090e+02
3.000000000000000000e+00 -4.707897055635783090e+02
3.000000000000000000e+00 -4.707897055635783090e+02
3.000000000000000000e+00 -4.707897055635783090e+02
3.000000000000000000e+00 -4.707897055635783090e+02
3.000000000000000000e+00 -4.707897055635783090e+02
3.000000000000000000e+00 -4.707897055635783090e+02
3.000000000000000000e+00 -4.707897055635783090e+02
3.000000000000000000e+00 -4.707897055635783090e+02
3.000000000000000000e+00 -4.707897055635783090e+02
3.000000000000000000e+00 -4.707897055635783090e+02
3.000000000000000000e+00 -4.707897055635783090e+02
3.000000000000000000e+00 -4.707897055635783090e+02
3.000000000000000000e+00 -4.707897055635783090e+02
3.000000000000000000e+00 -4.707897055635783090e+02
3.000000000000000000e+00 -4.707897055635783090e+02
3.000000000000000000e+00 -4.707897055635783090e+02
3.000000000000000000e+00 -4.707897055635783090e+02
3.000000000000000000e+00 -4.707897055635783090e+02
3.000000000000000000e+00 -4.707897055635783090e+02
3.000000000000000000e+00 -4.707897055635783090e+02
3.000000000000000000e+00 -4.707897055635783090e+02
3.000000000000000000e+00 -4.707897055635783090e+02
3.000000000000000000e+00 -4.707897055635783090e+02
3.000000000000000000e+00 -4.707897055635783090e+02
3.000000000000000000e+00 -4.707897055635783090e+02
3.000000000000000000e+00 -4.707897055635783090e+02
4.000000000000000000e+00 1.077572570600778962e-01
4.000000000000000000e+00 1.077572570600778962e-01
4.000000000000000000e+00 1.077572570600778962e-01
4.000000000000000000e+00 -7.500342760446484291e+00
4.000000000000000000e+00 -6.099750106083815382e+01
4.000000000000000000e+00 -6.099750106083815382e+01
4.000000000000000000e+00 -6.099750106083815382e+01
4.000000000000000000e+00 -6.099750106083815382e+01
4.000000000000000000e+00 -6.099750106083815382e+01
4.000000000000000000e+00 -6.099750106083815382e+01
4.000000000000000000e+00 -6.099750106083815382e+01
4.000000000000000000e+00 -6.099750106083815382e+01
4.000000000000000000e+00 -6.099750106083815382e+01
4.000000000000000000e+00 -6.099750106083815382e+01
4.000000000000000000e+00 -6.099750106083815382e+01
4.000000000000000000e+00 -6.099750106083815382e+01
4.000000000000000000e+00 -6.099750106083815382e+01
4.000000000000000000e+00 -6.099750106083815382e+01
4.000000000000000000e+00 -6.099750106083815382e+01
4.000000000000000000e+00 -6.099750106083815382e+01
4.000000000000000000e+00 -6.099750106083815382e+01
4.000000000000000000e+00 -6.099750106083815382e+01
4.000000000000000000e+00 -6.099750106083815382e+01
4.000000000000000000e+00 -6.099750106083815382e+01
4.000000000000000000e+00 -6.099750106083815382e+01
4.000000000000000000e+00 -6.099750106083815382e+01
4.000000000000000000e+00 -6.099750106083815382e+01
4.000000000000000000e+00 -6.099750106083815382e+01
4.000000000000000000e+00 -6.099750106083815382e+01
4.000000000000000000e+00 -6.099750106083815382e+01
4.000000000000000000e+00 -6.099750106083815382e+01
4.000000000000000000e+00 -6.099750106083815382e+01
4.000000000000000000e+00 -6.099750106083815382e+01
4.000000000000000000e+00 -6.099750106083815382e+01
4.000000000000000000e+00 -6.099750106083815382e+01
4.000000000000000000e+00 -6.099750106083815382e+01
4.000000000000000000e+00 -6.099750106083815382e+01
4.000000000000000000e+00 -6.099750106083815382e+01
4.000000000000000000e+00 -6.099750106083815382e+01
4.000000000000000000e+00 -6.099750106083815382e+01
4.000000000000000000e+00 -6.099750106083815382e+01
4.000000000000000000e+00 -6.099750106083815382e+01
4.000000000000000000e+00 -6.099750106083815382e+01
4.000000000000000000e+00 -6.099750106083815382e+01
4.000000000000000000e+00 -6.099750106083815382e+01
4.000000000000000000e+00 -6.099750106083815382e+01
4.000000000000000000e+00 -6.099750106083815382e+01
4.000000000000000000e+00 -6.099750106083815382e+01
4.000000000000000000e+00 -6.099750106083815382e+01
4.000000000000000000e+00 -6.099750106083815382e+01
4.000000000000000000e+00 -6.099750106083815382e+01
4.000000000000000000e+00 -6.099750106083815382e+01
4.000000000000000000e+00 -6.099750106083815382e+01
