6.949510141845811079e-310 5.037485419947016304e-316
0.000000000000000000e+00 -1.037194906632515679e+00
0.000000000000000000e+00 -1.037194906632515679e+00
0.000000000000000000e+00 -1.037194906632515679e+00
0.000000000000000000e+00 -1.037194906632515679e+00
0.000000000000000000e+00 -1.037194906632515679e+00
0.000000000000000000e+00 -1.037194906632515679e+00
0.000000000000000000e+00 -1.037194906632515679e+00
0.000000000000000000e+00 -1.037194906632515679e+00
0.000000000000000000e+00 -1.037194906632515679e+00
0.000000000000000000e+00 -1.037194906632515679e+00
0.000000000000000000e+00 -1.104533159897676420e+00
0.000000000000000000e+00 -1.880667349378828179e+00
0.000000000000000000e+00 -1.880667349378828179e+00
0.000000000000000000e+00 -1.909796382741576926e+00
0.000000000000000000e+00 -1.909796382741576926e+00
1.000000000000000000e+00 2.245924815250907258e+01
1.000000000000000000e+00 1.889381473286031454e+00
1.000000000000000000e+00 1.889381473286031454e+00
1.000000000000000000e+00 1.889381473286031454e+00
1.000000000000000000e+00 1.889381473286031454e+00
1.000000000000000000e+00 1.889381473286031454e+00
1.000000000000000000e+00 1.889381473286031454e+00
1.000000000000000000e+00 1.889381473286031454e+00
1.000000000000000000e+00 1.889381473286031454e+00
1.000000000000000000e+00 1.889381473286031454e+00
1.000000000000000000e+00 -1.030286859088277662e+00
1.000000000000000000e+00 -1.847754860089160900e+00
1.000000000000000000e+00 -1.847754860089160900e+00
1.000000000000000000e+00 -1.847754860089160900e+00
1.000000000000000000e+00 -1.847754860089160900e+00
1.000000000000000000e+00 -1.847754860089160900e+00
1.000000000000000000e+00 -1.847754860089160900e+00
1.000000000000000000e+00 -1.847754860089160900e+00
1.000000000000000000e+00 -1.847754860089160900e+00
1.000000000000000000e+00 -1.847754860089160900e+00
1.000000000000000000e+00 -1.967858556769866762e+00
1.000000000000000000e+00 -1.967858556769866762e+00
1.000000000000000000e+00 -1.967858556769866762e+00
1.000000000000000000e+00 -1.967858556769866762e+00
1.000000000000000000e+00 -2.130764500250115212e+00
2.000000000000000000e+00 6.668438434606819065e+00
2.000000000000000000e+00 -1.255810019431387925e+00
2.000000000000000000e+00 -1.255810019431387925e+00
2.000000000000000000e+00 -1.255810019431387925e+00
2.000000000000000000e+00 -1.255810019431387925e+00
2.000000000000000000e+00 -1.255810019431387925e+00
2.000000000000000000e+00 -1.255810019431387925e+00
2.000000000000000000e+00 -1.255810019431387925e+00
2.000000000000000000e+00 -1.255810019431387925e+00
2.000000000000000000e+00 -1.255810019431387925e+00
2.000000000000000000e+00 -1.584729142120340439e+00
2.000000000000000000e+00 -1.941336788689931758e+00
2.000000000000000000e+00 -1.941336788689931758e+00
2.000000000000000000e+00 -1.977876480978201679e+00
3.000000000000000000e+00 9.154023490404923358e-01
3.000000000000000000e+00 9.154023490404923358e-01
3.000000000000000000e+00 9.154023490404923358e-01
3.000000000000000000e+00 9.154023490404923358e-01
3.000000000000000000e+00 9.154023490404923358e-01
3.000000000000000000e+00 9.154023490404923358e-01
3.000000000000000000e+00 9.154023490404923358e-01
3.000000000000000000e+00 9.154023490404923358e-01
3.000000000000000000e+00 -3.787470118186488377e-01
3.000000000000000000e+00 -3.787470118186488377e-01
3.000000000000000000e+00 -7.968007641628652715e-01
3.000000000000000000e+00 -1.348566009527479403e+00
3.000000000000000000e+00 -1.603133612511087991e+00
3.000000000000000000e+00 -1.808432929928328381e+00
3.000000000000000000e+00 -1.808432929928328381e+00
3.000000000000000000e+00 -1.855471397104648590e+00
3.000000000000000000e+00 -1.855471397104648590e+00
3.000000000000000000e+00 -1.855471397104648590e+00
3.000000000000000000e+00 -1.855471397104648590e+00
4.000000000000000000e+00 -6.241259773616478768e-01
4.000000000000000000e+00 -6.241259773616478768e-01
4.000000000000000000e+00 -6.241259773616478768e-01
4.000000000000000000e+00 -6.241259773616478768e-01
4.000000000000000000e+00 -6.241259773616478768e-01
4.000000000000000000e+00 -6.241259773616478768e-01
4.000000000000000000e+00 -1.653653214409361860e+00
4.000000000000000000e+00 -1.653653214409361860e+00
4.000000000000000000e+00 -1.653653214409361860e+00
4.000000000000000000e+00 -1.653653214409361860e+00
4.000000000000000000e+00 -1.653653214409361860e+00
4.000000000000000000e+00 -1.653653214409361860e+00
4.000000000000000000e+00 -1.653653214409361860e+00
4.000000000000000000e+00 -1.852840528223587357e+00
4.000000000000000000e+00 -1.852840528223587357e+00
4.000000000000000000e+00 -2.031327790238971698e+00
4.000000000000000000e+00 -2.031327790238971698e+00
4.000000000000000000e+00 -2.031327790238971698e+00
4.000000000000000000e+00 -2.031327790238971698e+00
4.000000000000000000e+00 -2.031327790238971698e+00
