6.915439546314595603e-310 6.915439546314595603e-310
0.000000000000000000e+00 -5.782152186111815695e+00
0.000000000000000000e+00 -6.383442901969552707e+01
0.000000000000000000e+00 -1.940922697094116529e+02
0.000000000000000000e+00 -1.940922697094116529e+02
0.000000000000000000e+00 -1.940922697094116529e+02
0.000000000000000000e+00 -1.940922697094116529e+02
0.000000000000000000e+00 -1.940922697094116529e+02
0.000000000000000000e+00 -1.940922697094116529e+02
0.000000000000000000e+00 -1.940922697094116529e+02
0.000000000000000000e+00 -1.940922697094116529e+02
0.000000000000000000e+00 -1.940922697094116529e+02
0.000000000000000000e+00 -1.940922697094116529e+02
0.000000000000000000e+00 -1.940922697094116529e+02
0.000000000000000000e+00 -1.940922697094116529e+02
0.000000000000000000e+00 -1.940922697094116529e+02
0.000000000000000000e+00 -1.940922697094116529e+02
0.000000000000000000e+00 -1.940922697094116529e+02
0.000000000000000000e+00 -1.940922697094116529e+02
0.000000000000000000e+00 -1.940922697094116529e+02
0.000000000000000000e+00 -1.940922697094116529e+02
0.000000000000000000e+00 -1.940922697094116529e+02
0.000000000000000000e+00 -1.940922697094116529e+02
0.000000000000000000e+00 -1.940922697094116529e+02
0.000000000000000000e+00 -1.940922697094116529e+02
0.000000000000000000e+00 -1.940922697094116529e+02
0.000000000000000000e+00 -1.940922697094116529e+02
0.000000000000000000e+00 -1.940922697094116529e+02
0.000000000000000000e+00 -1.940922697094116529e+02
0.000000000000000000e+00 -1.940922697094116529e+02
0.000000000000000000e+00 -1.940922697094116529e+02
