6.949510141845811079e-310 7.047018779155468696e-316
0.000000000000000000e+00 2.728696543131133190e+00
0.000000000000000000e+00 -1.275130776967702273e+00
0.000000000000000000e+00 -1.275130776967702273e+00
0.000000000000000000e+00 -1.619960971909960801e+00
0.000000000000000000e+00 -1.342890007106798578e+01
0.000000000000000000e+00 -1.674062386359032573e+01
0.000000000000000000e+00 -1.674062386359032573e+01
0.000000000000000000e+00 -1.674062386359032573e+01
0.000000000000000000e+00 -1.674062386359032573e+01
0.000000000000000000e+00 -1.674062386359032573e+01
0.000000000000000000e+00 -1.674062386359032573e+01
0.000000000000000000e+00 -1.674062386359032573e+01
0.000000000000000000e+00 -1.674062386359032573e+01
0.000000000000000000e+00 -1.674062386359032573e+01
0.000000000000000000e+00 -1.674062386359032573e+01
0.000000000000000000e+00 -1.674062386359032573e+01
0.000000000000000000e+00 -1.674062386359032573e+01
0.000000000000000000e+00 -1.674062386359032573e+01
0.000000000000000000e+00 -1.674062386359032573e+01
0.000000000000000000e+00 -1.674062386359032573e+01
0.000000000000000000e+00 -1.674062386359032573e+01
0.000000000000000000e+00 -1.674062386359032573e+01
0.000000000000000000e+00 -1.674062386359032573e+01
0.000000000000000000e+00 -1.674062386359032573e+01
0.000000000000000000e+00 -1.674062386359032573e+01
0.000000000000000000e+00 -1.674062386359032573e+01
0.000000000000000000e+00 -1.674062386359032573e+01
0.000000000000000000e+00 -1.674062386359032573e+01
0.000000000000000000e+00 -1.674062386359032573e+01
0.000000000000000000e+00 -1.674062386359032573e+01
0.000000000000000000e+00 -1.674062386359032573e+01
0.000000000000000000e+00 -1.674062386359032573e+01
0.000000000000000000e+00 -1.674062386359032573e+01
0.000000000000000000e+00 -1.674062386359032573e+01
0.000000000000000000e+00 -1.674062386359032573e+01
0.000000000000000000e+00 -1.674062386359032573e+01
0.000000000000000000e+00 -2.243284099564056433e+01
0.000000000000000000e+00 -2.272712539814196120e+01
1.000000000000000000e+00 8.740283234959683734e-02
1.000000000000000000e+00 -8.252160887500412656e+00
1.000000000000000000e+00 -8.252160887500412656e+00
1.000000000000000000e+00 -8.252160887500412656e+00
1.000000000000000000e+00 -8.252160887500412656e+00
1.000000000000000000e+00 -2.822085083354331658e+01
1.000000000000000000e+00 -2.822085083354331658e+01
1.000000000000000000e+00 -2.822085083354331658e+01
1.000000000000000000e+00 -2.822085083354331658e+01
1.000000000000000000e+00 -2.822085083354331658e+01
1.000000000000000000e+00 -2.822085083354331658e+01
1.000000000000000000e+00 -2.822085083354331658e+01
1.000000000000000000e+00 -2.822085083354331658e+01
1.000000000000000000e+00 -2.822085083354331658e+01
1.000000000000000000e+00 -2.822085083354331658e+01
1.000000000000000000e+00 -2.822085083354331658e+01
1.000000000000000000e+00 -2.822085083354331658e+01
1.000000000000000000e+00 -2.822085083354331658e+01
1.000000000000000000e+00 -2.822085083354331658e+01
1.000000000000000000e+00 -2.822085083354331658e+01
1.000000000000000000e+00 -2.822085083354331658e+01
1.000000000000000000e+00 -2.822085083354331658e+01
1.000000000000000000e+00 -2.822085083354331658e+01
1.000000000000000000e+00 -2.822085083354331658e+01
1.000000000000000000e+00 -2.822085083354331658e+01
1.000000000000000000e+00 -2.822085083354331658e+01
1.000000000000000000e+00 -2.822085083354331658e+01
1.000000000000000000e+00 -2.822085083354331658e+01
1.000000000000000000e+00 -2.822085083354331658e+01
1.000000000000000000e+00 -2.822085083354331658e+01
1.000000000000000000e+00 -2.822085083354331658e+01
1.000000000000000000e+00 -2.822085083354331658e+01
1.000000000000000000e+00 -2.822085083354331658e+01
1.000000000000000000e+00 -2.822085083354331658e+01
1.000000000000000000e+00 -2.822085083354331658e+01
1.000000000000000000e+00 -2.822085083354331658e+01
1.000000000000000000e+00 -2.822085083354331658e+01
1.000000000000000000e+00 -2.822085083354331658e+01
1.000000000000000000e+00 -2.822085083354331658e+01
1.000000000000000000e+00 -4.219343612588010473e+01
1.000000000000000000e+00 -4.219343612588010473e+01
1.000000000000000000e+00 -4.219343612588010473e+01
2.000000000000000000e+00 7.257027844988858334e+00
2.000000000000000000e+00 -2.907201308275800589e+00
2.000000000000000000e+00 -2.907201308275800589e+00
2.000000000000000000e+00 -2.907201308275800589e+00
2.000000000000000000e+00 -2.907201308275800589e+00
2.000000000000000000e+00 -2.907201308275800589e+00
2.000000000000000000e+00 -2.907201308275800589e+00
2.000000000000000000e+00 -2.907201308275800589e+00
2.000000000000000000e+00 -2.907201308275800589e+00
2.000000000000000000e+00 -2.907201308275800589e+00
2.000000000000000000e+00 -1.547124417973481947e+01
2.000000000000000000e+00 -1.547124417973481947e+01
2.000000000000000000e+00 -1.547124417973481947e+01
2.000000000000000000e+00 -1.547124417973481947e+01
2.000000000000000000e+00 -1.547124417973481947e+01
2.000000000000000000e+00 -1.547124417973481947e+01
2.000000000000000000e+00 -1.547124417973481947e+01
2.000000000000000000e+00 -1.547124417973481947e+01
2.000000000000000000e+00 -1.547124417973481947e+01
2.000000000000000000e+00 -1.547124417973481947e+01
2.000000000000000000e+00 -1.547124417973481947e+01
2.000000000000000000e+00 -1.547124417973481947e+01
2.000000000000000000e+00 -1.547124417973481947e+01
2.000000000000000000e+00 -1.547124417973481947e+01
2.000000000000000000e+00 -1.547124417973481947e+01
2.000000000000000000e+00 -1.547124417973481947e+01
2.000000000000000000e+00 -1.547124417973481947e+01
2.000000000000000000e+00 -1.547124417973481947e+01
2.000000000000000000e+00 -1.547124417973481947e+01
3.000000000000000000e+00 1.716889204177861838e+00
3.000000000000000000e+00 6.406377345212363461e-02
3.000000000000000000e+00 6.406377345212363461e-02
3.000000000000000000e+00 -2.890823735490617441e+00
3.000000000000000000e+00 -2.890823735490617441e+00
3.000000000000000000e+00 -2.890823735490617441e+00
3.000000000000000000e+00 -2.890823735490617441e+00
3.000000000000000000e+00 -2.890823735490617441e+00
3.000000000000000000e+00 -2.890823735490617441e+00
3.000000000000000000e+00 -2.890823735490617441e+00
3.000000000000000000e+00 -5.454154060696114747e+00
3.000000000000000000e+00 -5.454154060696114747e+00
3.000000000000000000e+00 -5.454154060696114747e+00
3.000000000000000000e+00 -9.792989156526147099e+00
3.000000000000000000e+00 -9.792989156526147099e+00
3.000000000000000000e+00 -9.792989156526147099e+00
3.000000000000000000e+00 -9.792989156526147099e+00
3.000000000000000000e+00 -9.792989156526147099e+00
3.000000000000000000e+00 -9.792989156526147099e+00
3.000000000000000000e+00 -9.792989156526147099e+00
3.000000000000000000e+00 -9.792989156526147099e+00
3.000000000000000000e+00 -9.792989156526147099e+00
3.000000000000000000e+00 -9.792989156526147099e+00
3.000000000000000000e+00 -9.792989156526147099e+00
3.000000000000000000e+00 -9.792989156526147099e+00
3.000000000000000000e+00 -9.792989156526147099e+00
3.000000000000000000e+00 -1.336525856517958566e+01
3.000000000000000000e+00 -1.336525856517958566e+01
3.000000000000000000e+00 -1.336525856517958566e+01
3.000000000000000000e+00 -1.336525856517958566e+01
3.000000000000000000e+00 -1.336525856517958566e+01
3.000000000000000000e+00 -1.336525856517958566e+01
3.000000000000000000e+00 -1.336525856517958566e+01
3.000000000000000000e+00 -1.336525856517958566e+01
3.000000000000000000e+00 -1.336525856517958566e+01
3.000000000000000000e+00 -1.930584594375637764e+01
3.000000000000000000e+00 -1.930584594375637764e+01
3.000000000000000000e+00 -2.142381647066000028e+01
3.000000000000000000e+00 -2.142381647066000028e+01
3.000000000000000000e+00 -2.142381647066000028e+01
3.000000000000000000e+00 -2.771186805213886473e+01
3.000000000000000000e+00 -2.771186805213886473e+01
4.000000000000000000e+00 2.338189702697182515e+00
4.000000000000000000e+00 2.591330178056147626e-01
4.000000000000000000e+00 -4.276493497468606186e+00
4.000000000000000000e+00 -4.276493497468606186e+00
4.000000000000000000e+00 -3.044089056908682878e+01
4.000000000000000000e+00 -3.044089056908682878e+01
4.000000000000000000e+00 -3.044089056908682878e+01
4.000000000000000000e+00 -3.044089056908682878e+01
4.000000000000000000e+00 -3.044089056908682878e+01
4.000000000000000000e+00 -3.044089056908682878e+01
4.000000000000000000e+00 -3.044089056908682878e+01
4.000000000000000000e+00 -3.044089056908682878e+01
4.000000000000000000e+00 -3.044089056908682878e+01
4.000000000000000000e+00 -3.044089056908682878e+01
4.000000000000000000e+00 -3.044089056908682878e+01
4.000000000000000000e+00 -3.044089056908682878e+01
4.000000000000000000e+00 -3.044089056908682878e+01
4.000000000000000000e+00 -3.044089056908682878e+01
4.000000000000000000e+00 -3.044089056908682878e+01
4.000000000000000000e+00 -3.044089056908682878e+01
4.000000000000000000e+00 -3.044089056908682878e+01
4.000000000000000000e+00 -3.044089056908682878e+01
4.000000000000000000e+00 -3.044089056908682878e+01
4.000000000000000000e+00 -3.044089056908682878e+01
4.000000000000000000e+00 -3.044089056908682878e+01
4.000000000000000000e+00 -4.380934224708161651e+01
4.000000000000000000e+00 -4.380934224708161651e+01
