6.949510141845811079e-310 8.778816099948139391e-316
0.000000000000000000e+00 2.008750437771957209e+01
0.000000000000000000e+00 2.008750437771957209e+01
0.000000000000000000e+00 2.008750437771957209e+01
0.000000000000000000e+00 3.610081375637130829e+00
0.000000000000000000e+00 3.610081375637130829e+00
0.000000000000000000e+00 3.610081375637130829e+00
0.000000000000000000e+00 3.610081375637130829e+00
0.000000000000000000e+00 3.610081375637130829e+00
0.000000000000000000e+00 3.610081375637130829e+00
0.000000000000000000e+00 3.610081375637130829e+00
0.000000000000000000e+00 3.610081375637130829e+00
0.000000000000000000e+00 3.610081375637130829e+00
0.000000000000000000e+00 3.610081375637130829e+00
0.000000000000000000e+00 3.610081375637130829e+00
0.000000000000000000e+00 3.610081375637130829e+00
0.000000000000000000e+00 3.610081375637130829e+00
1.000000000000000000e+00 2.035468792177558939e+01
1.000000000000000000e+00 2.035468792177558939e+01
1.000000000000000000e+00 1.347549501457385546e+01
1.000000000000000000e+00 1.347549501457385546e+01
1.000000000000000000e+00 1.347549501457385546e+01
1.000000000000000000e+00 1.347549501457385546e+01
1.000000000000000000e+00 1.347549501457385546e+01
1.000000000000000000e+00 1.347549501457385546e+01
1.000000000000000000e+00 1.347549501457385546e+01
1.000000000000000000e+00 1.347549501457385546e+01
1.000000000000000000e+00 1.071822579345416671e+01
1.000000000000000000e+00 1.045889560090680348e+01
1.000000000000000000e+00 9.784322044214816216e+00
1.000000000000000000e+00 9.175540449846211644e+00
1.000000000000000000e+00 8.168748614260605834e+00
1.000000000000000000e+00 6.843044194194495944e+00
1.000000000000000000e+00 6.843044194194495944e+00
1.000000000000000000e+00 6.843044194194495944e+00
1.000000000000000000e+00 6.843044194194495944e+00
2.000000000000000000e+00 2.127606232502251515e+01
2.000000000000000000e+00 1.977439450609180938e+01
2.000000000000000000e+00 1.977439450609180938e+01
2.000000000000000000e+00 1.977439450609180938e+01
2.000000000000000000e+00 1.977439450609180938e+01
2.000000000000000000e+00 1.977439450609180938e+01
2.000000000000000000e+00 1.977439450609180938e+01
2.000000000000000000e+00 1.977439450609180938e+01
2.000000000000000000e+00 1.977439450609180938e+01
2.000000000000000000e+00 1.809185734845922866e+01
2.000000000000000000e+00 1.777616156726996977e+01
2.000000000000000000e+00 1.671322947680178572e+01
2.000000000000000000e+00 1.347603022821964203e+01
2.000000000000000000e+00 1.137249977726755468e+01
2.000000000000000000e+00 8.354739525656011523e+00
2.000000000000000000e+00 5.977093210822043368e+00
2.000000000000000000e+00 5.977093210822043368e+00
2.000000000000000000e+00 4.174305192579720547e+00
2.000000000000000000e+00 4.174305192579720547e+00
2.000000000000000000e+00 3.942805043590736691e+00
2.000000000000000000e+00 2.999805018133029577e+00
2.000000000000000000e+00 2.748222891851177963e+00
2.000000000000000000e+00 2.748222891851177963e+00
2.000000000000000000e+00 2.748222891851177963e+00
2.000000000000000000e+00 2.748222891851177963e+00
3.000000000000000000e+00 2.150457109479578577e+01
3.000000000000000000e+00 2.150457109479578577e+01
3.000000000000000000e+00 1.973190087795098435e+01
3.000000000000000000e+00 1.837836379359542960e+01
3.000000000000000000e+00 1.837836379359542960e+01
3.000000000000000000e+00 1.702511219964881661e+01
3.000000000000000000e+00 1.702511219964881661e+01
3.000000000000000000e+00 1.702511219964881661e+01
3.000000000000000000e+00 1.702511219964881661e+01
3.000000000000000000e+00 1.702511219964881661e+01
3.000000000000000000e+00 1.702511219964881661e+01
3.000000000000000000e+00 1.702511219964881661e+01
3.000000000000000000e+00 1.660125103582180728e+01
3.000000000000000000e+00 1.660125103582180728e+01
3.000000000000000000e+00 1.660125103582180728e+01
3.000000000000000000e+00 1.544713012044865152e+01
3.000000000000000000e+00 1.371615712268969567e+01
3.000000000000000000e+00 9.756366285272191519e+00
3.000000000000000000e+00 8.277033919447843502e+00
3.000000000000000000e+00 8.277033919447843502e+00
3.000000000000000000e+00 7.611988556415612450e+00
3.000000000000000000e+00 4.156731969223987910e+00
3.000000000000000000e+00 -2.503595903637186385e-02
3.000000000000000000e+00 -2.503595903637186385e-02
3.000000000000000000e+00 -2.503595903637186385e-02
3.000000000000000000e+00 -2.503595903637186385e-02
4.000000000000000000e+00 2.134342572792043669e+01
4.000000000000000000e+00 1.599407464961938174e+01
4.000000000000000000e+00 1.599407464961938174e+01
4.000000000000000000e+00 1.599407464961938174e+01
4.000000000000000000e+00 1.219783593699768254e+01
4.000000000000000000e+00 1.219783593699768254e+01
4.000000000000000000e+00 1.219783593699768254e+01
4.000000000000000000e+00 1.219783593699768254e+01
4.000000000000000000e+00 1.219783593699768254e+01
4.000000000000000000e+00 1.219783593699768254e+01
4.000000000000000000e+00 1.139355463657284240e+01
4.000000000000000000e+00 1.138214433207215848e+01
4.000000000000000000e+00 1.138214433207215848e+01
4.000000000000000000e+00 1.021115737820587199e+01
4.000000000000000000e+00 1.008834157439105539e+01
4.000000000000000000e+00 9.887378253206657419e+00
4.000000000000000000e+00 8.212823914224333777e+00
4.000000000000000000e+00 8.212823914224333777e+00
4.000000000000000000e+00 6.287924078016583707e+00
4.000000000000000000e+00 4.869920287785134860e+00
4.000000000000000000e+00 4.740092668355927685e+00
4.000000000000000000e+00 4.740092668355927685e+00
4.000000000000000000e+00 4.740092668355927685e+00
4.000000000000000000e+00 4.740092668355927685e+00
