6.934290341061662725e-310 6.934290341061662725e-310
0.000000000000000000e+00 8.525432189401853655e-01
0.000000000000000000e+00 8.090473967611110373e-01
0.000000000000000000e+00 2.135203400036317645e-01
0.000000000000000000e+00 2.135203400036317645e-01
0.000000000000000000e+00 2.135203400036317645e-01
0.000000000000000000e+00 2.135203400036317645e-01
0.000000000000000000e+00 2.135203400036317645e-01
0.000000000000000000e+00 5.946393541822433265e-02
0.000000000000000000e+00 5.946393541822433265e-02
0.000000000000000000e+00 5.946393541822433265e-02
0.000000000000000000e+00 5.946393541822433265e-02
0.000000000000000000e+00 5.946393541822433265e-02
0.000000000000000000e+00 5.946393541822433265e-02
0.000000000000000000e+00 5.946393541822433265e-02
0.000000000000000000e+00 5.946393541822433265e-02
0.000000000000000000e+00 5.946393541822433265e-02
0.000000000000000000e+00 5.946393541822433265e-02
0.000000000000000000e+00 5.946393541822433265e-02
0.000000000000000000e+00 5.946393541822433265e-02
0.000000000000000000e+00 5.946393541822433265e-02
0.000000000000000000e+00 5.946393541822433265e-02
0.000000000000000000e+00 5.946393541822433265e-02
0.000000000000000000e+00 5.946393541822433265e-02
0.000000000000000000e+00 5.946393541822433265e-02
0.000000000000000000e+00 5.946393541822433265e-02
0.000000000000000000e+00 -7.861220251557859973e-03
0.000000000000000000e+00 -1.002392961611803524e-01
0.000000000000000000e+00 -1.002392961611803524e-01
0.000000000000000000e+00 -1.002392961611803524e-01
0.000000000000000000e+00 -1.002392961611803524e-01
1.000000000000000000e+00 2.353749060732062692e-01
1.000000000000000000e+00 1.136818477744133693e-03
1.000000000000000000e+00 1.136818477744133693e-03
1.000000000000000000e+00 1.136818477744133693e-03
1.000000000000000000e+00 1.136818477744133693e-03
1.000000000000000000e+00 1.136818477744133693e-03
1.000000000000000000e+00 1.136818477744133693e-03
1.000000000000000000e+00 1.136818477744133693e-03
1.000000000000000000e+00 1.136818477744133693e-03
1.000000000000000000e+00 1.136818477744133693e-03
1.000000000000000000e+00 -7.757121073590965421e-02
1.000000000000000000e+00 -7.757121073590965421e-02
1.000000000000000000e+00 -7.757121073590965421e-02
1.000000000000000000e+00 -7.757121073590965421e-02
1.000000000000000000e+00 -7.757121073590965421e-02
1.000000000000000000e+00 -7.757121073590965421e-02
1.000000000000000000e+00 -7.757121073590965421e-02
1.000000000000000000e+00 -7.757121073590965421e-02
1.000000000000000000e+00 -7.757121073590965421e-02
1.000000000000000000e+00 -7.757121073590965421e-02
1.000000000000000000e+00 -7.757121073590965421e-02
1.000000000000000000e+00 -7.757121073590965421e-02
1.000000000000000000e+00 -7.757121073590965421e-02
1.000000000000000000e+00 -7.757121073590965421e-02
1.000000000000000000e+00 -7.757121073590965421e-02
1.000000000000000000e+00 -7.757121073590965421e-02
1.000000000000000000e+00 -7.757121073590965421e-02
1.000000000000000000e+00 -7.757121073590965421e-02
1.000000000000000000e+00 -7.757121073590965421e-02
1.000000000000000000e+00 -7.757121073590965421e-02
2.000000000000000000e+00 5.635600264959450545e-01
2.000000000000000000e+00 1.356866274483350086e-02
2.000000000000000000e+00 1.356866274483350086e-02
2.000000000000000000e+00 1.356866274483350086e-02
2.000000000000000000e+00 1.356866274483350086e-02
2.000000000000000000e+00 1.356866274483350086e-02
2.000000000000000000e+00 1.356866274483350086e-02
2.000000000000000000e+00 1.356866274483350086e-02
2.000000000000000000e+00 1.356866274483350086e-02
2.000000000000000000e+00 1.356866274483350086e-02
2.000000000000000000e+00 1.356866274483350086e-02
2.000000000000000000e+00 1.356866274483350086e-02
2.000000000000000000e+00 1.356866274483350086e-02
2.000000000000000000e+00 1.356866274483350086e-02
2.000000000000000000e+00 -7.873007603527998333e-02
2.000000000000000000e+00 -7.873007603527998333e-02
2.000000000000000000e+00 -7.873007603527998333e-02
2.000000000000000000e+00 -7.873007603527998333e-02
2.000000000000000000e+00 -7.873007603527998333e-02
2.000000000000000000e+00 -7.873007603527998333e-02
2.000000000000000000e+00 -7.873007603527998333e-02
2.000000000000000000e+00 -7.873007603527998333e-02
2.000000000000000000e+00 -7.873007603527998333e-02
2.000000000000000000e+00 -7.873007603527998333e-02
2.000000000000000000e+00 -7.873007603527998333e-02
2.000000000000000000e+00 -1.398537012641596355e-01
2.000000000000000000e+00 -1.398537012641596355e-01
2.000000000000000000e+00 -1.398537012641596355e-01
2.000000000000000000e+00 -1.398537012641596355e-01
2.000000000000000000e+00 -1.398537012641596355e-01
3.000000000000000000e+00 3.054062312314949068e-01
3.000000000000000000e+00 3.054062312314949068e-01
3.000000000000000000e+00 3.054062312314949068e-01
3.000000000000000000e+00 -2.890191691530785006e-02
3.000000000000000000e+00 -2.890191691530785006e-02
3.000000000000000000e+00 -2.890191691530785006e-02
3.000000000000000000e+00 -2.890191691530785006e-02
3.000000000000000000e+00 -2.890191691530785006e-02
3.000000000000000000e+00 -2.890191691530785006e-02
3.000000000000000000e+00 -2.890191691530785006e-02
3.000000000000000000e+00 -2.890191691530785006e-02
3.000000000000000000e+00 -1.841056981086580668e-01
3.000000000000000000e+00 -1.841056981086580668e-01
3.000000000000000000e+00 -1.841056981086580668e-01
3.000000000000000000e+00 -1.841056981086580668e-01
3.000000000000000000e+00 -1.841056981086580668e-01
3.000000000000000000e+00 -1.841056981086580668e-01
3.000000000000000000e+00 -1.841056981086580668e-01
3.000000000000000000e+00 -1.841056981086580668e-01
3.000000000000000000e+00 -1.841056981086580668e-01
3.000000000000000000e+00 -1.841056981086580668e-01
3.000000000000000000e+00 -1.841056981086580668e-01
3.000000000000000000e+00 -1.841056981086580668e-01
3.000000000000000000e+00 -1.841056981086580668e-01
3.000000000000000000e+00 -1.841056981086580668e-01
3.000000000000000000e+00 -1.841056981086580668e-01
3.000000000000000000e+00 -1.841056981086580668e-01
3.000000000000000000e+00 -1.841056981086580668e-01
3.000000000000000000e+00 -1.841056981086580668e-01
3.000000000000000000e+00 -1.841056981086580668e-01
4.000000000000000000e+00 1.746515547460796014e-01
4.000000000000000000e+00 1.650247356544740432e-02
4.000000000000000000e+00 1.650247356544740432e-02
4.000000000000000000e+00 1.650247356544740432e-02
4.000000000000000000e+00 1.650247356544740432e-02
4.000000000000000000e+00 1.650247356544740432e-02
4.000000000000000000e+00 1.650247356544740432e-02
4.000000000000000000e+00 1.650247356544740432e-02
4.000000000000000000e+00 1.650247356544740432e-02
4.000000000000000000e+00 1.650247356544740432e-02
4.000000000000000000e+00 1.650247356544740432e-02
4.000000000000000000e+00 1.650247356544740432e-02
4.000000000000000000e+00 1.650247356544740432e-02
4.000000000000000000e+00 1.650247356544740432e-02
4.000000000000000000e+00 1.650247356544740432e-02
4.000000000000000000e+00 1.650247356544740432e-02
4.000000000000000000e+00 1.650247356544740432e-02
4.000000000000000000e+00 1.650247356544740432e-02
4.000000000000000000e+00 1.650247356544740432e-02
4.000000000000000000e+00 1.650247356544740432e-02
4.000000000000000000e+00 7.056213212371458508e-03
4.000000000000000000e+00 7.056213212371458508e-03
4.000000000000000000e+00 7.056213212371458508e-03
4.000000000000000000e+00 7.056213212371458508e-03
4.000000000000000000e+00 7.056213212371458508e-03
4.000000000000000000e+00 7.056213212371458508e-03
4.000000000000000000e+00 7.056213212371458508e-03
4.000000000000000000e+00 7.056213212371458508e-03
4.000000000000000000e+00 -1.549867280458215590e-01
4.000000000000000000e+00 -1.549867280458215590e-01
