6.949510141845811079e-310 3.665487255586808339e-316
0.000000000000000000e+00 1.065757352118958323e+01
0.000000000000000000e+00 1.065757352118958323e+01
0.000000000000000000e+00 1.065757352118958323e+01
0.000000000000000000e+00 1.065757352118958323e+01
0.000000000000000000e+00 1.065757352118958323e+01
0.000000000000000000e+00 1.065757352118958323e+01
0.000000000000000000e+00 1.065757352118958323e+01
0.000000000000000000e+00 1.065757352118958323e+01
0.000000000000000000e+00 1.065757352118958323e+01
0.000000000000000000e+00 1.065757352118958323e+01
0.000000000000000000e+00 5.625258037654355725e+00
0.000000000000000000e+00 2.878353567334198448e+00
0.000000000000000000e+00 1.988084622487341857e+00
0.000000000000000000e+00 1.814829542180790289e+00
0.000000000000000000e+00 1.790110934465349857e+00
0.000000000000000000e+00 1.783710045287765888e+00
0.000000000000000000e+00 1.783710045287765888e+00
0.000000000000000000e+00 1.691271663443431050e+00
0.000000000000000000e+00 1.691271663443431050e+00
1.000000000000000000e+00 7.480449634511870727e+01
1.000000000000000000e+00 7.569364552874442431e+00
1.000000000000000000e+00 7.569364552874442431e+00
1.000000000000000000e+00 3.892451595654535357e+00
1.000000000000000000e+00 3.892451595654535357e+00
1.000000000000000000e+00 3.892451595654535357e+00
1.000000000000000000e+00 3.892451595654535357e+00
1.000000000000000000e+00 3.892451595654535357e+00
1.000000000000000000e+00 3.892451595654535357e+00
1.000000000000000000e+00 3.892451595654535357e+00
1.000000000000000000e+00 3.892451595654535357e+00
1.000000000000000000e+00 3.892451595654535357e+00
1.000000000000000000e+00 3.892451595654535357e+00
1.000000000000000000e+00 6.575202101615116312e-01
1.000000000000000000e+00 6.575202101615116312e-01
1.000000000000000000e+00 5.745039505038838090e-01
1.000000000000000000e+00 5.447783145547380190e-01
1.000000000000000000e+00 4.671620853013398467e-01
2.000000000000000000e+00 1.337546474832200261e+01
2.000000000000000000e+00 9.179475836603293359e+00
2.000000000000000000e+00 9.179475836603293359e+00
2.000000000000000000e+00 9.179475836603293359e+00
2.000000000000000000e+00 9.179475836603293359e+00
2.000000000000000000e+00 9.179475836603293359e+00
2.000000000000000000e+00 9.179475836603293359e+00
2.000000000000000000e+00 9.179475836603293359e+00
2.000000000000000000e+00 9.179475836603293359e+00
2.000000000000000000e+00 9.179475836603293359e+00
2.000000000000000000e+00 9.179475836603293359e+00
2.000000000000000000e+00 5.532863334398653521e+00
2.000000000000000000e+00 2.065121175783682705e+00
2.000000000000000000e+00 1.596298020185877853e+00
2.000000000000000000e+00 1.596298020185877853e+00
2.000000000000000000e+00 1.596298020185877853e+00
3.000000000000000000e+00 1.596662808223848344e+02
3.000000000000000000e+00 1.505891205238575203e+01
3.000000000000000000e+00 5.413089630982184097e+00
3.000000000000000000e+00 5.413089630982184097e+00
3.000000000000000000e+00 5.413089630982184097e+00
3.000000000000000000e+00 5.413089630982184097e+00
3.000000000000000000e+00 5.413089630982184097e+00
3.000000000000000000e+00 5.413089630982184097e+00
3.000000000000000000e+00 5.413089630982184097e+00
3.000000000000000000e+00 5.413089630982184097e+00
3.000000000000000000e+00 5.311293718784060758e+00
3.000000000000000000e+00 2.088723141731149813e+00
3.000000000000000000e+00 2.088723141731149813e+00
3.000000000000000000e+00 2.088723141731149813e+00
3.000000000000000000e+00 2.088723141731149813e+00
3.000000000000000000e+00 1.704857193962839412e+00
3.000000000000000000e+00 1.704857193962839412e+00
3.000000000000000000e+00 1.704857193962839412e+00
3.000000000000000000e+00 6.828405927905477624e-01
3.000000000000000000e+00 6.828405927905477624e-01
3.000000000000000000e+00 2.026938733036732776e-01
3.000000000000000000e+00 2.026938733036732776e-01
3.000000000000000000e+00 2.026938733036732776e-01
3.000000000000000000e+00 2.026938733036732776e-01
3.000000000000000000e+00 2.026938733036732776e-01
4.000000000000000000e+00 2.952952277969844630e+01
4.000000000000000000e+00 1.191111211630485300e+01
4.000000000000000000e+00 1.191111211630485300e+01
4.000000000000000000e+00 1.191111211630485300e+01
4.000000000000000000e+00 1.191111211630485300e+01
4.000000000000000000e+00 1.191111211630485300e+01
4.000000000000000000e+00 1.191111211630485300e+01
4.000000000000000000e+00 1.191111211630485300e+01
4.000000000000000000e+00 1.191111211630485300e+01
4.000000000000000000e+00 2.024413731918182968e+00
4.000000000000000000e+00 2.024413731918182968e+00
4.000000000000000000e+00 2.024413731918182968e+00
4.000000000000000000e+00 2.024413731918182968e+00
4.000000000000000000e+00 2.024413731918182968e+00
4.000000000000000000e+00 2.024413731918182968e+00
4.000000000000000000e+00 2.024413731918182968e+00
4.000000000000000000e+00 2.024413731918182968e+00
4.000000000000000000e+00 2.024413731918182968e+00
