6.934290341060081715e-310 6.934290341060081715e-310
0.000000000000000000e+00 8.525432189401853655e-01
0.000000000000000000e+00 8.090473967611110373e-01
0.000000000000000000e+00 2.135203400036317645e-01
0.000000000000000000e+00 2.135203400036317645e-01
0.000000000000000000e+00 2.135203400036317645e-01
0.000000000000000000e+00 2.135203400036317645e-01
0.000000000000000000e+00 2.135203400036317645e-01
0.000000000000000000e+00 5.946393541822433265e-02
0.000000000000000000e+00 5.946393541822433265e-02
0.000000000000000000e+00 5.946393541822433265e-02
0.000000000000000000e+00 5.946393541822433265e-02
0.000000000000000000e+00 1.320851245594632795e-03
0.000000000000000000e+00 1.320851245594632795e-03
0.000000000000000000e+00 1.320851245594632795e-03
0.000000000000000000e+00 -1.744207683692004102e-02
0.000000000000000000e+00 -1.744207683692004102e-02
0.000000000000000000e+00 -4.740766210845209078e-02
0.000000000000000000e+00 -4.740766210845209078e-02
0.000000000000000000e+00 -4.740766210845209078e-02
0.000000000000000000e+00 -4.740766210845209078e-02
0.000000000000000000e+00 -4.740766210845209078e-02
0.000000000000000000e+00 -4.740766210845209078e-02
0.000000000000000000e+00 -4.740766210845209078e-02
0.000000000000000000e+00 -4.740766210845209078e-02
0.000000000000000000e+00 -9.882657605640088327e-02
0.000000000000000000e+00 -1.436964642034272988e-01
0.000000000000000000e+00 -1.436964642034272988e-01
0.000000000000000000e+00 -2.101963951133607733e-01
0.000000000000000000e+00 -2.101963951133607733e-01
0.000000000000000000e+00 -2.101963951133607733e-01
1.000000000000000000e+00 2.353749060732062692e-01
1.000000000000000000e+00 1.136818477744133693e-03
1.000000000000000000e+00 1.136818477744133693e-03
1.000000000000000000e+00 1.136818477744133693e-03
1.000000000000000000e+00 1.136818477744133693e-03
1.000000000000000000e+00 1.136818477744133693e-03
1.000000000000000000e+00 1.136818477744133693e-03
1.000000000000000000e+00 1.136818477744133693e-03
1.000000000000000000e+00 1.136818477744133693e-03
1.000000000000000000e+00 1.136818477744133693e-03
1.000000000000000000e+00 1.136818477744133693e-03
1.000000000000000000e+00 1.136818477744133693e-03
1.000000000000000000e+00 1.136818477744133693e-03
1.000000000000000000e+00 -9.117448086671767205e-03
1.000000000000000000e+00 -9.117448086671767205e-03
1.000000000000000000e+00 -9.117448086671767205e-03
1.000000000000000000e+00 -9.117448086671767205e-03
1.000000000000000000e+00 -1.059378481595992516e-01
1.000000000000000000e+00 -1.059378481595992516e-01
1.000000000000000000e+00 -1.059378481595992516e-01
1.000000000000000000e+00 -1.059378481595992516e-01
1.000000000000000000e+00 -1.059378481595992516e-01
1.000000000000000000e+00 -1.059378481595992516e-01
1.000000000000000000e+00 -1.059378481595992516e-01
1.000000000000000000e+00 -1.059378481595992516e-01
1.000000000000000000e+00 -1.059378481595992516e-01
1.000000000000000000e+00 -1.059378481595992516e-01
1.000000000000000000e+00 -1.059378481595992516e-01
1.000000000000000000e+00 -1.059378481595992516e-01
1.000000000000000000e+00 -1.059378481595992516e-01
2.000000000000000000e+00 5.635600264959450545e-01
2.000000000000000000e+00 1.356866274483350086e-02
2.000000000000000000e+00 1.356866274483350086e-02
2.000000000000000000e+00 1.356866274483350086e-02
2.000000000000000000e+00 1.356866274483350086e-02
2.000000000000000000e+00 1.356866274483350086e-02
2.000000000000000000e+00 1.356866274483350086e-02
2.000000000000000000e+00 1.356866274483350086e-02
2.000000000000000000e+00 1.356866274483350086e-02
2.000000000000000000e+00 1.356866274483350086e-02
2.000000000000000000e+00 1.356866274483350086e-02
2.000000000000000000e+00 1.356866274483350086e-02
2.000000000000000000e+00 -1.006828994877692271e-02
2.000000000000000000e+00 -2.431946554569296148e-02
2.000000000000000000e+00 -2.431946554569296148e-02
2.000000000000000000e+00 -2.431946554569296148e-02
2.000000000000000000e+00 -2.431946554569296148e-02
2.000000000000000000e+00 -2.431946554569296148e-02
2.000000000000000000e+00 -2.431946554569296148e-02
2.000000000000000000e+00 -2.431946554569296148e-02
2.000000000000000000e+00 -2.431946554569296148e-02
2.000000000000000000e+00 -2.431946554569296148e-02
2.000000000000000000e+00 -2.431946554569296148e-02
2.000000000000000000e+00 -2.431946554569296148e-02
2.000000000000000000e+00 -2.431946554569296148e-02
2.000000000000000000e+00 -2.431946554569296148e-02
2.000000000000000000e+00 -2.431946554569296148e-02
2.000000000000000000e+00 -2.431946554569296148e-02
2.000000000000000000e+00 -2.431946554569296148e-02
2.000000000000000000e+00 -2.431946554569296148e-02
3.000000000000000000e+00 3.054062312314949068e-01
3.000000000000000000e+00 3.054062312314949068e-01
3.000000000000000000e+00 3.054062312314949068e-01
3.000000000000000000e+00 -2.890191691530785006e-02
3.000000000000000000e+00 -2.890191691530785006e-02
3.000000000000000000e+00 -2.890191691530785006e-02
3.000000000000000000e+00 -2.890191691530785006e-02
3.000000000000000000e+00 -2.890191691530785006e-02
3.000000000000000000e+00 -2.890191691530785006e-02
3.000000000000000000e+00 -2.890191691530785006e-02
3.000000000000000000e+00 -2.890191691530785006e-02
3.000000000000000000e+00 -2.890191691530785006e-02
3.000000000000000000e+00 -2.890191691530785006e-02
3.000000000000000000e+00 -4.486711413421398675e-02
3.000000000000000000e+00 -4.486711413421398675e-02
3.000000000000000000e+00 -4.486711413421398675e-02
3.000000000000000000e+00 -4.486711413421398675e-02
3.000000000000000000e+00 -4.486711413421398675e-02
3.000000000000000000e+00 -4.486711413421398675e-02
3.000000000000000000e+00 -5.226117206454382325e-02
3.000000000000000000e+00 -7.307080761184849005e-02
3.000000000000000000e+00 -7.307080761184849005e-02
3.000000000000000000e+00 -8.232440729892982756e-02
3.000000000000000000e+00 -8.232440729892982756e-02
3.000000000000000000e+00 -8.232440729892982756e-02
3.000000000000000000e+00 -8.232440729892982756e-02
3.000000000000000000e+00 -1.508713650464035272e-01
3.000000000000000000e+00 -1.508713650464035272e-01
3.000000000000000000e+00 -1.508713650464035272e-01
3.000000000000000000e+00 -1.508713650464035272e-01
4.000000000000000000e+00 1.746515547460796014e-01
4.000000000000000000e+00 1.650247356544740432e-02
4.000000000000000000e+00 1.650247356544740432e-02
4.000000000000000000e+00 1.650247356544740432e-02
4.000000000000000000e+00 1.650247356544740432e-02
4.000000000000000000e+00 1.650247356544740432e-02
4.000000000000000000e+00 1.650247356544740432e-02
4.000000000000000000e+00 1.650247356544740432e-02
4.000000000000000000e+00 1.650247356544740432e-02
4.000000000000000000e+00 1.650247356544740432e-02
4.000000000000000000e+00 1.650247356544740432e-02
4.000000000000000000e+00 1.650247356544740432e-02
4.000000000000000000e+00 1.650247356544740432e-02
4.000000000000000000e+00 1.650247356544740432e-02
4.000000000000000000e+00 1.650247356544740432e-02
4.000000000000000000e+00 1.650247356544740432e-02
4.000000000000000000e+00 1.650247356544740432e-02
4.000000000000000000e+00 1.650247356544740432e-02
4.000000000000000000e+00 1.650247356544740432e-02
4.000000000000000000e+00 1.650247356544740432e-02
4.000000000000000000e+00 1.650247356544740432e-02
4.000000000000000000e+00 1.650247356544740432e-02
4.000000000000000000e+00 1.650247356544740432e-02
4.000000000000000000e+00 -4.794739049178235735e-02
4.000000000000000000e+00 -4.794739049178235735e-02
4.000000000000000000e+00 -4.794739049178235735e-02
4.000000000000000000e+00 -4.794739049178235735e-02
4.000000000000000000e+00 -4.794739049178235735e-02
4.000000000000000000e+00 -4.794739049178235735e-02
4.000000000000000000e+00 -4.794739049178235735e-02
