6.949510141845811079e-310 5.551179305766243891e-316
0.000000000000000000e+00 -2.318614816256026359e+02
0.000000000000000000e+00 -4.199114668644888297e+02
0.000000000000000000e+00 -4.199114668644888297e+02
0.000000000000000000e+00 -4.199114668644888297e+02
0.000000000000000000e+00 -4.199114668644888297e+02
0.000000000000000000e+00 -4.199114668644888297e+02
0.000000000000000000e+00 -4.199114668644888297e+02
0.000000000000000000e+00 -4.199114668644888297e+02
0.000000000000000000e+00 -4.199114668644888297e+02
0.000000000000000000e+00 -4.199114668644888297e+02
0.000000000000000000e+00 -4.199114668644888297e+02
0.000000000000000000e+00 -4.199114668644888297e+02
1.000000000000000000e+00 -3.304217722036075315e+02
1.000000000000000000e+00 -3.304217722036075315e+02
1.000000000000000000e+00 -3.304217722036075315e+02
1.000000000000000000e+00 -3.304217722036075315e+02
1.000000000000000000e+00 -3.304217722036075315e+02
1.000000000000000000e+00 -3.304217722036075315e+02
1.000000000000000000e+00 -3.304217722036075315e+02
1.000000000000000000e+00 -4.513433669051097468e+02
1.000000000000000000e+00 -4.513433669051097468e+02
1.000000000000000000e+00 -4.513433669051097468e+02
1.000000000000000000e+00 -4.513433669051097468e+02
1.000000000000000000e+00 -4.513433669051097468e+02
2.000000000000000000e+00 7.486261091225280495e+01
2.000000000000000000e+00 7.486261091225280495e+01
2.000000000000000000e+00 7.486261091225280495e+01
2.000000000000000000e+00 -4.843566184401848318e+01
2.000000000000000000e+00 -4.843566184401848318e+01
2.000000000000000000e+00 -3.480813691988064988e+02
2.000000000000000000e+00 -6.998134697186095536e+02
2.000000000000000000e+00 -6.998134697186095536e+02
2.000000000000000000e+00 -6.998134697186095536e+02
2.000000000000000000e+00 -6.998134697186095536e+02
2.000000000000000000e+00 -6.998134697186095536e+02
2.000000000000000000e+00 -6.998134697186095536e+02
3.000000000000000000e+00 4.013027823134787582e+02
3.000000000000000000e+00 -1.244357299355511657e+02
3.000000000000000000e+00 -1.244357299355511657e+02
3.000000000000000000e+00 -1.244357299355511657e+02
3.000000000000000000e+00 -1.244357299355511657e+02
3.000000000000000000e+00 -1.244357299355511657e+02
3.000000000000000000e+00 -1.244357299355511657e+02
3.000000000000000000e+00 -3.436880762618782228e+02
3.000000000000000000e+00 -3.436880762618782228e+02
3.000000000000000000e+00 -3.436880762618782228e+02
3.000000000000000000e+00 -3.436880762618782228e+02
3.000000000000000000e+00 -3.436880762618782228e+02
4.000000000000000000e+00 3.448157719366357696e+02
4.000000000000000000e+00 -4.218392592376354600e+01
4.000000000000000000e+00 -4.218392592376354600e+01
4.000000000000000000e+00 -2.161435442920076184e+02
4.000000000000000000e+00 -2.161435442920076184e+02
4.000000000000000000e+00 -2.161435442920076184e+02
4.000000000000000000e+00 -2.161435442920076184e+02
4.000000000000000000e+00 -4.743585537890916157e+02
4.000000000000000000e+00 -4.743585537890916157e+02
4.000000000000000000e+00 -6.470878694824383501e+02
4.000000000000000000e+00 -6.470878694824383501e+02
4.000000000000000000e+00 -6.470878694824383501e+02
