6.949510141845811079e-310 6.445437334233866790e-316
0.000000000000000000e+00 -2.712501099836150065e+00
0.000000000000000000e+00 -2.712501099836150065e+00
0.000000000000000000e+00 -2.712501099836150065e+00
0.000000000000000000e+00 -2.712501099836150065e+00
0.000000000000000000e+00 -2.712501099836150065e+00
0.000000000000000000e+00 -2.712501099836150065e+00
0.000000000000000000e+00 -2.712501099836150065e+00
0.000000000000000000e+00 -2.712501099836150065e+00
0.000000000000000000e+00 -2.712501099836150065e+00
0.000000000000000000e+00 -4.424106534730245066e+00
0.000000000000000000e+00 -4.424106534730245066e+00
0.000000000000000000e+00 -4.912445957683094555e+00
0.000000000000000000e+00 -4.912445957683094555e+00
0.000000000000000000e+00 -4.912445957683094555e+00
0.000000000000000000e+00 -4.912445957683094555e+00
0.000000000000000000e+00 -4.912445957683094555e+00
0.000000000000000000e+00 -4.912445957683094555e+00
1.000000000000000000e+00 -2.207922696210087743e+00
1.000000000000000000e+00 -2.207922696210087743e+00
1.000000000000000000e+00 -4.172765556137609799e+00
1.000000000000000000e+00 -4.172765556137609799e+00
1.000000000000000000e+00 -4.172765556137609799e+00
1.000000000000000000e+00 -4.172765556137609799e+00
1.000000000000000000e+00 -6.571640828388187749e+00
1.000000000000000000e+00 -6.571640828388187749e+00
1.000000000000000000e+00 -6.571640828388187749e+00
1.000000000000000000e+00 -6.571640828388187749e+00
1.000000000000000000e+00 -8.068385771115888616e+00
1.000000000000000000e+00 -8.068385771115888616e+00
1.000000000000000000e+00 -8.068385771115888616e+00
1.000000000000000000e+00 -8.068385771115888616e+00
1.000000000000000000e+00 -8.068385771115888616e+00
1.000000000000000000e+00 -8.068385771115888616e+00
2.000000000000000000e+00 -2.332316159765312591e+00
2.000000000000000000e+00 -2.332316159765312591e+00
2.000000000000000000e+00 -5.033644358100231031e+00
2.000000000000000000e+00 -5.033644358100231031e+00
2.000000000000000000e+00 -5.033644358100231031e+00
2.000000000000000000e+00 -5.033644358100231031e+00
2.000000000000000000e+00 -5.033644358100231031e+00
2.000000000000000000e+00 -5.033644358100231031e+00
2.000000000000000000e+00 -5.033644358100231031e+00
2.000000000000000000e+00 -5.033644358100231031e+00
2.000000000000000000e+00 -5.033644358100231031e+00
2.000000000000000000e+00 -6.572695149114229807e+00
2.000000000000000000e+00 -7.832379121794131649e+00
2.000000000000000000e+00 -7.832379121794131649e+00
2.000000000000000000e+00 -7.844090296558546171e+00
2.000000000000000000e+00 -7.844090296558546171e+00
2.000000000000000000e+00 -7.997248789328335050e+00
2.000000000000000000e+00 -8.077484262265064885e+00
2.000000000000000000e+00 -8.077484262265064885e+00
2.000000000000000000e+00 -8.077484262265064885e+00
2.000000000000000000e+00 -8.077484262265064885e+00
3.000000000000000000e+00 4.586475325731399266e+00
3.000000000000000000e+00 -3.855294816684700532e+00
3.000000000000000000e+00 -3.855294816684700532e+00
3.000000000000000000e+00 -3.855294816684700532e+00
3.000000000000000000e+00 -3.855294816684700532e+00
3.000000000000000000e+00 -3.855294816684700532e+00
3.000000000000000000e+00 -3.855294816684700532e+00
3.000000000000000000e+00 -3.855294816684700532e+00
3.000000000000000000e+00 -3.855294816684700532e+00
3.000000000000000000e+00 -3.855294816684700532e+00
3.000000000000000000e+00 -3.855294816684700532e+00
3.000000000000000000e+00 -4.683074293061452842e+00
3.000000000000000000e+00 -4.683074293061452842e+00
3.000000000000000000e+00 -4.683074293061452842e+00
3.000000000000000000e+00 -4.683074293061452842e+00
3.000000000000000000e+00 -4.824182206494643133e+00
3.000000000000000000e+00 -4.919994561629766672e+00
3.000000000000000000e+00 -4.919994561629766672e+00
4.000000000000000000e+00 -1.377045522192141824e-01
4.000000000000000000e+00 -1.377045522192141824e-01
4.000000000000000000e+00 -1.377045522192141824e-01
4.000000000000000000e+00 -4.770428883556456334e+00
4.000000000000000000e+00 -4.770428883556456334e+00
4.000000000000000000e+00 -4.805730304140054976e+00
4.000000000000000000e+00 -4.805730304140054976e+00
4.000000000000000000e+00 -4.805730304140054976e+00
4.000000000000000000e+00 -4.805730304140054976e+00
4.000000000000000000e+00 -4.805730304140054976e+00
4.000000000000000000e+00 -7.839348866109708602e+00
4.000000000000000000e+00 -7.839348866109708602e+00
4.000000000000000000e+00 -7.839348866109708602e+00
4.000000000000000000e+00 -8.055609044815755126e+00
4.000000000000000000e+00 -8.055609044815755126e+00
4.000000000000000000e+00 -8.055609044815755126e+00
4.000000000000000000e+00 -8.055609044815755126e+00
4.000000000000000000e+00 -8.055609044815755126e+00
4.000000000000000000e+00 -8.055609044815755126e+00
