6.949510141845811079e-310 6.396544597921417032e-316
0.000000000000000000e+00 -2.712501099836150065e+00
0.000000000000000000e+00 -2.712501099836150065e+00
0.000000000000000000e+00 -2.712501099836150065e+00
0.000000000000000000e+00 -2.712501099836150065e+00
0.000000000000000000e+00 -2.712501099836150065e+00
0.000000000000000000e+00 -2.712501099836150065e+00
0.000000000000000000e+00 -2.712501099836150065e+00
0.000000000000000000e+00 -2.712501099836150065e+00
0.000000000000000000e+00 -2.712501099836150065e+00
0.000000000000000000e+00 -4.424106534730245066e+00
0.000000000000000000e+00 -4.467590372585400260e+00
0.000000000000000000e+00 -4.557205895744895763e+00
0.000000000000000000e+00 -4.557205895744895763e+00
0.000000000000000000e+00 -4.609443832624387838e+00
0.000000000000000000e+00 -4.609443832624387838e+00
1.000000000000000000e+00 -2.207922696210087743e+00
1.000000000000000000e+00 -2.207922696210087743e+00
1.000000000000000000e+00 -4.172765556137609799e+00
1.000000000000000000e+00 -4.172765556137609799e+00
1.000000000000000000e+00 -4.172765556137609799e+00
1.000000000000000000e+00 -4.172765556137609799e+00
1.000000000000000000e+00 -6.571640828388187749e+00
1.000000000000000000e+00 -6.571640828388187749e+00
1.000000000000000000e+00 -6.571640828388187749e+00
1.000000000000000000e+00 -6.571640828388187749e+00
1.000000000000000000e+00 -7.800107090163290735e+00
1.000000000000000000e+00 -7.800107090163290735e+00
1.000000000000000000e+00 -7.800107090163290735e+00
1.000000000000000000e+00 -7.800107090163290735e+00
1.000000000000000000e+00 -7.800107090163290735e+00
1.000000000000000000e+00 -7.800107090163290735e+00
1.000000000000000000e+00 -7.800107090163290735e+00
1.000000000000000000e+00 -7.800107090163290735e+00
1.000000000000000000e+00 -7.800107090163290735e+00
1.000000000000000000e+00 -7.800107090163290735e+00
1.000000000000000000e+00 -7.800107090163290735e+00
1.000000000000000000e+00 -7.800107090163290735e+00
1.000000000000000000e+00 -7.800107090163290735e+00
1.000000000000000000e+00 -7.800107090163290735e+00
1.000000000000000000e+00 -7.800107090163290735e+00
1.000000000000000000e+00 -7.800107090163290735e+00
1.000000000000000000e+00 -7.800107090163290735e+00
1.000000000000000000e+00 -7.800107090163290735e+00
1.000000000000000000e+00 -7.800107090163290735e+00
1.000000000000000000e+00 -7.800107090163290735e+00
2.000000000000000000e+00 -2.332316159765312591e+00
2.000000000000000000e+00 -2.332316159765312591e+00
2.000000000000000000e+00 -5.033644358100231031e+00
2.000000000000000000e+00 -5.033644358100231031e+00
2.000000000000000000e+00 -5.033644358100231031e+00
2.000000000000000000e+00 -5.033644358100231031e+00
2.000000000000000000e+00 -5.033644358100231031e+00
2.000000000000000000e+00 -5.033644358100231031e+00
2.000000000000000000e+00 -5.033644358100231031e+00
2.000000000000000000e+00 -5.033644358100231031e+00
2.000000000000000000e+00 -5.058728889523378847e+00
2.000000000000000000e+00 -5.302975200253881027e+00
2.000000000000000000e+00 -6.023700269036560861e+00
2.000000000000000000e+00 -6.507426955682895198e+00
2.000000000000000000e+00 -7.146301865870698933e+00
2.000000000000000000e+00 -7.362487300468142593e+00
2.000000000000000000e+00 -7.796800073537706766e+00
2.000000000000000000e+00 -7.856705479994177566e+00
3.000000000000000000e+00 4.586475325731399266e+00
3.000000000000000000e+00 -3.855294816684700532e+00
3.000000000000000000e+00 -3.855294816684700532e+00
3.000000000000000000e+00 -3.855294816684700532e+00
3.000000000000000000e+00 -3.855294816684700532e+00
3.000000000000000000e+00 -3.855294816684700532e+00
3.000000000000000000e+00 -3.855294816684700532e+00
3.000000000000000000e+00 -3.855294816684700532e+00
3.000000000000000000e+00 -3.855294816684700532e+00
3.000000000000000000e+00 -3.855294816684700532e+00
3.000000000000000000e+00 -3.855294816684700532e+00
3.000000000000000000e+00 -3.958057598070925387e+00
3.000000000000000000e+00 -4.201317752338942668e+00
3.000000000000000000e+00 -4.383007392158473792e+00
3.000000000000000000e+00 -4.670843697541737782e+00
3.000000000000000000e+00 -4.851382434298978197e+00
3.000000000000000000e+00 -4.851382434298978197e+00
3.000000000000000000e+00 -4.851382434298978197e+00
3.000000000000000000e+00 -4.851382434298978197e+00
3.000000000000000000e+00 -4.851382434298978197e+00
3.000000000000000000e+00 -4.851382434298978197e+00
3.000000000000000000e+00 -4.851382434298978197e+00
3.000000000000000000e+00 -7.244559741269524622e+00
3.000000000000000000e+00 -7.501810177184519368e+00
3.000000000000000000e+00 -7.822098722989146324e+00
3.000000000000000000e+00 -7.822098722989146324e+00
3.000000000000000000e+00 -7.894028884316513839e+00
3.000000000000000000e+00 -7.927737711520502550e+00
3.000000000000000000e+00 -7.927737711520502550e+00
3.000000000000000000e+00 -7.927737711520502550e+00
4.000000000000000000e+00 -1.377045522192141824e-01
4.000000000000000000e+00 -1.377045522192141824e-01
4.000000000000000000e+00 -1.377045522192141824e-01
4.000000000000000000e+00 -4.770428883556456334e+00
4.000000000000000000e+00 -4.770428883556456334e+00
4.000000000000000000e+00 -4.805730304140054976e+00
4.000000000000000000e+00 -4.805730304140054976e+00
4.000000000000000000e+00 -4.805730304140054976e+00
4.000000000000000000e+00 -4.805730304140054976e+00
4.000000000000000000e+00 -4.805730304140054976e+00
4.000000000000000000e+00 -5.615865176308649787e+00
4.000000000000000000e+00 -7.550756743084841460e+00
4.000000000000000000e+00 -7.550756743084841460e+00
4.000000000000000000e+00 -7.919168067132881461e+00
4.000000000000000000e+00 -7.980109646201120732e+00
4.000000000000000000e+00 -7.980109646201120732e+00
