6.949510141845811079e-310 5.013631930565800921e-316
0.000000000000000000e+00 -1.037194906632515679e+00
0.000000000000000000e+00 -1.037194906632515679e+00
0.000000000000000000e+00 -1.037194906632515679e+00
0.000000000000000000e+00 -1.037194906632515679e+00
0.000000000000000000e+00 -1.037194906632515679e+00
0.000000000000000000e+00 -1.037194906632515679e+00
0.000000000000000000e+00 -1.037194906632515679e+00
0.000000000000000000e+00 -1.037194906632515679e+00
0.000000000000000000e+00 -1.037194906632515679e+00
0.000000000000000000e+00 -1.037194906632515679e+00
0.000000000000000000e+00 -1.396116329881789353e+00
0.000000000000000000e+00 -1.758056934835620533e+00
0.000000000000000000e+00 -1.758056934835620533e+00
0.000000000000000000e+00 -1.758056934835620533e+00
0.000000000000000000e+00 -1.956081495431021278e+00
0.000000000000000000e+00 -1.956081495431021278e+00
0.000000000000000000e+00 -1.956081495431021278e+00
0.000000000000000000e+00 -1.956081495431021278e+00
0.000000000000000000e+00 -1.985518546806939844e+00
0.000000000000000000e+00 -1.985518546806939844e+00
1.000000000000000000e+00 2.245924815250907258e+01
1.000000000000000000e+00 1.889381473286031454e+00
1.000000000000000000e+00 1.889381473286031454e+00
1.000000000000000000e+00 1.889381473286031454e+00
1.000000000000000000e+00 1.889381473286031454e+00
1.000000000000000000e+00 1.889381473286031454e+00
1.000000000000000000e+00 1.889381473286031454e+00
1.000000000000000000e+00 1.889381473286031454e+00
1.000000000000000000e+00 1.889381473286031454e+00
1.000000000000000000e+00 1.889381473286031454e+00
1.000000000000000000e+00 1.612570569623275052e+00
1.000000000000000000e+00 1.459655255207795044e+00
1.000000000000000000e+00 -9.428955340170254162e-01
1.000000000000000000e+00 -1.015053902490828719e+00
1.000000000000000000e+00 -1.400364115874675797e+00
1.000000000000000000e+00 -1.954296518591844611e+00
1.000000000000000000e+00 -1.954296518591844611e+00
1.000000000000000000e+00 -1.954296518591844611e+00
1.000000000000000000e+00 -1.954296518591844611e+00
1.000000000000000000e+00 -1.954296518591844611e+00
1.000000000000000000e+00 -1.954296518591844611e+00
1.000000000000000000e+00 -1.954296518591844611e+00
1.000000000000000000e+00 -1.954296518591844611e+00
1.000000000000000000e+00 -2.167203815486739682e+00
2.000000000000000000e+00 6.668438434606819065e+00
2.000000000000000000e+00 -1.255810019431387925e+00
2.000000000000000000e+00 -1.255810019431387925e+00
2.000000000000000000e+00 -1.255810019431387925e+00
2.000000000000000000e+00 -1.255810019431387925e+00
2.000000000000000000e+00 -1.255810019431387925e+00
2.000000000000000000e+00 -1.255810019431387925e+00
2.000000000000000000e+00 -1.255810019431387925e+00
2.000000000000000000e+00 -1.255810019431387925e+00
2.000000000000000000e+00 -1.255810019431387925e+00
2.000000000000000000e+00 -1.588852355828256568e+00
2.000000000000000000e+00 -1.917096680291134225e+00
2.000000000000000000e+00 -1.949462264021099234e+00
2.000000000000000000e+00 -1.949462264021099234e+00
2.000000000000000000e+00 -1.949462264021099234e+00
2.000000000000000000e+00 -1.949462264021099234e+00
3.000000000000000000e+00 9.154023490404923358e-01
3.000000000000000000e+00 9.154023490404923358e-01
3.000000000000000000e+00 9.154023490404923358e-01
3.000000000000000000e+00 9.154023490404923358e-01
3.000000000000000000e+00 9.154023490404923358e-01
3.000000000000000000e+00 9.154023490404923358e-01
3.000000000000000000e+00 9.154023490404923358e-01
3.000000000000000000e+00 9.154023490404923358e-01
3.000000000000000000e+00 -3.787470118186488377e-01
3.000000000000000000e+00 -3.787470118186488377e-01
3.000000000000000000e+00 -4.707407396921732268e-01
3.000000000000000000e+00 -4.707407396921732268e-01
3.000000000000000000e+00 -1.578733265849394440e+00
3.000000000000000000e+00 -2.082151620425111815e+00
3.000000000000000000e+00 -2.082151620425111815e+00
3.000000000000000000e+00 -2.082151620425111815e+00
3.000000000000000000e+00 -2.082151620425111815e+00
4.000000000000000000e+00 -6.241259773616478768e-01
4.000000000000000000e+00 -6.241259773616478768e-01
4.000000000000000000e+00 -6.241259773616478768e-01
4.000000000000000000e+00 -6.241259773616478768e-01
4.000000000000000000e+00 -6.241259773616478768e-01
4.000000000000000000e+00 -6.241259773616478768e-01
4.000000000000000000e+00 -1.653653214409361860e+00
4.000000000000000000e+00 -1.653653214409361860e+00
4.000000000000000000e+00 -1.653653214409361860e+00
4.000000000000000000e+00 -1.653653214409361860e+00
4.000000000000000000e+00 -1.875573878225589741e+00
4.000000000000000000e+00 -2.049248685607069298e+00
4.000000000000000000e+00 -2.049248685607069298e+00
4.000000000000000000e+00 -2.049248685607069298e+00
4.000000000000000000e+00 -2.049248685607069298e+00
4.000000000000000000e+00 -2.049248685607069298e+00
4.000000000000000000e+00 -2.049248685607069298e+00
4.000000000000000000e+00 -2.049248685607069298e+00
4.000000000000000000e+00 -2.049248685607069298e+00
4.000000000000000000e+00 -2.049248685607069298e+00
