6.949510141845811079e-310 9.496976484157408486e-316
0.000000000000000000e+00 1.974529987067968051e+01
0.000000000000000000e+00 1.974529987067968051e+01
0.000000000000000000e+00 1.974529987067968051e+01
0.000000000000000000e+00 1.974529987067968051e+01
0.000000000000000000e+00 1.974529987067968051e+01
0.000000000000000000e+00 1.974529987067968051e+01
0.000000000000000000e+00 1.974529987067968051e+01
0.000000000000000000e+00 1.974529987067968051e+01
0.000000000000000000e+00 1.974529987067968051e+01
0.000000000000000000e+00 1.974529987067968051e+01
0.000000000000000000e+00 1.974529987067968051e+01
0.000000000000000000e+00 1.974529987067968051e+01
0.000000000000000000e+00 1.974529987067968051e+01
0.000000000000000000e+00 1.974529987067968051e+01
0.000000000000000000e+00 1.974529987067968051e+01
0.000000000000000000e+00 1.974529987067968051e+01
0.000000000000000000e+00 1.974529987067968051e+01
0.000000000000000000e+00 1.974529987067968051e+01
0.000000000000000000e+00 1.974529987067968051e+01
0.000000000000000000e+00 1.974529987067968051e+01
0.000000000000000000e+00 1.974529987067968051e+01
0.000000000000000000e+00 1.974529987067968051e+01
0.000000000000000000e+00 1.974529987067968051e+01
0.000000000000000000e+00 1.974529987067968051e+01
0.000000000000000000e+00 1.974529987067968051e+01
0.000000000000000000e+00 1.888852555597748761e+01
0.000000000000000000e+00 1.888852555597748761e+01
0.000000000000000000e+00 1.656287595404177537e+01
0.000000000000000000e+00 1.656287595404177537e+01
0.000000000000000000e+00 1.656287595404177537e+01
0.000000000000000000e+00 1.656287595404177537e+01
1.000000000000000000e+00 2.174892316762110767e+01
1.000000000000000000e+00 1.984665629700161915e+01
1.000000000000000000e+00 1.984665629700161915e+01
1.000000000000000000e+00 1.984665629700161915e+01
1.000000000000000000e+00 1.984665629700161915e+01
1.000000000000000000e+00 1.984665629700161915e+01
1.000000000000000000e+00 1.938604460190294176e+01
1.000000000000000000e+00 1.938604460190294176e+01
1.000000000000000000e+00 1.938604460190294176e+01
1.000000000000000000e+00 1.938604460190294176e+01
1.000000000000000000e+00 1.938604460190294176e+01
1.000000000000000000e+00 1.938604460190294176e+01
1.000000000000000000e+00 1.938604460190294176e+01
1.000000000000000000e+00 1.938604460190294176e+01
1.000000000000000000e+00 1.938604460190294176e+01
1.000000000000000000e+00 1.938604460190294176e+01
1.000000000000000000e+00 1.938604460190294176e+01
1.000000000000000000e+00 1.938604460190294176e+01
1.000000000000000000e+00 1.938604460190294176e+01
1.000000000000000000e+00 1.938604460190294176e+01
1.000000000000000000e+00 1.938604460190294176e+01
1.000000000000000000e+00 1.938604460190294176e+01
1.000000000000000000e+00 1.938604460190294176e+01
1.000000000000000000e+00 1.938604460190294176e+01
1.000000000000000000e+00 1.938604460190294176e+01
1.000000000000000000e+00 1.938604460190294176e+01
1.000000000000000000e+00 1.871780806606882308e+01
1.000000000000000000e+00 1.828057072343925427e+01
1.000000000000000000e+00 1.828057072343925427e+01
1.000000000000000000e+00 1.828057072343925427e+01
1.000000000000000000e+00 1.810783741660969781e+01
2.000000000000000000e+00 2.084980014205157772e+01
2.000000000000000000e+00 2.084980014205157772e+01
2.000000000000000000e+00 2.084980014205157772e+01
2.000000000000000000e+00 2.084980014205157772e+01
2.000000000000000000e+00 2.032215953956436749e+01
2.000000000000000000e+00 2.032215953956436749e+01
2.000000000000000000e+00 2.032215953956436749e+01
2.000000000000000000e+00 2.032215953956436749e+01
2.000000000000000000e+00 1.964338907414944302e+01
2.000000000000000000e+00 1.964338907414944302e+01
2.000000000000000000e+00 1.964338907414944302e+01
2.000000000000000000e+00 1.964338907414944302e+01
2.000000000000000000e+00 1.964338907414944302e+01
2.000000000000000000e+00 1.964338907414944302e+01
2.000000000000000000e+00 1.964338907414944302e+01
2.000000000000000000e+00 1.964338907414944302e+01
2.000000000000000000e+00 1.964338907414944302e+01
2.000000000000000000e+00 1.964338907414944302e+01
2.000000000000000000e+00 1.964338907414944302e+01
2.000000000000000000e+00 1.964338907414944302e+01
2.000000000000000000e+00 1.964338907414944302e+01
2.000000000000000000e+00 1.964338907414944302e+01
2.000000000000000000e+00 1.964338907414944302e+01
2.000000000000000000e+00 1.964338907414944302e+01
2.000000000000000000e+00 1.964338907414944302e+01
2.000000000000000000e+00 1.664167261190578628e+01
2.000000000000000000e+00 1.664167261190578628e+01
2.000000000000000000e+00 1.647494887640725381e+01
2.000000000000000000e+00 1.647494887640725381e+01
3.000000000000000000e+00 2.097522149190948682e+01
3.000000000000000000e+00 2.097522149190948682e+01
3.000000000000000000e+00 2.097522149190948682e+01
3.000000000000000000e+00 2.097522149190948682e+01
3.000000000000000000e+00 2.078352685844317804e+01
3.000000000000000000e+00 2.078352685844317804e+01
3.000000000000000000e+00 2.078352685844317804e+01
3.000000000000000000e+00 1.990775680896030053e+01
3.000000000000000000e+00 1.990775680896030053e+01
3.000000000000000000e+00 1.990775680896030053e+01
3.000000000000000000e+00 1.990775680896030053e+01
3.000000000000000000e+00 1.987151984179148201e+01
3.000000000000000000e+00 1.987151984179148201e+01
3.000000000000000000e+00 1.987151984179148201e+01
3.000000000000000000e+00 1.987151984179148201e+01
3.000000000000000000e+00 1.987151984179148201e+01
3.000000000000000000e+00 1.987151984179148201e+01
3.000000000000000000e+00 1.987151984179148201e+01
3.000000000000000000e+00 1.987151984179148201e+01
3.000000000000000000e+00 1.987151984179148201e+01
3.000000000000000000e+00 1.987151984179148201e+01
3.000000000000000000e+00 1.987151984179148201e+01
3.000000000000000000e+00 1.987151984179148201e+01
3.000000000000000000e+00 1.987151984179148201e+01
3.000000000000000000e+00 1.987151984179148201e+01
3.000000000000000000e+00 1.900425747435922119e+01
3.000000000000000000e+00 1.900425747435922119e+01
3.000000000000000000e+00 1.806505864480265799e+01
3.000000000000000000e+00 1.806505864480265799e+01
3.000000000000000000e+00 1.806505864480265799e+01
3.000000000000000000e+00 1.806505864480265799e+01
3.000000000000000000e+00 1.806505864480265799e+01
3.000000000000000000e+00 1.806505864480265799e+01
4.000000000000000000e+00 2.095971859925239755e+01
4.000000000000000000e+00 2.095971859925239755e+01
4.000000000000000000e+00 2.095971859925239755e+01
4.000000000000000000e+00 2.044383245367028579e+01
4.000000000000000000e+00 2.044383245367028579e+01
4.000000000000000000e+00 2.044383245367028579e+01
4.000000000000000000e+00 2.044383245367028579e+01
4.000000000000000000e+00 2.044383245367028579e+01
4.000000000000000000e+00 2.044383245367028579e+01
4.000000000000000000e+00 2.044383245367028579e+01
4.000000000000000000e+00 2.044383245367028579e+01
4.000000000000000000e+00 2.044383245367028579e+01
4.000000000000000000e+00 1.965692575426316679e+01
4.000000000000000000e+00 1.965692575426316679e+01
4.000000000000000000e+00 1.965692575426316679e+01
4.000000000000000000e+00 1.965692575426316679e+01
4.000000000000000000e+00 1.965692575426316679e+01
4.000000000000000000e+00 1.965692575426316679e+01
4.000000000000000000e+00 1.965692575426316679e+01
4.000000000000000000e+00 1.965692575426316679e+01
4.000000000000000000e+00 1.965692575426316679e+01
4.000000000000000000e+00 1.965692575426316679e+01
4.000000000000000000e+00 1.965692575426316679e+01
4.000000000000000000e+00 1.937595088321965520e+01
4.000000000000000000e+00 1.937595088321965520e+01
4.000000000000000000e+00 1.937595088321965520e+01
4.000000000000000000e+00 1.937595088321965520e+01
4.000000000000000000e+00 1.937595088321965520e+01
4.000000000000000000e+00 1.937595088321965520e+01
