6.949510141845811079e-310 8.809144616057491815e-316
0.000000000000000000e+00 2.008750437771957209e+01
0.000000000000000000e+00 2.008750437771957209e+01
0.000000000000000000e+00 2.008750437771957209e+01
0.000000000000000000e+00 3.610081375637130829e+00
0.000000000000000000e+00 3.610081375637130829e+00
0.000000000000000000e+00 3.610081375637130829e+00
0.000000000000000000e+00 3.610081375637130829e+00
0.000000000000000000e+00 3.610081375637130829e+00
0.000000000000000000e+00 3.610081375637130829e+00
0.000000000000000000e+00 3.610081375637130829e+00
0.000000000000000000e+00 3.610081375637130829e+00
0.000000000000000000e+00 3.610081375637130829e+00
0.000000000000000000e+00 3.610081375637130829e+00
0.000000000000000000e+00 3.610081375637130829e+00
0.000000000000000000e+00 2.893554715488371176e+00
0.000000000000000000e+00 2.893554715488371176e+00
0.000000000000000000e+00 2.893554715488371176e+00
0.000000000000000000e+00 2.893554715488371176e+00
1.000000000000000000e+00 2.035468792177558939e+01
1.000000000000000000e+00 2.035468792177558939e+01
1.000000000000000000e+00 1.347549501457385546e+01
1.000000000000000000e+00 1.347549501457385546e+01
1.000000000000000000e+00 1.347549501457385546e+01
1.000000000000000000e+00 1.347549501457385546e+01
1.000000000000000000e+00 1.347549501457385546e+01
1.000000000000000000e+00 1.347549501457385546e+01
1.000000000000000000e+00 1.347549501457385546e+01
1.000000000000000000e+00 1.347549501457385546e+01
1.000000000000000000e+00 1.243023812287924557e+01
1.000000000000000000e+00 1.186084975920574003e+01
1.000000000000000000e+00 1.166834478930105590e+01
1.000000000000000000e+00 1.166834478930105590e+01
1.000000000000000000e+00 1.166834478930105590e+01
1.000000000000000000e+00 1.148284189831744939e+01
1.000000000000000000e+00 1.144450059367710359e+01
1.000000000000000000e+00 9.916337147333514679e+00
1.000000000000000000e+00 9.916337147333514679e+00
1.000000000000000000e+00 8.766516131549165536e+00
1.000000000000000000e+00 8.766516131549165536e+00
1.000000000000000000e+00 5.596213207111683019e+00
1.000000000000000000e+00 4.106230645456353301e+00
1.000000000000000000e+00 4.106230645456353301e+00
1.000000000000000000e+00 1.842633413096882666e+00
1.000000000000000000e+00 1.842633413096882666e+00
1.000000000000000000e+00 1.842633413096882666e+00
1.000000000000000000e+00 1.842633413096882666e+00
2.000000000000000000e+00 2.127606232502251515e+01
2.000000000000000000e+00 1.977439450609180938e+01
2.000000000000000000e+00 1.977439450609180938e+01
2.000000000000000000e+00 1.977439450609180938e+01
2.000000000000000000e+00 1.977439450609180938e+01
2.000000000000000000e+00 1.977439450609180938e+01
2.000000000000000000e+00 1.977439450609180938e+01
2.000000000000000000e+00 1.977439450609180938e+01
2.000000000000000000e+00 1.977439450609180938e+01
2.000000000000000000e+00 1.809185734845922866e+01
2.000000000000000000e+00 1.469841047949886992e+01
2.000000000000000000e+00 6.462704591640696883e+00
2.000000000000000000e+00 6.462704591640696883e+00
2.000000000000000000e+00 6.462704591640696883e+00
2.000000000000000000e+00 4.642168328535234423e+00
2.000000000000000000e+00 4.642168328535234423e+00
2.000000000000000000e+00 1.762572528432519992e+00
2.000000000000000000e+00 1.762572528432519992e+00
3.000000000000000000e+00 2.150457109479578577e+01
3.000000000000000000e+00 2.150457109479578577e+01
3.000000000000000000e+00 1.973190087795098435e+01
3.000000000000000000e+00 1.837836379359542960e+01
3.000000000000000000e+00 1.837836379359542960e+01
3.000000000000000000e+00 1.702511219964881661e+01
3.000000000000000000e+00 1.702511219964881661e+01
3.000000000000000000e+00 1.702511219964881661e+01
3.000000000000000000e+00 1.702511219964881661e+01
3.000000000000000000e+00 1.702511219964881661e+01
3.000000000000000000e+00 1.702511219964881661e+01
3.000000000000000000e+00 9.011407042934095557e+00
3.000000000000000000e+00 6.495352639210849155e+00
3.000000000000000000e+00 6.495352639210849155e+00
3.000000000000000000e+00 5.565715535288357607e+00
3.000000000000000000e+00 3.892776807373719894e+00
3.000000000000000000e+00 3.892776807373719894e+00
3.000000000000000000e+00 3.808564827963731414e+00
3.000000000000000000e+00 3.808564827963731414e+00
3.000000000000000000e+00 3.787760385406173214e+00
3.000000000000000000e+00 2.807799526439927806e+00
3.000000000000000000e+00 2.807799526439927806e+00
3.000000000000000000e+00 2.109716957858278619e+00
3.000000000000000000e+00 2.109716957858278619e+00
3.000000000000000000e+00 1.827373852140491417e+00
3.000000000000000000e+00 1.827373852140491417e+00
4.000000000000000000e+00 2.134342572792043669e+01
4.000000000000000000e+00 1.599407464961938174e+01
4.000000000000000000e+00 1.599407464961938174e+01
4.000000000000000000e+00 1.599407464961938174e+01
4.000000000000000000e+00 1.219783593699768254e+01
4.000000000000000000e+00 1.219783593699768254e+01
4.000000000000000000e+00 1.219783593699768254e+01
4.000000000000000000e+00 1.219783593699768254e+01
4.000000000000000000e+00 1.219783593699768254e+01
4.000000000000000000e+00 1.219783593699768254e+01
4.000000000000000000e+00 1.183403764219075427e+01
4.000000000000000000e+00 1.183403764219075427e+01
4.000000000000000000e+00 6.155542686789210904e+00
4.000000000000000000e+00 6.155542686789210904e+00
4.000000000000000000e+00 2.020675978705539055e+00
4.000000000000000000e+00 2.020675978705539055e+00
4.000000000000000000e+00 2.020675978705539055e+00
4.000000000000000000e+00 2.020675978705539055e+00
4.000000000000000000e+00 1.924525756792877074e+00
4.000000000000000000e+00 1.924525756792877074e+00
4.000000000000000000e+00 1.924525756792877074e+00
4.000000000000000000e+00 1.861024648326093711e+00
