6.934290341060081715e-310 6.934290341060081715e-310
0.000000000000000000e+00 8.525432189401853655e-01
0.000000000000000000e+00 8.090473967611110373e-01
0.000000000000000000e+00 2.135203400036317645e-01
0.000000000000000000e+00 2.135203400036317645e-01
0.000000000000000000e+00 2.135203400036317645e-01
0.000000000000000000e+00 2.135203400036317645e-01
0.000000000000000000e+00 2.135203400036317645e-01
0.000000000000000000e+00 5.946393541822433265e-02
0.000000000000000000e+00 5.946393541822433265e-02
0.000000000000000000e+00 5.946393541822433265e-02
0.000000000000000000e+00 5.946393541822433265e-02
0.000000000000000000e+00 5.946393541822433265e-02
0.000000000000000000e+00 5.946393541822433265e-02
0.000000000000000000e+00 5.946393541822433265e-02
0.000000000000000000e+00 5.946393541822433265e-02
0.000000000000000000e+00 -4.507317156952496406e-02
0.000000000000000000e+00 -4.507317156952496406e-02
0.000000000000000000e+00 -4.507317156952496406e-02
0.000000000000000000e+00 -4.507317156952496406e-02
0.000000000000000000e+00 -4.507317156952496406e-02
0.000000000000000000e+00 -4.507317156952496406e-02
0.000000000000000000e+00 -4.507317156952496406e-02
0.000000000000000000e+00 -4.507317156952496406e-02
0.000000000000000000e+00 -4.507317156952496406e-02
0.000000000000000000e+00 -4.507317156952496406e-02
0.000000000000000000e+00 -4.507317156952496406e-02
0.000000000000000000e+00 -4.507317156952496406e-02
0.000000000000000000e+00 -4.507317156952496406e-02
0.000000000000000000e+00 -4.507317156952496406e-02
0.000000000000000000e+00 -4.507317156952496406e-02
1.000000000000000000e+00 2.353749060732062692e-01
1.000000000000000000e+00 1.136818477744133693e-03
1.000000000000000000e+00 1.136818477744133693e-03
1.000000000000000000e+00 1.136818477744133693e-03
1.000000000000000000e+00 1.136818477744133693e-03
1.000000000000000000e+00 1.136818477744133693e-03
1.000000000000000000e+00 1.136818477744133693e-03
1.000000000000000000e+00 1.136818477744133693e-03
1.000000000000000000e+00 1.136818477744133693e-03
1.000000000000000000e+00 1.136818477744133693e-03
1.000000000000000000e+00 1.136818477744133693e-03
1.000000000000000000e+00 1.136818477744133693e-03
1.000000000000000000e+00 1.136818477744133693e-03
1.000000000000000000e+00 1.136818477744133693e-03
1.000000000000000000e+00 1.136818477744133693e-03
1.000000000000000000e+00 1.136818477744133693e-03
1.000000000000000000e+00 1.136818477744133693e-03
1.000000000000000000e+00 1.136818477744133693e-03
1.000000000000000000e+00 1.136818477744133693e-03
1.000000000000000000e+00 1.136818477744133693e-03
1.000000000000000000e+00 1.136818477744133693e-03
1.000000000000000000e+00 1.136818477744133693e-03
1.000000000000000000e+00 1.136818477744133693e-03
1.000000000000000000e+00 1.136818477744133693e-03
1.000000000000000000e+00 1.136818477744133693e-03
1.000000000000000000e+00 -8.173839236500292371e-02
1.000000000000000000e+00 -8.173839236500292371e-02
1.000000000000000000e+00 -8.173839236500292371e-02
1.000000000000000000e+00 -8.173839236500292371e-02
1.000000000000000000e+00 -8.173839236500292371e-02
2.000000000000000000e+00 5.635600264959450545e-01
2.000000000000000000e+00 1.356866274483350086e-02
2.000000000000000000e+00 1.356866274483350086e-02
2.000000000000000000e+00 1.356866274483350086e-02
2.000000000000000000e+00 1.356866274483350086e-02
2.000000000000000000e+00 1.356866274483350086e-02
2.000000000000000000e+00 1.356866274483350086e-02
2.000000000000000000e+00 1.356866274483350086e-02
2.000000000000000000e+00 1.356866274483350086e-02
2.000000000000000000e+00 1.356866274483350086e-02
2.000000000000000000e+00 -5.544446181679459074e-02
2.000000000000000000e+00 -5.544446181679459074e-02
2.000000000000000000e+00 -5.544446181679459074e-02
2.000000000000000000e+00 -5.544446181679459074e-02
2.000000000000000000e+00 -2.521295866172076905e-01
2.000000000000000000e+00 -2.521295866172076905e-01
2.000000000000000000e+00 -2.521295866172076905e-01
2.000000000000000000e+00 -2.521295866172076905e-01
2.000000000000000000e+00 -2.521295866172076905e-01
2.000000000000000000e+00 -2.521295866172076905e-01
2.000000000000000000e+00 -2.521295866172076905e-01
2.000000000000000000e+00 -2.521295866172076905e-01
2.000000000000000000e+00 -2.521295866172076905e-01
2.000000000000000000e+00 -2.521295866172076905e-01
2.000000000000000000e+00 -2.521295866172076905e-01
2.000000000000000000e+00 -2.521295866172076905e-01
2.000000000000000000e+00 -2.521295866172076905e-01
2.000000000000000000e+00 -2.521295866172076905e-01
2.000000000000000000e+00 -2.521295866172076905e-01
2.000000000000000000e+00 -2.521295866172076905e-01
3.000000000000000000e+00 3.054062312314949068e-01
3.000000000000000000e+00 3.054062312314949068e-01
3.000000000000000000e+00 3.054062312314949068e-01
3.000000000000000000e+00 -2.890191691530785006e-02
3.000000000000000000e+00 -2.890191691530785006e-02
3.000000000000000000e+00 -2.890191691530785006e-02
3.000000000000000000e+00 -2.890191691530785006e-02
3.000000000000000000e+00 -2.890191691530785006e-02
3.000000000000000000e+00 -2.890191691530785006e-02
3.000000000000000000e+00 -2.890191691530785006e-02
3.000000000000000000e+00 -1.605069801178432010e-01
3.000000000000000000e+00 -1.605069801178432010e-01
3.000000000000000000e+00 -1.605069801178432010e-01
3.000000000000000000e+00 -1.605069801178432010e-01
3.000000000000000000e+00 -1.605069801178432010e-01
3.000000000000000000e+00 -1.605069801178432010e-01
3.000000000000000000e+00 -1.605069801178432010e-01
3.000000000000000000e+00 -1.605069801178432010e-01
3.000000000000000000e+00 -1.605069801178432010e-01
3.000000000000000000e+00 -1.605069801178432010e-01
3.000000000000000000e+00 -1.605069801178432010e-01
3.000000000000000000e+00 -1.605069801178432010e-01
3.000000000000000000e+00 -1.605069801178432010e-01
3.000000000000000000e+00 -1.605069801178432010e-01
3.000000000000000000e+00 -1.605069801178432010e-01
3.000000000000000000e+00 -1.605069801178432010e-01
3.000000000000000000e+00 -1.605069801178432010e-01
3.000000000000000000e+00 -1.605069801178432010e-01
3.000000000000000000e+00 -1.605069801178432010e-01
3.000000000000000000e+00 -1.605069801178432010e-01
4.000000000000000000e+00 1.746515547460796014e-01
4.000000000000000000e+00 1.650247356544740432e-02
4.000000000000000000e+00 1.650247356544740432e-02
4.000000000000000000e+00 1.650247356544740432e-02
4.000000000000000000e+00 1.650247356544740432e-02
4.000000000000000000e+00 1.650247356544740432e-02
4.000000000000000000e+00 1.650247356544740432e-02
4.000000000000000000e+00 1.650247356544740432e-02
4.000000000000000000e+00 1.650247356544740432e-02
4.000000000000000000e+00 1.650247356544740432e-02
4.000000000000000000e+00 1.650247356544740432e-02
4.000000000000000000e+00 1.650247356544740432e-02
4.000000000000000000e+00 1.650247356544740432e-02
4.000000000000000000e+00 1.650247356544740432e-02
4.000000000000000000e+00 1.650247356544740432e-02
4.000000000000000000e+00 1.650247356544740432e-02
4.000000000000000000e+00 1.650247356544740432e-02
4.000000000000000000e+00 1.650247356544740432e-02
4.000000000000000000e+00 1.650247356544740432e-02
4.000000000000000000e+00 1.650247356544740432e-02
4.000000000000000000e+00 1.650247356544740432e-02
4.000000000000000000e+00 1.650247356544740432e-02
4.000000000000000000e+00 1.650247356544740432e-02
4.000000000000000000e+00 1.650247356544740432e-02
4.000000000000000000e+00 1.650247356544740432e-02
4.000000000000000000e+00 1.650247356544740432e-02
4.000000000000000000e+00 1.650247356544740432e-02
4.000000000000000000e+00 -8.889309460145995712e-03
4.000000000000000000e+00 -8.889309460145995712e-03
4.000000000000000000e+00 -8.889309460145995712e-03
