6.949510141845811079e-310 5.804929840460241424e-316
0.000000000000000000e+00 9.423520693444384921e-01
0.000000000000000000e+00 9.423520693444384921e-01
0.000000000000000000e+00 5.367977898265950953e-01
0.000000000000000000e+00 5.492519327417733077e-02
0.000000000000000000e+00 5.492519327417733077e-02
0.000000000000000000e+00 5.492519327417733077e-02
0.000000000000000000e+00 4.282372173396455095e-02
0.000000000000000000e+00 3.825130646348026686e-02
0.000000000000000000e+00 3.825130646348026686e-02
0.000000000000000000e+00 3.825130646348026686e-02
0.000000000000000000e+00 3.825130646348026686e-02
0.000000000000000000e+00 3.825130646348026686e-02
0.000000000000000000e+00 2.399433592075680965e-02
0.000000000000000000e+00 -9.721305262763171862e-03
0.000000000000000000e+00 -9.721305262763171862e-03
0.000000000000000000e+00 -8.726701850774185032e-02
0.000000000000000000e+00 -8.726701850774185032e-02
0.000000000000000000e+00 -8.726701850774185032e-02
0.000000000000000000e+00 -8.726701850774185032e-02
0.000000000000000000e+00 -8.726701850774185032e-02
0.000000000000000000e+00 -1.490132830093676697e-01
0.000000000000000000e+00 -1.490132830093676697e-01
0.000000000000000000e+00 -1.490132830093676697e-01
0.000000000000000000e+00 -1.490132830093676697e-01
0.000000000000000000e+00 -1.490132830093676697e-01
1.000000000000000000e+00 3.997305137185090951e-01
1.000000000000000000e+00 3.476111657079937745e-01
1.000000000000000000e+00 3.476111657079937745e-01
1.000000000000000000e+00 2.593639614018252715e-01
1.000000000000000000e+00 1.063174854796541807e-01
1.000000000000000000e+00 2.069235662729499575e-02
1.000000000000000000e+00 2.069235662729499575e-02
1.000000000000000000e+00 2.069235662729499575e-02
1.000000000000000000e+00 2.069235662729499575e-02
1.000000000000000000e+00 2.069235662729499575e-02
1.000000000000000000e+00 -2.414730690683308811e-02
1.000000000000000000e+00 -2.414730690683308811e-02
1.000000000000000000e+00 -1.531811196677163034e-01
1.000000000000000000e+00 -1.531811196677163034e-01
1.000000000000000000e+00 -1.531811196677163034e-01
1.000000000000000000e+00 -2.000819116232867012e-01
1.000000000000000000e+00 -2.000819116232867012e-01
1.000000000000000000e+00 -2.302642698691180212e-01
1.000000000000000000e+00 -2.302642698691180212e-01
1.000000000000000000e+00 -2.302642698691180212e-01
1.000000000000000000e+00 -2.302642698691180212e-01
1.000000000000000000e+00 -2.302642698691180212e-01
2.000000000000000000e+00 2.985301471346671898e-01
2.000000000000000000e+00 2.985301471346671898e-01
2.000000000000000000e+00 2.985301471346671898e-01
2.000000000000000000e+00 2.985301471346671898e-01
2.000000000000000000e+00 1.222148588140937880e-01
2.000000000000000000e+00 1.222148588140937880e-01
2.000000000000000000e+00 1.222148588140937880e-01
2.000000000000000000e+00 1.222148588140937880e-01
2.000000000000000000e+00 1.222148588140937880e-01
2.000000000000000000e+00 1.222148588140937880e-01
2.000000000000000000e+00 1.222148588140937880e-01
2.000000000000000000e+00 1.222148588140937880e-01
2.000000000000000000e+00 7.457519994688292797e-02
2.000000000000000000e+00 7.457519994688292797e-02
2.000000000000000000e+00 -4.110448497916503741e-02
2.000000000000000000e+00 -4.110448497916503741e-02
2.000000000000000000e+00 -4.110448497916503741e-02
2.000000000000000000e+00 -4.110448497916503741e-02
2.000000000000000000e+00 -4.110448497916503741e-02
3.000000000000000000e+00 5.893728528328785465e-01
3.000000000000000000e+00 5.893728528328785465e-01
3.000000000000000000e+00 5.893728528328785465e-01
3.000000000000000000e+00 1.547193724597087094e-01
3.000000000000000000e+00 1.547193724597087094e-01
3.000000000000000000e+00 1.547193724597087094e-01
3.000000000000000000e+00 -4.966133389844243351e-02
3.000000000000000000e+00 -4.966133389844243351e-02
3.000000000000000000e+00 -4.966133389844243351e-02
3.000000000000000000e+00 -4.966133389844243351e-02
3.000000000000000000e+00 -4.966133389844243351e-02
3.000000000000000000e+00 -4.966133389844243351e-02
3.000000000000000000e+00 -4.966133389844243351e-02
4.000000000000000000e+00 7.142360690600619844e-01
4.000000000000000000e+00 7.142360690600619844e-01
4.000000000000000000e+00 4.239905332724112075e-01
4.000000000000000000e+00 1.048333025623851555e-02
4.000000000000000000e+00 1.048333025623851555e-02
4.000000000000000000e+00 -8.551002743942391626e-02
4.000000000000000000e+00 -8.551002743942391626e-02
4.000000000000000000e+00 -8.551002743942391626e-02
4.000000000000000000e+00 -8.551002743942391626e-02
4.000000000000000000e+00 -8.551002743942391626e-02
4.000000000000000000e+00 -8.551002743942391626e-02
4.000000000000000000e+00 -8.551002743942391626e-02
4.000000000000000000e+00 -8.551002743942391626e-02
4.000000000000000000e+00 -2.086111145623824603e-01
