6.934290341064824745e-310 2.289704943631973098e-316
0.000000000000000000e+00 8.525432189401853655e-01
0.000000000000000000e+00 8.090473967611110373e-01
0.000000000000000000e+00 2.135203400036317645e-01
0.000000000000000000e+00 2.135203400036317645e-01
0.000000000000000000e+00 2.135203400036317645e-01
0.000000000000000000e+00 2.135203400036317645e-01
0.000000000000000000e+00 2.135203400036317645e-01
0.000000000000000000e+00 5.946393541822433265e-02
0.000000000000000000e+00 5.946393541822433265e-02
0.000000000000000000e+00 5.946393541822433265e-02
0.000000000000000000e+00 5.946393541822433265e-02
0.000000000000000000e+00 4.568281393461632450e-02
0.000000000000000000e+00 4.568281393461632450e-02
0.000000000000000000e+00 -7.014887134721909875e-03
0.000000000000000000e+00 -7.014887134721909875e-03
0.000000000000000000e+00 -9.074718180586295591e-02
0.000000000000000000e+00 -9.074718180586295591e-02
0.000000000000000000e+00 -9.074718180586295591e-02
0.000000000000000000e+00 -9.074718180586295591e-02
0.000000000000000000e+00 -1.594783009632130266e-01
0.000000000000000000e+00 -1.594783009632130266e-01
0.000000000000000000e+00 -1.594783009632130266e-01
0.000000000000000000e+00 -1.594783009632130266e-01
0.000000000000000000e+00 -1.594783009632130266e-01
0.000000000000000000e+00 -1.594783009632130266e-01
0.000000000000000000e+00 -1.594783009632130266e-01
0.000000000000000000e+00 -1.594783009632130266e-01
0.000000000000000000e+00 -1.594783009632130266e-01
0.000000000000000000e+00 -1.594783009632130266e-01
1.000000000000000000e+00 2.353749060732062692e-01
1.000000000000000000e+00 1.136818477744133693e-03
1.000000000000000000e+00 1.136818477744133693e-03
1.000000000000000000e+00 1.136818477744133693e-03
1.000000000000000000e+00 1.136818477744133693e-03
1.000000000000000000e+00 1.136818477744133693e-03
1.000000000000000000e+00 1.136818477744133693e-03
1.000000000000000000e+00 1.136818477744133693e-03
1.000000000000000000e+00 1.136818477744133693e-03
1.000000000000000000e+00 1.136818477744133693e-03
1.000000000000000000e+00 1.136818477744133693e-03
1.000000000000000000e+00 1.136818477744133693e-03
1.000000000000000000e+00 1.136818477744133693e-03
1.000000000000000000e+00 1.136818477744133693e-03
1.000000000000000000e+00 1.136818477744133693e-03
1.000000000000000000e+00 -2.468431527157088912e-03
1.000000000000000000e+00 -2.468431527157088912e-03
1.000000000000000000e+00 -2.468431527157088912e-03
1.000000000000000000e+00 -2.134987586398750734e-02
1.000000000000000000e+00 -2.134987586398750734e-02
1.000000000000000000e+00 -2.134987586398750734e-02
2.000000000000000000e+00 5.635600264959450545e-01
2.000000000000000000e+00 1.356866274483350086e-02
2.000000000000000000e+00 1.356866274483350086e-02
2.000000000000000000e+00 1.356866274483350086e-02
2.000000000000000000e+00 1.356866274483350086e-02
2.000000000000000000e+00 1.356866274483350086e-02
2.000000000000000000e+00 1.356866274483350086e-02
2.000000000000000000e+00 1.356866274483350086e-02
2.000000000000000000e+00 1.356866274483350086e-02
2.000000000000000000e+00 1.356866274483350086e-02
2.000000000000000000e+00 1.356866274483350086e-02
2.000000000000000000e+00 1.356866274483350086e-02
2.000000000000000000e+00 1.356866274483350086e-02
2.000000000000000000e+00 1.356866274483350086e-02
2.000000000000000000e+00 -2.493816361023628025e-01
2.000000000000000000e+00 -2.493816361023628025e-01
2.000000000000000000e+00 -2.493816361023628025e-01
2.000000000000000000e+00 -2.493816361023628025e-01
3.000000000000000000e+00 3.054062312314949068e-01
3.000000000000000000e+00 3.054062312314949068e-01
3.000000000000000000e+00 3.054062312314949068e-01
3.000000000000000000e+00 -2.890191691530785006e-02
3.000000000000000000e+00 -2.890191691530785006e-02
3.000000000000000000e+00 -2.890191691530785006e-02
3.000000000000000000e+00 -2.890191691530785006e-02
3.000000000000000000e+00 -2.890191691530785006e-02
3.000000000000000000e+00 -2.890191691530785006e-02
3.000000000000000000e+00 -2.890191691530785006e-02
3.000000000000000000e+00 -2.890191691530785006e-02
3.000000000000000000e+00 -2.890191691530785006e-02
3.000000000000000000e+00 -2.890191691530785006e-02
3.000000000000000000e+00 -9.423680324268116082e-02
3.000000000000000000e+00 -9.423680324268116082e-02
3.000000000000000000e+00 -9.423680324268116082e-02
3.000000000000000000e+00 -9.423680324268116082e-02
3.000000000000000000e+00 -9.423680324268116082e-02
3.000000000000000000e+00 -1.674437281610970663e-01
3.000000000000000000e+00 -1.674437281610970663e-01
3.000000000000000000e+00 -1.674437281610970663e-01
3.000000000000000000e+00 -1.674437281610970663e-01
3.000000000000000000e+00 -1.674437281610970663e-01
3.000000000000000000e+00 -1.674437281610970663e-01
3.000000000000000000e+00 -1.674437281610970663e-01
3.000000000000000000e+00 -1.674437281610970663e-01
3.000000000000000000e+00 -3.252125342484630810e-01
3.000000000000000000e+00 -3.252125342484630810e-01
3.000000000000000000e+00 -3.252125342484630810e-01
3.000000000000000000e+00 -3.252125342484630810e-01
4.000000000000000000e+00 1.746515547460796014e-01
4.000000000000000000e+00 1.650247356544740432e-02
4.000000000000000000e+00 1.650247356544740432e-02
4.000000000000000000e+00 1.650247356544740432e-02
4.000000000000000000e+00 1.650247356544740432e-02
4.000000000000000000e+00 1.650247356544740432e-02
4.000000000000000000e+00 1.650247356544740432e-02
4.000000000000000000e+00 1.650247356544740432e-02
4.000000000000000000e+00 1.650247356544740432e-02
4.000000000000000000e+00 1.650247356544740432e-02
4.000000000000000000e+00 1.650247356544740432e-02
4.000000000000000000e+00 1.650247356544740432e-02
