6.934290341064034240e-310 2.286817228745160180e-316
0.000000000000000000e+00 8.525432189401853655e-01
0.000000000000000000e+00 8.090473967611110373e-01
0.000000000000000000e+00 2.135203400036317645e-01
0.000000000000000000e+00 2.135203400036317645e-01
0.000000000000000000e+00 2.135203400036317645e-01
0.000000000000000000e+00 2.135203400036317645e-01
0.000000000000000000e+00 2.135203400036317645e-01
0.000000000000000000e+00 5.946393541822433265e-02
0.000000000000000000e+00 5.946393541822433265e-02
0.000000000000000000e+00 5.946393541822433265e-02
0.000000000000000000e+00 5.946393541822433265e-02
0.000000000000000000e+00 3.480578978566954695e-03
0.000000000000000000e+00 2.169372858558564661e-03
0.000000000000000000e+00 2.169372858558564661e-03
0.000000000000000000e+00 2.169372858558564661e-03
0.000000000000000000e+00 -1.025318681918412252e-02
0.000000000000000000e+00 -1.025318681918412252e-02
0.000000000000000000e+00 -1.025318681918412252e-02
0.000000000000000000e+00 -2.165722142563369229e-02
0.000000000000000000e+00 -2.165722142563369229e-02
0.000000000000000000e+00 -2.165722142563369229e-02
0.000000000000000000e+00 -2.165722142563369229e-02
0.000000000000000000e+00 -1.242321450881002515e-01
0.000000000000000000e+00 -1.242321450881002515e-01
0.000000000000000000e+00 -1.242321450881002515e-01
0.000000000000000000e+00 -1.242321450881002515e-01
0.000000000000000000e+00 -1.242321450881002515e-01
0.000000000000000000e+00 -1.242321450881002515e-01
0.000000000000000000e+00 -1.242321450881002515e-01
0.000000000000000000e+00 -1.242321450881002515e-01
1.000000000000000000e+00 2.353749060732062692e-01
1.000000000000000000e+00 1.136818477744133693e-03
1.000000000000000000e+00 1.136818477744133693e-03
1.000000000000000000e+00 1.136818477744133693e-03
1.000000000000000000e+00 1.136818477744133693e-03
1.000000000000000000e+00 1.136818477744133693e-03
1.000000000000000000e+00 1.136818477744133693e-03
1.000000000000000000e+00 1.136818477744133693e-03
1.000000000000000000e+00 1.136818477744133693e-03
1.000000000000000000e+00 1.136818477744133693e-03
1.000000000000000000e+00 1.136818477744133693e-03
1.000000000000000000e+00 1.136818477744133693e-03
1.000000000000000000e+00 1.136818477744133693e-03
1.000000000000000000e+00 1.136818477744133693e-03
1.000000000000000000e+00 1.136818477744133693e-03
1.000000000000000000e+00 1.136818477744133693e-03
1.000000000000000000e+00 1.136818477744133693e-03
1.000000000000000000e+00 1.136818477744133693e-03
1.000000000000000000e+00 1.136818477744133693e-03
1.000000000000000000e+00 1.136818477744133693e-03
1.000000000000000000e+00 1.136818477744133693e-03
1.000000000000000000e+00 1.136818477744133693e-03
1.000000000000000000e+00 -6.031855781036429137e-02
1.000000000000000000e+00 -6.031855781036429137e-02
1.000000000000000000e+00 -6.031855781036429137e-02
1.000000000000000000e+00 -6.031855781036429137e-02
1.000000000000000000e+00 -7.667690686608051587e-02
1.000000000000000000e+00 -7.667690686608051587e-02
1.000000000000000000e+00 -7.667690686608051587e-02
1.000000000000000000e+00 -1.142900351608927556e-01
2.000000000000000000e+00 5.635600264959450545e-01
2.000000000000000000e+00 1.356866274483350086e-02
2.000000000000000000e+00 1.356866274483350086e-02
2.000000000000000000e+00 1.356866274483350086e-02
2.000000000000000000e+00 1.356866274483350086e-02
2.000000000000000000e+00 1.356866274483350086e-02
2.000000000000000000e+00 1.356866274483350086e-02
2.000000000000000000e+00 1.356866274483350086e-02
2.000000000000000000e+00 1.356866274483350086e-02
2.000000000000000000e+00 1.356866274483350086e-02
2.000000000000000000e+00 1.356866274483350086e-02
2.000000000000000000e+00 -5.179357204722673247e-02
2.000000000000000000e+00 -5.179357204722673247e-02
2.000000000000000000e+00 -5.179357204722673247e-02
2.000000000000000000e+00 -5.179357204722673247e-02
2.000000000000000000e+00 -5.179357204722673247e-02
2.000000000000000000e+00 -5.179357204722673247e-02
2.000000000000000000e+00 -1.285129936688912400e-01
2.000000000000000000e+00 -1.285129936688912400e-01
2.000000000000000000e+00 -1.285129936688912400e-01
2.000000000000000000e+00 -1.285129936688912400e-01
2.000000000000000000e+00 -1.285129936688912400e-01
2.000000000000000000e+00 -1.285129936688912400e-01
2.000000000000000000e+00 -1.285129936688912400e-01
2.000000000000000000e+00 -1.285129936688912400e-01
2.000000000000000000e+00 -1.285129936688912400e-01
2.000000000000000000e+00 -1.285129936688912400e-01
2.000000000000000000e+00 -1.285129936688912400e-01
2.000000000000000000e+00 -1.285129936688912400e-01
2.000000000000000000e+00 -1.285129936688912400e-01
3.000000000000000000e+00 3.054062312314949068e-01
3.000000000000000000e+00 3.054062312314949068e-01
3.000000000000000000e+00 3.054062312314949068e-01
3.000000000000000000e+00 -2.890191691530785006e-02
3.000000000000000000e+00 -2.890191691530785006e-02
3.000000000000000000e+00 -2.890191691530785006e-02
3.000000000000000000e+00 -2.890191691530785006e-02
3.000000000000000000e+00 -2.890191691530785006e-02
3.000000000000000000e+00 -2.890191691530785006e-02
3.000000000000000000e+00 -2.890191691530785006e-02
3.000000000000000000e+00 -2.890191691530785006e-02
3.000000000000000000e+00 -2.890191691530785006e-02
3.000000000000000000e+00 -2.890191691530785006e-02
4.000000000000000000e+00 1.746515547460796014e-01
4.000000000000000000e+00 1.650247356544740432e-02
4.000000000000000000e+00 1.650247356544740432e-02
4.000000000000000000e+00 1.650247356544740432e-02
4.000000000000000000e+00 1.650247356544740432e-02
4.000000000000000000e+00 1.650247356544740432e-02
4.000000000000000000e+00 1.650247356544740432e-02
4.000000000000000000e+00 1.650247356544740432e-02
4.000000000000000000e+00 1.650247356544740432e-02
4.000000000000000000e+00 1.650247356544740432e-02
4.000000000000000000e+00 1.650247356544740432e-02
4.000000000000000000e+00 1.650247356544740432e-02
4.000000000000000000e+00 1.650247356544740432e-02
4.000000000000000000e+00 1.650247356544740432e-02
4.000000000000000000e+00 1.650247356544740432e-02
4.000000000000000000e+00 1.650247356544740432e-02
4.000000000000000000e+00 1.650247356544740432e-02
4.000000000000000000e+00 1.650247356544740432e-02
4.000000000000000000e+00 1.650247356544740432e-02
4.000000000000000000e+00 1.650247356544740432e-02
4.000000000000000000e+00 1.650247356544740432e-02
4.000000000000000000e+00 -1.957897563304510646e-01
4.000000000000000000e+00 -1.957897563304510646e-01
4.000000000000000000e+00 -1.957897563304510646e-01
4.000000000000000000e+00 -1.957897563304510646e-01
4.000000000000000000e+00 -1.957897563304510646e-01
4.000000000000000000e+00 -1.957897563304510646e-01
4.000000000000000000e+00 -1.957897563304510646e-01
4.000000000000000000e+00 -1.957897563304510646e-01
4.000000000000000000e+00 -1.957897563304510646e-01
