6.949510141847392089e-310 2.897785920937745771e-316
0.000000000000000000e+00 6.046576963456138376e-01
0.000000000000000000e+00 1.477009141860644581e-01
0.000000000000000000e+00 -7.752629853182133601e-01
0.000000000000000000e+00 -7.752629853182133601e-01
0.000000000000000000e+00 -7.752629853182133601e-01
0.000000000000000000e+00 -7.752629853182133601e-01
0.000000000000000000e+00 -7.752629853182133601e-01
0.000000000000000000e+00 -7.752629853182133601e-01
0.000000000000000000e+00 -7.752629853182133601e-01
0.000000000000000000e+00 -7.957550452412627262e-01
0.000000000000000000e+00 -7.957550452412627262e-01
0.000000000000000000e+00 -7.957550452412627262e-01
0.000000000000000000e+00 -7.957550452412627262e-01
0.000000000000000000e+00 -9.873477057296614623e-01
0.000000000000000000e+00 -1.112518997907825158e+00
0.000000000000000000e+00 -1.112518997907825158e+00
0.000000000000000000e+00 -1.112518997907825158e+00
1.000000000000000000e+00 -1.145024664624175958e+00
1.000000000000000000e+00 -1.263555615251244602e+00
1.000000000000000000e+00 -1.263555615251244602e+00
1.000000000000000000e+00 -1.263555615251244602e+00
1.000000000000000000e+00 -1.263555615251244602e+00
1.000000000000000000e+00 -1.263555615251244602e+00
1.000000000000000000e+00 -1.263555615251244602e+00
1.000000000000000000e+00 -1.263555615251244602e+00
1.000000000000000000e+00 -1.263555615251244602e+00
1.000000000000000000e+00 -1.263555615251244602e+00
1.000000000000000000e+00 -1.446482999454173468e+00
1.000000000000000000e+00 -1.446482999454173468e+00
1.000000000000000000e+00 -1.446482999454173468e+00
1.000000000000000000e+00 -1.446482999454173468e+00
1.000000000000000000e+00 -1.446482999454173468e+00
1.000000000000000000e+00 -1.446482999454173468e+00
1.000000000000000000e+00 -1.446482999454173468e+00
1.000000000000000000e+00 -1.527086892991692535e+00
1.000000000000000000e+00 -1.527086892991692535e+00
1.000000000000000000e+00 -1.560453747119987522e+00
1.000000000000000000e+00 -1.613917905524250074e+00
1.000000000000000000e+00 -1.686137841389839576e+00
1.000000000000000000e+00 -1.686137841389839576e+00
1.000000000000000000e+00 -1.686137841389839576e+00
1.000000000000000000e+00 -1.686137841389839576e+00
1.000000000000000000e+00 -1.686137841389839576e+00
1.000000000000000000e+00 -1.686137841389839576e+00
1.000000000000000000e+00 -1.686137841389839576e+00
1.000000000000000000e+00 -1.686137841389839576e+00
1.000000000000000000e+00 -1.686137841389839576e+00
2.000000000000000000e+00 7.941371226145481632e-01
2.000000000000000000e+00 -1.229977876894383426e+00
2.000000000000000000e+00 -1.229977876894383426e+00
2.000000000000000000e+00 -1.229977876894383426e+00
2.000000000000000000e+00 -1.229977876894383426e+00
2.000000000000000000e+00 -1.229977876894383426e+00
2.000000000000000000e+00 -1.229977876894383426e+00
2.000000000000000000e+00 -1.229977876894383426e+00
2.000000000000000000e+00 -1.229977876894383426e+00
2.000000000000000000e+00 -1.229977876894383426e+00
2.000000000000000000e+00 -1.229977876894383426e+00
2.000000000000000000e+00 -1.229977876894383426e+00
2.000000000000000000e+00 -1.229977876894383426e+00
2.000000000000000000e+00 -1.229977876894383426e+00
2.000000000000000000e+00 -1.229977876894383426e+00
2.000000000000000000e+00 -1.310594910593156470e+00
2.000000000000000000e+00 -1.310594910593156470e+00
2.000000000000000000e+00 -1.310594910593156470e+00
2.000000000000000000e+00 -1.310594910593156470e+00
2.000000000000000000e+00 -1.310594910593156470e+00
2.000000000000000000e+00 -1.310594910593156470e+00
2.000000000000000000e+00 -1.310594910593156470e+00
2.000000000000000000e+00 -1.310594910593156470e+00
2.000000000000000000e+00 -1.310594910593156470e+00
2.000000000000000000e+00 -1.310594910593156470e+00
2.000000000000000000e+00 -1.310594910593156470e+00
2.000000000000000000e+00 -1.310594910593156470e+00
2.000000000000000000e+00 -1.310594910593156470e+00
2.000000000000000000e+00 -1.310594910593156470e+00
2.000000000000000000e+00 -1.310594910593156470e+00
3.000000000000000000e+00 -7.101461105653987804e-01
3.000000000000000000e+00 -7.101461105653987804e-01
3.000000000000000000e+00 -7.101461105653987804e-01
3.000000000000000000e+00 -7.101461105653987804e-01
3.000000000000000000e+00 -1.383926292289817894e+00
3.000000000000000000e+00 -1.383926292289817894e+00
3.000000000000000000e+00 -1.383926292289817894e+00
3.000000000000000000e+00 -1.383926292289817894e+00
3.000000000000000000e+00 -1.383926292289817894e+00
3.000000000000000000e+00 -1.383926292289817894e+00
3.000000000000000000e+00 -1.567005524028630026e+00
3.000000000000000000e+00 -1.567005524028630026e+00
3.000000000000000000e+00 -1.580187967919856940e+00
3.000000000000000000e+00 -1.660734917585784176e+00
3.000000000000000000e+00 -1.660734917585784176e+00
4.000000000000000000e+00 -1.735848665026835103e-01
4.000000000000000000e+00 -1.878744147785030849e-01
4.000000000000000000e+00 -1.315621821855125217e+00
4.000000000000000000e+00 -1.315621821855125217e+00
4.000000000000000000e+00 -1.315621821855125217e+00
4.000000000000000000e+00 -1.315621821855125217e+00
4.000000000000000000e+00 -1.315621821855125217e+00
4.000000000000000000e+00 -1.315621821855125217e+00
4.000000000000000000e+00 -1.315621821855125217e+00
4.000000000000000000e+00 -1.315621821855125217e+00
4.000000000000000000e+00 -1.315621821855125217e+00
4.000000000000000000e+00 -1.315621821855125217e+00
4.000000000000000000e+00 -1.315621821855125217e+00
4.000000000000000000e+00 -1.379750228005912405e+00
4.000000000000000000e+00 -1.633553600050980492e+00
4.000000000000000000e+00 -1.633553600050980492e+00
4.000000000000000000e+00 -1.633553600050980492e+00
4.000000000000000000e+00 -1.633553600050980492e+00
4.000000000000000000e+00 -1.633553600050980492e+00
4.000000000000000000e+00 -1.633553600050980492e+00
4.000000000000000000e+00 -1.633553600050980492e+00
4.000000000000000000e+00 -1.633553600050980492e+00
4.000000000000000000e+00 -1.633553600050980492e+00
4.000000000000000000e+00 -1.633553600050980492e+00
4.000000000000000000e+00 -1.633553600050980492e+00
4.000000000000000000e+00 -1.633553600050980492e+00
4.000000000000000000e+00 -1.633553600050980492e+00
4.000000000000000000e+00 -1.633553600050980492e+00
4.000000000000000000e+00 -1.633553600050980492e+00
4.000000000000000000e+00 -1.633553600050980492e+00
