6.949510141845811079e-310 4.383145669099902727e-316
0.000000000000000000e+00 8.811561091648736355e-01
0.000000000000000000e+00 4.476196805571400761e-01
0.000000000000000000e+00 3.876598120140746229e-01
0.000000000000000000e+00 3.876598120140746229e-01
0.000000000000000000e+00 3.876598120140746229e-01
0.000000000000000000e+00 3.876598120140746229e-01
0.000000000000000000e+00 -3.638577238422525117e-01
0.000000000000000000e+00 -3.638577238422525117e-01
0.000000000000000000e+00 -3.638577238422525117e-01
0.000000000000000000e+00 -3.638577238422525117e-01
0.000000000000000000e+00 -3.638577238422525117e-01
0.000000000000000000e+00 -4.189364887942900184e-01
0.000000000000000000e+00 -4.189364887942900184e-01
0.000000000000000000e+00 -5.236632404752605829e-01
0.000000000000000000e+00 -5.236632404752605829e-01
0.000000000000000000e+00 -5.920438421814051555e-01
0.000000000000000000e+00 -9.075403023991788221e-01
0.000000000000000000e+00 -9.075403023991788221e-01
0.000000000000000000e+00 -9.911450518933924148e-01
0.000000000000000000e+00 -9.911450518933924148e-01
0.000000000000000000e+00 -9.911450518933924148e-01
0.000000000000000000e+00 -1.020492531626538746e+00
1.000000000000000000e+00 -4.632966970679242014e-01
1.000000000000000000e+00 -4.632966970679242014e-01
1.000000000000000000e+00 -4.632966970679242014e-01
1.000000000000000000e+00 -1.018392860735062078e+00
1.000000000000000000e+00 -1.018392860735062078e+00
1.000000000000000000e+00 -1.018392860735062078e+00
1.000000000000000000e+00 -1.018392860735062078e+00
1.000000000000000000e+00 -1.018392860735062078e+00
1.000000000000000000e+00 -1.018392860735062078e+00
1.000000000000000000e+00 -1.018392860735062078e+00
1.000000000000000000e+00 -1.018392860735062078e+00
1.000000000000000000e+00 -1.018392860735062078e+00
1.000000000000000000e+00 -1.018392860735062078e+00
1.000000000000000000e+00 -1.018392860735062078e+00
1.000000000000000000e+00 -1.018392860735062078e+00
1.000000000000000000e+00 -1.018392860735062078e+00
1.000000000000000000e+00 -1.018392860735062078e+00
1.000000000000000000e+00 -1.023122895436036739e+00
2.000000000000000000e+00 1.090630020249872684e-01
2.000000000000000000e+00 1.090630020249872684e-01
2.000000000000000000e+00 1.090630020249872684e-01
2.000000000000000000e+00 6.369170640847776621e-02
2.000000000000000000e+00 6.369170640847776621e-02
2.000000000000000000e+00 6.369170640847776621e-02
2.000000000000000000e+00 6.369170640847776621e-02
2.000000000000000000e+00 6.369170640847776621e-02
2.000000000000000000e+00 6.369170640847776621e-02
2.000000000000000000e+00 -3.120243112643463768e-01
2.000000000000000000e+00 -5.562907083472501402e-01
2.000000000000000000e+00 -7.280733631935785155e-01
2.000000000000000000e+00 -7.952749530211267182e-01
2.000000000000000000e+00 -7.952749530211267182e-01
2.000000000000000000e+00 -7.952749530211267182e-01
2.000000000000000000e+00 -8.425184308838968850e-01
2.000000000000000000e+00 -1.048156679540271474e+00
2.000000000000000000e+00 -1.048156679540271474e+00
2.000000000000000000e+00 -1.048156679540271474e+00
2.000000000000000000e+00 -1.048156679540271474e+00
3.000000000000000000e+00 1.453872920464554630e+00
3.000000000000000000e+00 1.453872920464554630e+00
3.000000000000000000e+00 -2.056975368309864605e-01
3.000000000000000000e+00 -2.056975368309864605e-01
3.000000000000000000e+00 -2.056975368309864605e-01
3.000000000000000000e+00 -2.056975368309864605e-01
3.000000000000000000e+00 -2.056975368309864605e-01
3.000000000000000000e+00 -2.056975368309864605e-01
3.000000000000000000e+00 -2.056975368309864605e-01
3.000000000000000000e+00 -2.056975368309864605e-01
3.000000000000000000e+00 -8.671005363818276024e-01
3.000000000000000000e+00 -9.134650232271652737e-01
3.000000000000000000e+00 -1.029732074218952853e+00
3.000000000000000000e+00 -1.029732074218952853e+00
3.000000000000000000e+00 -1.029732074218952853e+00
3.000000000000000000e+00 -1.029732074218952853e+00
4.000000000000000000e+00 4.609846398758342123e-01
4.000000000000000000e+00 4.609846398758342123e-01
4.000000000000000000e+00 4.609846398758342123e-01
4.000000000000000000e+00 4.419163537681637943e-01
4.000000000000000000e+00 4.419163537681637943e-01
4.000000000000000000e+00 4.419163537681637943e-01
4.000000000000000000e+00 4.419163537681637943e-01
4.000000000000000000e+00 3.497299900521160243e-01
4.000000000000000000e+00 3.497299900521160243e-01
4.000000000000000000e+00 2.395143730678644112e-01
4.000000000000000000e+00 2.395143730678644112e-01
4.000000000000000000e+00 1.187137056543492303e-01
4.000000000000000000e+00 -2.460674196173312234e-01
4.000000000000000000e+00 -6.519093954363888166e-01
4.000000000000000000e+00 -9.341330292703855509e-01
4.000000000000000000e+00 -9.341330292703855509e-01
4.000000000000000000e+00 -9.341330292703855509e-01
4.000000000000000000e+00 -9.464923820342735494e-01
4.000000000000000000e+00 -1.095862440749365785e+00
4.000000000000000000e+00 -1.095862440749365785e+00
4.000000000000000000e+00 -1.095862440749365785e+00
4.000000000000000000e+00 -1.141077022792656326e+00
4.000000000000000000e+00 -1.141077022792656326e+00
4.000000000000000000e+00 -1.141077022792656326e+00
4.000000000000000000e+00 -1.141077022792656326e+00
