6.949510141845811079e-310 5.790872289452249605e-316
0.000000000000000000e+00 9.423520693444384921e-01
0.000000000000000000e+00 9.423520693444384921e-01
0.000000000000000000e+00 5.367977898265950953e-01
0.000000000000000000e+00 5.492519327417733077e-02
0.000000000000000000e+00 5.492519327417733077e-02
0.000000000000000000e+00 5.492519327417733077e-02
0.000000000000000000e+00 4.282372173396455095e-02
0.000000000000000000e+00 3.825130646348026686e-02
0.000000000000000000e+00 3.825130646348026686e-02
0.000000000000000000e+00 3.825130646348026686e-02
0.000000000000000000e+00 -4.032632899284648020e-02
0.000000000000000000e+00 -4.032632899284648020e-02
0.000000000000000000e+00 -4.032632899284648020e-02
0.000000000000000000e+00 -4.032632899284648020e-02
0.000000000000000000e+00 -1.443220836234671844e-01
0.000000000000000000e+00 -1.443220836234671844e-01
0.000000000000000000e+00 -1.443220836234671844e-01
0.000000000000000000e+00 -1.443220836234671844e-01
0.000000000000000000e+00 -1.443220836234671844e-01
0.000000000000000000e+00 -1.443220836234671844e-01
0.000000000000000000e+00 -1.443220836234671844e-01
0.000000000000000000e+00 -1.443220836234671844e-01
0.000000000000000000e+00 -1.443220836234671844e-01
0.000000000000000000e+00 -1.443220836234671844e-01
0.000000000000000000e+00 -1.443220836234671844e-01
0.000000000000000000e+00 -1.443220836234671844e-01
0.000000000000000000e+00 -1.443220836234671844e-01
0.000000000000000000e+00 -1.443220836234671844e-01
0.000000000000000000e+00 -1.443220836234671844e-01
0.000000000000000000e+00 -1.443220836234671844e-01
1.000000000000000000e+00 3.997305137185090951e-01
1.000000000000000000e+00 3.476111657079937745e-01
1.000000000000000000e+00 3.476111657079937745e-01
1.000000000000000000e+00 2.593639614018252715e-01
1.000000000000000000e+00 1.063174854796541807e-01
1.000000000000000000e+00 2.069235662729499575e-02
1.000000000000000000e+00 2.069235662729499575e-02
1.000000000000000000e+00 2.069235662729499575e-02
1.000000000000000000e+00 2.069235662729499575e-02
1.000000000000000000e+00 2.069235662729499575e-02
1.000000000000000000e+00 -3.548764044806753531e-02
1.000000000000000000e+00 -3.548764044806753531e-02
1.000000000000000000e+00 -3.548764044806753531e-02
1.000000000000000000e+00 -1.273208561657897253e-01
1.000000000000000000e+00 -1.273208561657897253e-01
1.000000000000000000e+00 -1.273208561657897253e-01
1.000000000000000000e+00 -1.273208561657897253e-01
1.000000000000000000e+00 -1.273208561657897253e-01
2.000000000000000000e+00 2.985301471346671898e-01
2.000000000000000000e+00 2.985301471346671898e-01
2.000000000000000000e+00 2.985301471346671898e-01
2.000000000000000000e+00 2.985301471346671898e-01
2.000000000000000000e+00 1.222148588140937880e-01
2.000000000000000000e+00 1.222148588140937880e-01
2.000000000000000000e+00 1.222148588140937880e-01
2.000000000000000000e+00 1.222148588140937880e-01
2.000000000000000000e+00 1.222148588140937880e-01
2.000000000000000000e+00 1.222148588140937880e-01
2.000000000000000000e+00 7.952915696388430933e-02
2.000000000000000000e+00 -1.626589415326197829e-01
2.000000000000000000e+00 -1.626589415326197829e-01
2.000000000000000000e+00 -1.626589415326197829e-01
2.000000000000000000e+00 -1.626589415326197829e-01
2.000000000000000000e+00 -1.626589415326197829e-01
2.000000000000000000e+00 -1.726336657034080180e-01
2.000000000000000000e+00 -1.726336657034080180e-01
2.000000000000000000e+00 -1.726336657034080180e-01
2.000000000000000000e+00 -1.726336657034080180e-01
2.000000000000000000e+00 -1.726336657034080180e-01
2.000000000000000000e+00 -1.726336657034080180e-01
2.000000000000000000e+00 -1.726336657034080180e-01
2.000000000000000000e+00 -1.726336657034080180e-01
2.000000000000000000e+00 -1.726336657034080180e-01
2.000000000000000000e+00 -1.726336657034080180e-01
3.000000000000000000e+00 5.893728528328785465e-01
3.000000000000000000e+00 5.893728528328785465e-01
3.000000000000000000e+00 5.893728528328785465e-01
3.000000000000000000e+00 1.547193724597087094e-01
3.000000000000000000e+00 1.547193724597087094e-01
3.000000000000000000e+00 1.547193724597087094e-01
3.000000000000000000e+00 -4.966133389844243351e-02
3.000000000000000000e+00 -4.966133389844243351e-02
3.000000000000000000e+00 -4.966133389844243351e-02
3.000000000000000000e+00 -4.966133389844243351e-02
3.000000000000000000e+00 -4.966133389844243351e-02
3.000000000000000000e+00 -4.966133389844243351e-02
3.000000000000000000e+00 -4.966133389844243351e-02
3.000000000000000000e+00 -4.966133389844243351e-02
3.000000000000000000e+00 -7.540711233114251455e-02
4.000000000000000000e+00 7.142360690600619844e-01
4.000000000000000000e+00 7.142360690600619844e-01
4.000000000000000000e+00 4.239905332724112075e-01
4.000000000000000000e+00 1.048333025623851555e-02
4.000000000000000000e+00 1.048333025623851555e-02
4.000000000000000000e+00 -8.551002743942391626e-02
4.000000000000000000e+00 -8.551002743942391626e-02
4.000000000000000000e+00 -8.551002743942391626e-02
4.000000000000000000e+00 -8.551002743942391626e-02
4.000000000000000000e+00 -8.551002743942391626e-02
4.000000000000000000e+00 -8.551002743942391626e-02
4.000000000000000000e+00 -8.551002743942391626e-02
4.000000000000000000e+00 -8.551002743942391626e-02
4.000000000000000000e+00 -8.551002743942391626e-02
4.000000000000000000e+00 -8.551002743942391626e-02
4.000000000000000000e+00 -8.551002743942391626e-02
4.000000000000000000e+00 -8.551002743942391626e-02
