6.949510141845020574e-310 6.949510141845020574e-310
0.000000000000000000e+00 6.046576963456138376e-01
0.000000000000000000e+00 1.477009141860644581e-01
0.000000000000000000e+00 -7.752629853182133601e-01
0.000000000000000000e+00 -7.752629853182133601e-01
0.000000000000000000e+00 -7.752629853182133601e-01
0.000000000000000000e+00 -7.752629853182133601e-01
0.000000000000000000e+00 -7.752629853182133601e-01
0.000000000000000000e+00 -7.752629853182133601e-01
0.000000000000000000e+00 -7.752629853182133601e-01
0.000000000000000000e+00 -7.957550452412627262e-01
0.000000000000000000e+00 -7.957550452412627262e-01
0.000000000000000000e+00 -7.957550452412627262e-01
0.000000000000000000e+00 -1.180946647782237235e+00
0.000000000000000000e+00 -1.180946647782237235e+00
0.000000000000000000e+00 -1.180946647782237235e+00
0.000000000000000000e+00 -1.180946647782237235e+00
0.000000000000000000e+00 -1.180946647782237235e+00
1.000000000000000000e+00 -1.145024664624175958e+00
1.000000000000000000e+00 -1.263555615251244602e+00
1.000000000000000000e+00 -1.263555615251244602e+00
1.000000000000000000e+00 -1.263555615251244602e+00
1.000000000000000000e+00 -1.263555615251244602e+00
1.000000000000000000e+00 -1.263555615251244602e+00
1.000000000000000000e+00 -1.263555615251244602e+00
1.000000000000000000e+00 -1.263555615251244602e+00
1.000000000000000000e+00 -1.263555615251244602e+00
1.000000000000000000e+00 -1.263555615251244602e+00
1.000000000000000000e+00 -1.263555615251244602e+00
1.000000000000000000e+00 -1.637662019359054533e+00
1.000000000000000000e+00 -1.637662019359054533e+00
1.000000000000000000e+00 -1.637662019359054533e+00
1.000000000000000000e+00 -1.637662019359054533e+00
1.000000000000000000e+00 -1.637662019359054533e+00
1.000000000000000000e+00 -1.637662019359054533e+00
1.000000000000000000e+00 -1.637662019359054533e+00
1.000000000000000000e+00 -1.637662019359054533e+00
2.000000000000000000e+00 7.941371226145481632e-01
2.000000000000000000e+00 -1.229977876894383426e+00
2.000000000000000000e+00 -1.229977876894383426e+00
2.000000000000000000e+00 -1.229977876894383426e+00
2.000000000000000000e+00 -1.229977876894383426e+00
2.000000000000000000e+00 -1.229977876894383426e+00
2.000000000000000000e+00 -1.229977876894383426e+00
2.000000000000000000e+00 -1.229977876894383426e+00
2.000000000000000000e+00 -1.229977876894383426e+00
2.000000000000000000e+00 -1.229977876894383426e+00
2.000000000000000000e+00 -1.229977876894383426e+00
2.000000000000000000e+00 -1.229977876894383426e+00
2.000000000000000000e+00 -1.229977876894383426e+00
2.000000000000000000e+00 -1.229977876894383426e+00
2.000000000000000000e+00 -1.229977876894383426e+00
2.000000000000000000e+00 -1.277014080159440734e+00
2.000000000000000000e+00 -1.277014080159440734e+00
2.000000000000000000e+00 -1.277014080159440734e+00
2.000000000000000000e+00 -1.277014080159440734e+00
2.000000000000000000e+00 -1.277014080159440734e+00
2.000000000000000000e+00 -1.277014080159440734e+00
2.000000000000000000e+00 -1.277014080159440734e+00
2.000000000000000000e+00 -1.277014080159440734e+00
2.000000000000000000e+00 -1.277014080159440734e+00
2.000000000000000000e+00 -1.277014080159440734e+00
2.000000000000000000e+00 -1.277014080159440734e+00
3.000000000000000000e+00 -7.101461105653987804e-01
3.000000000000000000e+00 -7.101461105653987804e-01
3.000000000000000000e+00 -7.101461105653987804e-01
3.000000000000000000e+00 -7.101461105653987804e-01
3.000000000000000000e+00 -1.383926292289817894e+00
3.000000000000000000e+00 -1.383926292289817894e+00
3.000000000000000000e+00 -1.383926292289817894e+00
3.000000000000000000e+00 -1.383926292289817894e+00
3.000000000000000000e+00 -1.383926292289817894e+00
3.000000000000000000e+00 -1.383926292289817894e+00
3.000000000000000000e+00 -1.383926292289817894e+00
3.000000000000000000e+00 -1.383926292289817894e+00
3.000000000000000000e+00 -1.743557053884011498e+00
3.000000000000000000e+00 -1.743557053884011498e+00
3.000000000000000000e+00 -1.743557053884011498e+00
3.000000000000000000e+00 -1.743557053884011498e+00
3.000000000000000000e+00 -1.769636541040332078e+00
4.000000000000000000e+00 -1.735848665026835103e-01
4.000000000000000000e+00 -1.878744147785030849e-01
4.000000000000000000e+00 -1.315621821855125217e+00
4.000000000000000000e+00 -1.315621821855125217e+00
4.000000000000000000e+00 -1.315621821855125217e+00
4.000000000000000000e+00 -1.315621821855125217e+00
4.000000000000000000e+00 -1.315621821855125217e+00
4.000000000000000000e+00 -1.315621821855125217e+00
4.000000000000000000e+00 -1.315621821855125217e+00
4.000000000000000000e+00 -1.315621821855125217e+00
4.000000000000000000e+00 -1.315621821855125217e+00
4.000000000000000000e+00 -1.542899219615062822e+00
4.000000000000000000e+00 -1.542899219615062822e+00
4.000000000000000000e+00 -1.670763069117813693e+00
4.000000000000000000e+00 -1.670763069117813693e+00
4.000000000000000000e+00 -1.670763069117813693e+00
4.000000000000000000e+00 -1.670763069117813693e+00
4.000000000000000000e+00 -1.670763069117813693e+00
4.000000000000000000e+00 -1.670763069117813693e+00
4.000000000000000000e+00 -1.670763069117813693e+00
4.000000000000000000e+00 -1.670763069117813693e+00
