6.949510141845811079e-310 4.373125227297208901e-316
0.000000000000000000e+00 8.811561091648736355e-01
0.000000000000000000e+00 4.476196805571400761e-01
0.000000000000000000e+00 3.876598120140746229e-01
0.000000000000000000e+00 3.876598120140746229e-01
0.000000000000000000e+00 3.876598120140746229e-01
0.000000000000000000e+00 3.876598120140746229e-01
0.000000000000000000e+00 -3.638577238422525117e-01
0.000000000000000000e+00 -3.638577238422525117e-01
0.000000000000000000e+00 -3.638577238422525117e-01
0.000000000000000000e+00 -3.638577238422525117e-01
0.000000000000000000e+00 -3.638577238422525117e-01
0.000000000000000000e+00 -3.638577238422525117e-01
0.000000000000000000e+00 -3.638577238422525117e-01
0.000000000000000000e+00 -1.030362954670308140e+00
0.000000000000000000e+00 -1.030362954670308140e+00
0.000000000000000000e+00 -1.181268310407389777e+00
0.000000000000000000e+00 -1.181268310407389777e+00
0.000000000000000000e+00 -1.181268310407389777e+00
0.000000000000000000e+00 -1.181268310407389777e+00
1.000000000000000000e+00 -4.632966970679242014e-01
1.000000000000000000e+00 -4.632966970679242014e-01
1.000000000000000000e+00 -4.632966970679242014e-01
1.000000000000000000e+00 -1.018392860735062078e+00
1.000000000000000000e+00 -1.018392860735062078e+00
1.000000000000000000e+00 -1.018392860735062078e+00
1.000000000000000000e+00 -1.018392860735062078e+00
1.000000000000000000e+00 -1.018392860735062078e+00
1.000000000000000000e+00 -1.018392860735062078e+00
1.000000000000000000e+00 -1.018392860735062078e+00
1.000000000000000000e+00 -1.018392860735062078e+00
1.000000000000000000e+00 -1.085034548033479540e+00
1.000000000000000000e+00 -1.085034548033479540e+00
1.000000000000000000e+00 -1.085034548033479540e+00
1.000000000000000000e+00 -1.164092955361666792e+00
1.000000000000000000e+00 -1.164092955361666792e+00
2.000000000000000000e+00 1.090630020249872684e-01
2.000000000000000000e+00 1.090630020249872684e-01
2.000000000000000000e+00 1.090630020249872684e-01
2.000000000000000000e+00 6.369170640847776621e-02
2.000000000000000000e+00 6.369170640847776621e-02
2.000000000000000000e+00 6.369170640847776621e-02
2.000000000000000000e+00 6.369170640847776621e-02
2.000000000000000000e+00 6.369170640847776621e-02
2.000000000000000000e+00 6.369170640847776621e-02
2.000000000000000000e+00 -3.120243112643463768e-01
2.000000000000000000e+00 -3.120243112643463768e-01
2.000000000000000000e+00 -5.707957339133913344e-01
2.000000000000000000e+00 -5.707957339133913344e-01
2.000000000000000000e+00 -1.019721308810793481e+00
2.000000000000000000e+00 -1.019721308810793481e+00
2.000000000000000000e+00 -1.205212390952037804e+00
2.000000000000000000e+00 -1.205212390952037804e+00
2.000000000000000000e+00 -1.205212390952037804e+00
3.000000000000000000e+00 1.453872920464554630e+00
3.000000000000000000e+00 1.453872920464554630e+00
3.000000000000000000e+00 -2.056975368309864605e-01
3.000000000000000000e+00 -2.056975368309864605e-01
3.000000000000000000e+00 -2.056975368309864605e-01
3.000000000000000000e+00 -2.056975368309864605e-01
3.000000000000000000e+00 -2.056975368309864605e-01
3.000000000000000000e+00 -2.056975368309864605e-01
3.000000000000000000e+00 -2.056975368309864605e-01
3.000000000000000000e+00 -2.056975368309864605e-01
3.000000000000000000e+00 -8.595393353225267985e-01
3.000000000000000000e+00 -8.595393353225267985e-01
3.000000000000000000e+00 -8.595393353225267985e-01
3.000000000000000000e+00 -8.595393353225267985e-01
3.000000000000000000e+00 -8.595393353225267985e-01
3.000000000000000000e+00 -9.043944245605515242e-01
4.000000000000000000e+00 4.609846398758342123e-01
4.000000000000000000e+00 4.609846398758342123e-01
4.000000000000000000e+00 4.609846398758342123e-01
4.000000000000000000e+00 4.419163537681637943e-01
4.000000000000000000e+00 4.419163537681637943e-01
4.000000000000000000e+00 4.419163537681637943e-01
4.000000000000000000e+00 4.419163537681637943e-01
4.000000000000000000e+00 3.497299900521160243e-01
4.000000000000000000e+00 3.497299900521160243e-01
4.000000000000000000e+00 2.395143730678644112e-01
4.000000000000000000e+00 -9.257660815897855722e-01
4.000000000000000000e+00 -9.257660815897855722e-01
4.000000000000000000e+00 -9.257660815897855722e-01
4.000000000000000000e+00 -9.265917330870914181e-01
4.000000000000000000e+00 -1.006141803607893292e+00
4.000000000000000000e+00 -1.006141803607893292e+00
4.000000000000000000e+00 -1.006141803607893292e+00
4.000000000000000000e+00 -1.055585706047482475e+00
4.000000000000000000e+00 -1.101346074688511090e+00
4.000000000000000000e+00 -1.101346074688511090e+00
4.000000000000000000e+00 -1.101346074688511090e+00
4.000000000000000000e+00 -1.101346074688511090e+00
4.000000000000000000e+00 -1.101346074688511090e+00
