6.949510141845811079e-310 3.508486631924027069e-316
0.000000000000000000e+00 1.065757352118958323e+01
0.000000000000000000e+00 1.065757352118958323e+01
0.000000000000000000e+00 1.065757352118958323e+01
0.000000000000000000e+00 1.065757352118958323e+01
0.000000000000000000e+00 1.065757352118958323e+01
0.000000000000000000e+00 1.065757352118958323e+01
0.000000000000000000e+00 1.065757352118958323e+01
0.000000000000000000e+00 1.065757352118958323e+01
0.000000000000000000e+00 1.065757352118958323e+01
0.000000000000000000e+00 1.065757352118958323e+01
0.000000000000000000e+00 1.065757352118958323e+01
0.000000000000000000e+00 4.791167134287140250e+00
0.000000000000000000e+00 4.791167134287140250e+00
0.000000000000000000e+00 2.398974028051048091e+00
0.000000000000000000e+00 1.228254577321319596e+00
0.000000000000000000e+00 1.228254577321319596e+00
0.000000000000000000e+00 1.228254577321319596e+00
0.000000000000000000e+00 1.228254577321319596e+00
0.000000000000000000e+00 7.882596004378974452e-01
0.000000000000000000e+00 3.973795570505068708e-01
0.000000000000000000e+00 3.973795570505068708e-01
0.000000000000000000e+00 3.973795570505068708e-01
0.000000000000000000e+00 3.973795570505068708e-01
0.000000000000000000e+00 3.973795570505068708e-01
0.000000000000000000e+00 3.973795570505068708e-01
0.000000000000000000e+00 3.973795570505068708e-01
0.000000000000000000e+00 3.973795570505068708e-01
0.000000000000000000e+00 3.973795570505068708e-01
0.000000000000000000e+00 3.973795570505068708e-01
0.000000000000000000e+00 3.973795570505068708e-01
1.000000000000000000e+00 7.480449634511870727e+01
1.000000000000000000e+00 7.569364552874442431e+00
1.000000000000000000e+00 7.569364552874442431e+00
1.000000000000000000e+00 3.892451595654535357e+00
1.000000000000000000e+00 3.892451595654535357e+00
1.000000000000000000e+00 3.892451595654535357e+00
1.000000000000000000e+00 3.892451595654535357e+00
1.000000000000000000e+00 3.892451595654535357e+00
1.000000000000000000e+00 3.892451595654535357e+00
1.000000000000000000e+00 3.892451595654535357e+00
1.000000000000000000e+00 3.184661001678749104e-01
1.000000000000000000e+00 3.184661001678749104e-01
1.000000000000000000e+00 3.184661001678749104e-01
1.000000000000000000e+00 3.184661001678749104e-01
1.000000000000000000e+00 3.184661001678749104e-01
1.000000000000000000e+00 3.184661001678749104e-01
1.000000000000000000e+00 3.184661001678749104e-01
1.000000000000000000e+00 3.184661001678749104e-01
1.000000000000000000e+00 3.184661001678749104e-01
1.000000000000000000e+00 3.184661001678749104e-01
1.000000000000000000e+00 3.184661001678749104e-01
1.000000000000000000e+00 3.184661001678749104e-01
1.000000000000000000e+00 3.184661001678749104e-01
1.000000000000000000e+00 3.184661001678749104e-01
1.000000000000000000e+00 3.184661001678749104e-01
1.000000000000000000e+00 3.184661001678749104e-01
1.000000000000000000e+00 3.184661001678749104e-01
1.000000000000000000e+00 3.184661001678749104e-01
1.000000000000000000e+00 3.184661001678749104e-01
1.000000000000000000e+00 3.184661001678749104e-01
2.000000000000000000e+00 1.337546474832200261e+01
2.000000000000000000e+00 9.179475836603293359e+00
2.000000000000000000e+00 9.179475836603293359e+00
2.000000000000000000e+00 9.179475836603293359e+00
2.000000000000000000e+00 9.179475836603293359e+00
2.000000000000000000e+00 9.179475836603293359e+00
2.000000000000000000e+00 9.179475836603293359e+00
2.000000000000000000e+00 9.179475836603293359e+00
2.000000000000000000e+00 9.179475836603293359e+00
2.000000000000000000e+00 9.179475836603293359e+00
2.000000000000000000e+00 9.179475836603293359e+00
2.000000000000000000e+00 2.696939188687374589e+00
2.000000000000000000e+00 2.374966613014170669e+00
2.000000000000000000e+00 2.056094106807437871e+00
2.000000000000000000e+00 2.056094106807437871e+00
2.000000000000000000e+00 1.755161514651466970e+00
2.000000000000000000e+00 1.504351322967715898e+00
2.000000000000000000e+00 5.182643130521131791e-01
2.000000000000000000e+00 4.880797626982901205e-01
2.000000000000000000e+00 1.838590345389918834e-01
2.000000000000000000e+00 1.838590345389918834e-01
2.000000000000000000e+00 1.838590345389918834e-01
2.000000000000000000e+00 1.838590345389918834e-01
2.000000000000000000e+00 1.838590345389918834e-01
2.000000000000000000e+00 1.838590345389918834e-01
2.000000000000000000e+00 1.838590345389918834e-01
2.000000000000000000e+00 1.838590345389918834e-01
2.000000000000000000e+00 1.838590345389918834e-01
2.000000000000000000e+00 1.838590345389918834e-01
2.000000000000000000e+00 1.838590345389918834e-01
3.000000000000000000e+00 1.596662808223848344e+02
3.000000000000000000e+00 1.505891205238575203e+01
3.000000000000000000e+00 5.413089630982184097e+00
3.000000000000000000e+00 5.413089630982184097e+00
3.000000000000000000e+00 5.413089630982184097e+00
3.000000000000000000e+00 5.413089630982184097e+00
3.000000000000000000e+00 5.413089630982184097e+00
3.000000000000000000e+00 5.413089630982184097e+00
3.000000000000000000e+00 5.413089630982184097e+00
3.000000000000000000e+00 5.413089630982184097e+00
3.000000000000000000e+00 4.479102629758473952e+00
3.000000000000000000e+00 4.479102629758473952e+00
3.000000000000000000e+00 4.479102629758473952e+00
3.000000000000000000e+00 2.864169662814946449e+00
3.000000000000000000e+00 2.778765951647244492e+00
4.000000000000000000e+00 2.952952277969844630e+01
4.000000000000000000e+00 1.191111211630485300e+01
4.000000000000000000e+00 1.191111211630485300e+01
4.000000000000000000e+00 1.191111211630485300e+01
4.000000000000000000e+00 1.191111211630485300e+01
4.000000000000000000e+00 1.191111211630485300e+01
4.000000000000000000e+00 1.191111211630485300e+01
4.000000000000000000e+00 1.191111211630485300e+01
4.000000000000000000e+00 1.191111211630485300e+01
4.000000000000000000e+00 2.024413731918182968e+00
4.000000000000000000e+00 2.024413731918182968e+00
4.000000000000000000e+00 2.024413731918182968e+00
4.000000000000000000e+00 2.024413731918182968e+00
4.000000000000000000e+00 2.024413731918182968e+00
4.000000000000000000e+00 2.024413731918182968e+00
