6.934290341062453230e-310 2.308632796150409590e-316
0.000000000000000000e+00 8.525432189401853655e-01
0.000000000000000000e+00 8.090473967611110373e-01
0.000000000000000000e+00 2.135203400036317645e-01
0.000000000000000000e+00 2.135203400036317645e-01
0.000000000000000000e+00 2.135203400036317645e-01
0.000000000000000000e+00 2.135203400036317645e-01
0.000000000000000000e+00 2.135203400036317645e-01
0.000000000000000000e+00 5.946393541822433265e-02
0.000000000000000000e+00 5.946393541822433265e-02
0.000000000000000000e+00 5.946393541822433265e-02
0.000000000000000000e+00 5.946393541822433265e-02
0.000000000000000000e+00 -1.176201845454478007e-01
0.000000000000000000e+00 -1.176201845454478007e-01
0.000000000000000000e+00 -1.176201845454478007e-01
0.000000000000000000e+00 -1.176201845454478007e-01
0.000000000000000000e+00 -1.176201845454478007e-01
0.000000000000000000e+00 -1.176201845454478007e-01
0.000000000000000000e+00 -1.176201845454478007e-01
0.000000000000000000e+00 -1.176201845454478007e-01
0.000000000000000000e+00 -1.176201845454478007e-01
0.000000000000000000e+00 -1.176201845454478007e-01
0.000000000000000000e+00 -1.176201845454478007e-01
0.000000000000000000e+00 -1.176201845454478007e-01
0.000000000000000000e+00 -1.176201845454478007e-01
0.000000000000000000e+00 -1.176201845454478007e-01
0.000000000000000000e+00 -1.176201845454478007e-01
0.000000000000000000e+00 -1.176201845454478007e-01
0.000000000000000000e+00 -1.176201845454478007e-01
0.000000000000000000e+00 -1.176201845454478007e-01
0.000000000000000000e+00 -1.176201845454478007e-01
1.000000000000000000e+00 2.353749060732062692e-01
1.000000000000000000e+00 1.136818477744133693e-03
1.000000000000000000e+00 1.136818477744133693e-03
1.000000000000000000e+00 1.136818477744133693e-03
1.000000000000000000e+00 1.136818477744133693e-03
1.000000000000000000e+00 1.136818477744133693e-03
1.000000000000000000e+00 1.136818477744133693e-03
1.000000000000000000e+00 1.136818477744133693e-03
1.000000000000000000e+00 1.136818477744133693e-03
1.000000000000000000e+00 1.136818477744133693e-03
1.000000000000000000e+00 1.136818477744133693e-03
1.000000000000000000e+00 1.136818477744133693e-03
1.000000000000000000e+00 1.136818477744133693e-03
1.000000000000000000e+00 1.136818477744133693e-03
1.000000000000000000e+00 1.136818477744133693e-03
1.000000000000000000e+00 1.136818477744133693e-03
1.000000000000000000e+00 1.136818477744133693e-03
1.000000000000000000e+00 1.136818477744133693e-03
1.000000000000000000e+00 -3.734948248691812023e-02
1.000000000000000000e+00 -3.734948248691812023e-02
1.000000000000000000e+00 -3.734948248691812023e-02
1.000000000000000000e+00 -3.734948248691812023e-02
1.000000000000000000e+00 -3.734948248691812023e-02
1.000000000000000000e+00 -3.734948248691812023e-02
1.000000000000000000e+00 -3.734948248691812023e-02
1.000000000000000000e+00 -1.120892517550310941e-01
1.000000000000000000e+00 -1.120892517550310941e-01
1.000000000000000000e+00 -1.120892517550310941e-01
1.000000000000000000e+00 -1.120892517550310941e-01
1.000000000000000000e+00 -1.499411572470282228e-01
2.000000000000000000e+00 5.635600264959450545e-01
2.000000000000000000e+00 1.356866274483350086e-02
2.000000000000000000e+00 1.356866274483350086e-02
2.000000000000000000e+00 1.356866274483350086e-02
2.000000000000000000e+00 1.356866274483350086e-02
2.000000000000000000e+00 1.356866274483350086e-02
2.000000000000000000e+00 1.356866274483350086e-02
2.000000000000000000e+00 1.356866274483350086e-02
2.000000000000000000e+00 1.356866274483350086e-02
2.000000000000000000e+00 1.356866274483350086e-02
2.000000000000000000e+00 1.356866274483350086e-02
2.000000000000000000e+00 1.356866274483350086e-02
2.000000000000000000e+00 1.356866274483350086e-02
2.000000000000000000e+00 1.356866274483350086e-02
2.000000000000000000e+00 1.356866274483350086e-02
2.000000000000000000e+00 1.356866274483350086e-02
2.000000000000000000e+00 1.356866274483350086e-02
2.000000000000000000e+00 -7.484529524397218192e-02
2.000000000000000000e+00 -7.484529524397218192e-02
2.000000000000000000e+00 -7.484529524397218192e-02
2.000000000000000000e+00 -7.484529524397218192e-02
2.000000000000000000e+00 -7.484529524397218192e-02
2.000000000000000000e+00 -7.484529524397218192e-02
2.000000000000000000e+00 -7.780667129827284478e-02
2.000000000000000000e+00 -7.780667129827284478e-02
2.000000000000000000e+00 -7.780667129827284478e-02
2.000000000000000000e+00 -7.780667129827284478e-02
2.000000000000000000e+00 -7.780667129827284478e-02
2.000000000000000000e+00 -7.780667129827284478e-02
2.000000000000000000e+00 -7.780667129827284478e-02
3.000000000000000000e+00 3.054062312314949068e-01
3.000000000000000000e+00 3.054062312314949068e-01
3.000000000000000000e+00 3.054062312314949068e-01
3.000000000000000000e+00 -2.890191691530785006e-02
3.000000000000000000e+00 -2.890191691530785006e-02
3.000000000000000000e+00 -2.890191691530785006e-02
3.000000000000000000e+00 -2.890191691530785006e-02
3.000000000000000000e+00 -2.890191691530785006e-02
3.000000000000000000e+00 -2.890191691530785006e-02
3.000000000000000000e+00 -2.890191691530785006e-02
3.000000000000000000e+00 -2.890191691530785006e-02
3.000000000000000000e+00 -2.890191691530785006e-02
3.000000000000000000e+00 -2.890191691530785006e-02
3.000000000000000000e+00 -2.890191691530785006e-02
3.000000000000000000e+00 -2.890191691530785006e-02
3.000000000000000000e+00 -2.890191691530785006e-02
3.000000000000000000e+00 -1.177171325821874531e-01
3.000000000000000000e+00 -1.177171325821874531e-01
3.000000000000000000e+00 -1.177171325821874531e-01
3.000000000000000000e+00 -1.177171325821874531e-01
3.000000000000000000e+00 -1.177171325821874531e-01
3.000000000000000000e+00 -1.177171325821874531e-01
3.000000000000000000e+00 -1.177171325821874531e-01
3.000000000000000000e+00 -1.177171325821874531e-01
3.000000000000000000e+00 -1.177171325821874531e-01
3.000000000000000000e+00 -1.177171325821874531e-01
3.000000000000000000e+00 -1.177171325821874531e-01
3.000000000000000000e+00 -1.177171325821874531e-01
3.000000000000000000e+00 -1.177171325821874531e-01
3.000000000000000000e+00 -1.177171325821874531e-01
4.000000000000000000e+00 1.746515547460796014e-01
4.000000000000000000e+00 1.650247356544740432e-02
4.000000000000000000e+00 1.650247356544740432e-02
4.000000000000000000e+00 1.650247356544740432e-02
4.000000000000000000e+00 1.650247356544740432e-02
4.000000000000000000e+00 1.650247356544740432e-02
4.000000000000000000e+00 1.650247356544740432e-02
4.000000000000000000e+00 1.650247356544740432e-02
4.000000000000000000e+00 1.650247356544740432e-02
4.000000000000000000e+00 1.650247356544740432e-02
4.000000000000000000e+00 1.650247356544740432e-02
4.000000000000000000e+00 1.650247356544740432e-02
4.000000000000000000e+00 1.650247356544740432e-02
4.000000000000000000e+00 1.650247356544740432e-02
4.000000000000000000e+00 1.650247356544740432e-02
4.000000000000000000e+00 1.650247356544740432e-02
4.000000000000000000e+00 1.650247356544740432e-02
4.000000000000000000e+00 1.650247356544740432e-02
4.000000000000000000e+00 1.650247356544740432e-02
4.000000000000000000e+00 1.650247356544740432e-02
4.000000000000000000e+00 1.650247356544740432e-02
4.000000000000000000e+00 1.395288812514546527e-02
4.000000000000000000e+00 1.395288812514546527e-02
4.000000000000000000e+00 -1.597378522527811984e-02
4.000000000000000000e+00 -1.597378522527811984e-02
4.000000000000000000e+00 -1.597378522527811984e-02
4.000000000000000000e+00 -8.709629746455074817e-02
4.000000000000000000e+00 -8.709629746455074817e-02
4.000000000000000000e+00 -8.709629746455074817e-02
4.000000000000000000e+00 -1.059258361560908440e-01
