6.915439546316967118e-310 2.943801218928816109e-316
0.000000000000000000e+00 -5.782152186111815695e+00
0.000000000000000000e+00 -6.383442901969552707e+01
0.000000000000000000e+00 -1.940922697094116529e+02
0.000000000000000000e+00 -1.940922697094116529e+02
0.000000000000000000e+00 -1.940922697094116529e+02
0.000000000000000000e+00 -1.940922697094116529e+02
0.000000000000000000e+00 -1.940922697094116529e+02
0.000000000000000000e+00 -1.940922697094116529e+02
0.000000000000000000e+00 -1.940922697094116529e+02
0.000000000000000000e+00 -1.940922697094116529e+02
0.000000000000000000e+00 -1.940922697094116529e+02
0.000000000000000000e+00 -1.940922697094116529e+02
0.000000000000000000e+00 -1.940922697094116529e+02
0.000000000000000000e+00 -2.122190921161372614e+02
0.000000000000000000e+00 -2.122190921161372614e+02
0.000000000000000000e+00 -2.122190921161372614e+02
0.000000000000000000e+00 -2.122190921161372614e+02
0.000000000000000000e+00 -2.122190921161372614e+02
0.000000000000000000e+00 -2.122190921161372614e+02
0.000000000000000000e+00 -2.122190921161372614e+02
0.000000000000000000e+00 -2.122190921161372614e+02
0.000000000000000000e+00 -2.122190921161372614e+02
0.000000000000000000e+00 -2.122190921161372614e+02
0.000000000000000000e+00 -2.122190921161372614e+02
0.000000000000000000e+00 -2.122835493731029146e+02
0.000000000000000000e+00 -2.410630706043133102e+02
0.000000000000000000e+00 -2.410630706043133102e+02
0.000000000000000000e+00 -2.410630706043133102e+02
0.000000000000000000e+00 -2.410630706043133102e+02
0.000000000000000000e+00 -2.410630706043133102e+02
