6.919627387298722553e-310 3.428819534663417747e-316
0.000000000000000000e+00 5.148091016244887852e-01
0.000000000000000000e+00 -1.092596840682404036e+00
0.000000000000000000e+00 -1.092596840682404036e+00
0.000000000000000000e+00 -1.092596840682404036e+00
0.000000000000000000e+00 -1.092596840682404036e+00
0.000000000000000000e+00 -1.092596840682404036e+00
0.000000000000000000e+00 -1.092596840682404036e+00
0.000000000000000000e+00 -1.092596840682404036e+00
0.000000000000000000e+00 -1.092596840682404036e+00
0.000000000000000000e+00 -1.092596840682404036e+00
0.000000000000000000e+00 -1.092596840682404036e+00
0.000000000000000000e+00 -1.092596840682404036e+00
0.000000000000000000e+00 -1.092596840682404036e+00
0.000000000000000000e+00 -1.092596840682404036e+00
0.000000000000000000e+00 -1.092596840682404036e+00
0.000000000000000000e+00 -1.092596840682404036e+00
0.000000000000000000e+00 -1.092596840682404036e+00
0.000000000000000000e+00 -1.092596840682404036e+00
0.000000000000000000e+00 -1.092596840682404036e+00
0.000000000000000000e+00 -1.092596840682404036e+00
0.000000000000000000e+00 -1.092596840682404036e+00
0.000000000000000000e+00 -1.092596840682404036e+00
0.000000000000000000e+00 -1.092596840682404036e+00
0.000000000000000000e+00 -1.092596840682404036e+00
0.000000000000000000e+00 -1.092596840682404036e+00
0.000000000000000000e+00 -1.092596840682404036e+00
0.000000000000000000e+00 -1.092596840682404036e+00
0.000000000000000000e+00 -1.092596840682404036e+00
1.000000000000000000e+00 -2.713750784521219428e-01
1.000000000000000000e+00 -2.713750784521219428e-01
1.000000000000000000e+00 -1.164042676073363092e+00
1.000000000000000000e+00 -1.164042676073363092e+00
1.000000000000000000e+00 -1.164042676073363092e+00
1.000000000000000000e+00 -1.164042676073363092e+00
1.000000000000000000e+00 -1.164042676073363092e+00
1.000000000000000000e+00 -1.164042676073363092e+00
1.000000000000000000e+00 -1.164042676073363092e+00
1.000000000000000000e+00 -1.164042676073363092e+00
1.000000000000000000e+00 -1.164042676073363092e+00
1.000000000000000000e+00 -1.164042676073363092e+00
1.000000000000000000e+00 -1.164042676073363092e+00
1.000000000000000000e+00 -1.164042676073363092e+00
1.000000000000000000e+00 -1.164042676073363092e+00
1.000000000000000000e+00 -1.164042676073363092e+00
1.000000000000000000e+00 -1.164042676073363092e+00
1.000000000000000000e+00 -1.164042676073363092e+00
1.000000000000000000e+00 -1.164042676073363092e+00
1.000000000000000000e+00 -1.164042676073363092e+00
1.000000000000000000e+00 -1.164042676073363092e+00
1.000000000000000000e+00 -1.164042676073363092e+00
1.000000000000000000e+00 -1.164042676073363092e+00
1.000000000000000000e+00 -1.164042676073363092e+00
1.000000000000000000e+00 -1.164042676073363092e+00
1.000000000000000000e+00 -1.164042676073363092e+00
1.000000000000000000e+00 -1.164042676073363092e+00
1.000000000000000000e+00 -1.164042676073363092e+00
2.000000000000000000e+00 -5.853395721244980532e-01
2.000000000000000000e+00 -5.853395721244980532e-01
2.000000000000000000e+00 -6.013213802648211814e-01
2.000000000000000000e+00 -6.013213802648211814e-01
2.000000000000000000e+00 -8.844453955679026924e-01
2.000000000000000000e+00 -8.844453955679026924e-01
2.000000000000000000e+00 -8.844453955679026924e-01
2.000000000000000000e+00 -8.844453955679026924e-01
2.000000000000000000e+00 -8.844453955679026924e-01
2.000000000000000000e+00 -8.844453955679026924e-01
2.000000000000000000e+00 -8.844453955679026924e-01
2.000000000000000000e+00 -8.844453955679026924e-01
2.000000000000000000e+00 -8.844453955679026924e-01
2.000000000000000000e+00 -8.844453955679026924e-01
2.000000000000000000e+00 -8.844453955679026924e-01
2.000000000000000000e+00 -8.844453955679026924e-01
2.000000000000000000e+00 -8.844453955679026924e-01
2.000000000000000000e+00 -8.844453955679026924e-01
2.000000000000000000e+00 -8.844453955679026924e-01
2.000000000000000000e+00 -8.844453955679026924e-01
2.000000000000000000e+00 -8.844453955679026924e-01
2.000000000000000000e+00 -8.844453955679026924e-01
2.000000000000000000e+00 -8.844453955679026924e-01
2.000000000000000000e+00 -8.844453955679026924e-01
2.000000000000000000e+00 -8.844453955679026924e-01
2.000000000000000000e+00 -8.844453955679026924e-01
2.000000000000000000e+00 -8.844453955679026924e-01
2.000000000000000000e+00 -1.528265805584864800e+00
3.000000000000000000e+00 -6.152891435647049878e-01
3.000000000000000000e+00 -6.152891435647049878e-01
3.000000000000000000e+00 -6.152891435647049878e-01
3.000000000000000000e+00 -8.871157578430313162e-01
3.000000000000000000e+00 -8.871157578430313162e-01
3.000000000000000000e+00 -8.871157578430313162e-01
3.000000000000000000e+00 -8.871157578430313162e-01
3.000000000000000000e+00 -8.871157578430313162e-01
3.000000000000000000e+00 -8.871157578430313162e-01
3.000000000000000000e+00 -8.871157578430313162e-01
3.000000000000000000e+00 -8.871157578430313162e-01
3.000000000000000000e+00 -8.871157578430313162e-01
3.000000000000000000e+00 -8.871157578430313162e-01
3.000000000000000000e+00 -8.871157578430313162e-01
3.000000000000000000e+00 -8.871157578430313162e-01
3.000000000000000000e+00 -8.871157578430313162e-01
3.000000000000000000e+00 -8.871157578430313162e-01
3.000000000000000000e+00 -8.871157578430313162e-01
3.000000000000000000e+00 -8.871157578430313162e-01
3.000000000000000000e+00 -8.871157578430313162e-01
3.000000000000000000e+00 -1.190935370014136518e+00
3.000000000000000000e+00 -1.190935370014136518e+00
3.000000000000000000e+00 -1.190935370014136518e+00
3.000000000000000000e+00 -1.190935370014136518e+00
3.000000000000000000e+00 -1.190935370014136518e+00
3.000000000000000000e+00 -1.190935370014136518e+00
3.000000000000000000e+00 -1.190935370014136518e+00
3.000000000000000000e+00 -1.190935370014136518e+00
4.000000000000000000e+00 3.250423329450496945e-02
4.000000000000000000e+00 -5.362973801700389176e-01
4.000000000000000000e+00 -5.362973801700389176e-01
4.000000000000000000e+00 -5.362973801700389176e-01
4.000000000000000000e+00 -9.687964975692816560e-01
4.000000000000000000e+00 -9.687964975692816560e-01
4.000000000000000000e+00 -1.318169972323255834e+00
4.000000000000000000e+00 -1.318169972323255834e+00
4.000000000000000000e+00 -1.318169972323255834e+00
4.000000000000000000e+00 -1.318169972323255834e+00
4.000000000000000000e+00 -1.318169972323255834e+00
4.000000000000000000e+00 -1.318169972323255834e+00
4.000000000000000000e+00 -1.318169972323255834e+00
4.000000000000000000e+00 -1.318169972323255834e+00
4.000000000000000000e+00 -1.318169972323255834e+00
4.000000000000000000e+00 -1.318169972323255834e+00
4.000000000000000000e+00 -1.318169972323255834e+00
4.000000000000000000e+00 -1.318169972323255834e+00
4.000000000000000000e+00 -1.318169972323255834e+00
4.000000000000000000e+00 -1.318169972323255834e+00
4.000000000000000000e+00 -1.318169972323255834e+00
4.000000000000000000e+00 -1.318169972323255834e+00
4.000000000000000000e+00 -1.318169972323255834e+00
4.000000000000000000e+00 -1.318169972323255834e+00
4.000000000000000000e+00 -1.318169972323255834e+00
4.000000000000000000e+00 -1.318169972323255834e+00
4.000000000000000000e+00 -1.318169972323255834e+00
4.000000000000000000e+00 -1.318169972323255834e+00
5.000000000000000000e+00 -1.108073014545180923e+00
5.000000000000000000e+00 -1.108073014545180923e+00
5.000000000000000000e+00 -1.108073014545180923e+00
5.000000000000000000e+00 -1.108073014545180923e+00
5.000000000000000000e+00 -1.108073014545180923e+00
5.000000000000000000e+00 -1.108073014545180923e+00
5.000000000000000000e+00 -1.108073014545180923e+00
5.000000000000000000e+00 -1.108073014545180923e+00
5.000000000000000000e+00 -1.108073014545180923e+00
5.000000000000000000e+00 -1.108073014545180923e+00
5.000000000000000000e+00 -1.108073014545180923e+00
5.000000000000000000e+00 -1.108073014545180923e+00
5.000000000000000000e+00 -1.108073014545180923e+00
5.000000000000000000e+00 -1.108073014545180923e+00
5.000000000000000000e+00 -1.108073014545180923e+00
5.000000000000000000e+00 -1.108073014545180923e+00
5.000000000000000000e+00 -1.108073014545180923e+00
5.000000000000000000e+00 -1.108073014545180923e+00
5.000000000000000000e+00 -1.108073014545180923e+00
5.000000000000000000e+00 -1.108073014545180923e+00
5.000000000000000000e+00 -1.108073014545180923e+00
5.000000000000000000e+00 -1.108073014545180923e+00
5.000000000000000000e+00 -1.108073014545180923e+00
5.000000000000000000e+00 -1.108073014545180923e+00
5.000000000000000000e+00 -1.108073014545180923e+00
5.000000000000000000e+00 -1.108073014545180923e+00
5.000000000000000000e+00 -1.108073014545180923e+00
5.000000000000000000e+00 -1.342830122216274846e+00
6.000000000000000000e+00 -9.704198844463444162e-01
6.000000000000000000e+00 -9.704198844463444162e-01
6.000000000000000000e+00 -9.704198844463444162e-01
6.000000000000000000e+00 -9.704198844463444162e-01
6.000000000000000000e+00 -9.704198844463444162e-01
6.000000000000000000e+00 -9.704198844463444162e-01
6.000000000000000000e+00 -9.704198844463444162e-01
6.000000000000000000e+00 -9.704198844463444162e-01
6.000000000000000000e+00 -9.704198844463444162e-01
6.000000000000000000e+00 -9.704198844463444162e-01
6.000000000000000000e+00 -9.704198844463444162e-01
6.000000000000000000e+00 -9.704198844463444162e-01
6.000000000000000000e+00 -9.704198844463444162e-01
6.000000000000000000e+00 -9.704198844463444162e-01
6.000000000000000000e+00 -9.704198844463444162e-01
6.000000000000000000e+00 -9.704198844463444162e-01
6.000000000000000000e+00 -9.704198844463444162e-01
6.000000000000000000e+00 -9.704198844463444162e-01
6.000000000000000000e+00 -9.704198844463444162e-01
6.000000000000000000e+00 -9.704198844463444162e-01
6.000000000000000000e+00 -9.704198844463444162e-01
6.000000000000000000e+00 -9.704198844463444162e-01
6.000000000000000000e+00 -9.704198844463444162e-01
6.000000000000000000e+00 -9.704198844463444162e-01
6.000000000000000000e+00 -9.704198844463444162e-01
6.000000000000000000e+00 -9.704198844463444162e-01
6.000000000000000000e+00 -9.704198844463444162e-01
6.000000000000000000e+00 -9.704198844463444162e-01
7.000000000000000000e+00 -2.075662300218011902e-01
7.000000000000000000e+00 -2.075662300218011902e-01
7.000000000000000000e+00 -5.852312611888516036e-01
7.000000000000000000e+00 -5.852312611888516036e-01
7.000000000000000000e+00 -1.874293385424005143e+00
7.000000000000000000e+00 -1.874293385424005143e+00
7.000000000000000000e+00 -1.874293385424005143e+00
7.000000000000000000e+00 -1.874293385424005143e+00
7.000000000000000000e+00 -1.874293385424005143e+00
7.000000000000000000e+00 -1.874293385424005143e+00
7.000000000000000000e+00 -1.874293385424005143e+00
7.000000000000000000e+00 -1.874293385424005143e+00
7.000000000000000000e+00 -1.874293385424005143e+00
7.000000000000000000e+00 -1.874293385424005143e+00
7.000000000000000000e+00 -1.874293385424005143e+00
7.000000000000000000e+00 -1.874293385424005143e+00
7.000000000000000000e+00 -1.874293385424005143e+00
7.000000000000000000e+00 -1.874293385424005143e+00
7.000000000000000000e+00 -1.874293385424005143e+00
7.000000000000000000e+00 -1.874293385424005143e+00
7.000000000000000000e+00 -1.874293385424005143e+00
7.000000000000000000e+00 -1.874293385424005143e+00
7.000000000000000000e+00 -1.874293385424005143e+00
7.000000000000000000e+00 -1.874293385424005143e+00
7.000000000000000000e+00 -1.874293385424005143e+00
7.000000000000000000e+00 -1.874293385424005143e+00
7.000000000000000000e+00 -1.874293385424005143e+00
7.000000000000000000e+00 -1.874293385424005143e+00
8.000000000000000000e+00 -3.823978031840633562e-01
8.000000000000000000e+00 -7.802109602764826235e-01
8.000000000000000000e+00 -7.802109602764826235e-01
8.000000000000000000e+00 -1.087693721435978755e+00
8.000000000000000000e+00 -1.087693721435978755e+00
8.000000000000000000e+00 -1.261114300580368885e+00
8.000000000000000000e+00 -1.261114300580368885e+00
8.000000000000000000e+00 -1.261114300580368885e+00
8.000000000000000000e+00 -1.261114300580368885e+00
8.000000000000000000e+00 -1.261114300580368885e+00
8.000000000000000000e+00 -1.261114300580368885e+00
8.000000000000000000e+00 -1.261114300580368885e+00
8.000000000000000000e+00 -1.261114300580368885e+00
8.000000000000000000e+00 -1.261114300580368885e+00
8.000000000000000000e+00 -1.261114300580368885e+00
8.000000000000000000e+00 -1.261114300580368885e+00
8.000000000000000000e+00 -1.261114300580368885e+00
8.000000000000000000e+00 -1.261114300580368885e+00
8.000000000000000000e+00 -1.261114300580368885e+00
8.000000000000000000e+00 -1.261114300580368885e+00
8.000000000000000000e+00 -1.261114300580368885e+00
8.000000000000000000e+00 -1.261114300580368885e+00
8.000000000000000000e+00 -1.261114300580368885e+00
8.000000000000000000e+00 -1.261114300580368885e+00
8.000000000000000000e+00 -1.261114300580368885e+00
8.000000000000000000e+00 -1.261114300580368885e+00
8.000000000000000000e+00 -1.261114300580368885e+00
8.000000000000000000e+00 -1.261114300580368885e+00
9.000000000000000000e+00 -4.595033228303541106e-02
9.000000000000000000e+00 -6.701886195318618178e-01
9.000000000000000000e+00 -6.701886195318618178e-01
9.000000000000000000e+00 -8.024488773973643685e-01
9.000000000000000000e+00 -8.024488773973643685e-01
9.000000000000000000e+00 -8.024488773973643685e-01
9.000000000000000000e+00 -8.024488773973643685e-01
9.000000000000000000e+00 -8.024488773973643685e-01
9.000000000000000000e+00 -8.024488773973643685e-01
9.000000000000000000e+00 -8.024488773973643685e-01
9.000000000000000000e+00 -8.024488773973643685e-01
9.000000000000000000e+00 -8.024488773973643685e-01
9.000000000000000000e+00 -8.024488773973643685e-01
9.000000000000000000e+00 -8.024488773973643685e-01
9.000000000000000000e+00 -8.024488773973643685e-01
9.000000000000000000e+00 -8.024488773973643685e-01
9.000000000000000000e+00 -8.024488773973643685e-01
9.000000000000000000e+00 -8.024488773973643685e-01
9.000000000000000000e+00 -1.213267365902171990e+00
9.000000000000000000e+00 -1.213267365902171990e+00
9.000000000000000000e+00 -1.213267365902171990e+00
9.000000000000000000e+00 -1.213267365902171990e+00
9.000000000000000000e+00 -1.213267365902171990e+00
9.000000000000000000e+00 -1.213267365902171990e+00
9.000000000000000000e+00 -1.213267365902171990e+00
9.000000000000000000e+00 -1.213267365902171990e+00
9.000000000000000000e+00 -1.213267365902171990e+00
9.000000000000000000e+00 -1.213267365902171990e+00
1.000000000000000000e+01 -5.475665053978829855e-01
1.000000000000000000e+01 -6.939743615290223655e-01
1.000000000000000000e+01 -1.360682625007837876e+00
1.000000000000000000e+01 -1.360682625007837876e+00
1.000000000000000000e+01 -1.360682625007837876e+00
1.000000000000000000e+01 -1.360682625007837876e+00
1.000000000000000000e+01 -1.360682625007837876e+00
1.000000000000000000e+01 -1.360682625007837876e+00
1.000000000000000000e+01 -1.360682625007837876e+00
1.000000000000000000e+01 -1.360682625007837876e+00
1.000000000000000000e+01 -1.360682625007837876e+00
1.000000000000000000e+01 -1.360682625007837876e+00
1.000000000000000000e+01 -1.360682625007837876e+00
1.000000000000000000e+01 -1.360682625007837876e+00
1.000000000000000000e+01 -1.360682625007837876e+00
1.000000000000000000e+01 -1.360682625007837876e+00
1.000000000000000000e+01 -1.360682625007837876e+00
1.000000000000000000e+01 -1.360682625007837876e+00
1.000000000000000000e+01 -1.360682625007837876e+00
1.000000000000000000e+01 -1.360682625007837876e+00
1.000000000000000000e+01 -1.360682625007837876e+00
1.000000000000000000e+01 -1.360682625007837876e+00
1.000000000000000000e+01 -1.360682625007837876e+00
1.000000000000000000e+01 -1.360682625007837876e+00
1.000000000000000000e+01 -1.360682625007837876e+00
1.000000000000000000e+01 -1.360682625007837876e+00
1.000000000000000000e+01 -1.360682625007837876e+00
1.000000000000000000e+01 -1.360682625007837876e+00
1.100000000000000000e+01 5.621646121379495487e-01
1.100000000000000000e+01 -5.332089280075307247e-01
1.100000000000000000e+01 -6.001790205632442365e-01
1.100000000000000000e+01 -6.001790205632442365e-01
1.100000000000000000e+01 -1.210793597487312301e+00
1.100000000000000000e+01 -1.210793597487312301e+00
1.100000000000000000e+01 -1.210793597487312301e+00
1.100000000000000000e+01 -1.210793597487312301e+00
1.100000000000000000e+01 -1.210793597487312301e+00
1.100000000000000000e+01 -1.210793597487312301e+00
1.100000000000000000e+01 -1.210793597487312301e+00
1.100000000000000000e+01 -1.210793597487312301e+00
1.100000000000000000e+01 -1.210793597487312301e+00
1.100000000000000000e+01 -1.210793597487312301e+00
1.100000000000000000e+01 -1.210793597487312301e+00
1.100000000000000000e+01 -1.210793597487312301e+00
1.100000000000000000e+01 -1.210793597487312301e+00
1.100000000000000000e+01 -1.210793597487312301e+00
1.100000000000000000e+01 -1.210793597487312301e+00
1.100000000000000000e+01 -1.210793597487312301e+00
1.100000000000000000e+01 -1.210793597487312301e+00
1.100000000000000000e+01 -1.210793597487312301e+00
1.100000000000000000e+01 -1.210793597487312301e+00
1.100000000000000000e+01 -1.210793597487312301e+00
1.100000000000000000e+01 -1.210793597487312301e+00
1.100000000000000000e+01 -1.210793597487312301e+00
1.100000000000000000e+01 -1.210793597487312301e+00
1.100000000000000000e+01 -1.210793597487312301e+00
1.200000000000000000e+01 -1.145417669121542747e+00
1.200000000000000000e+01 -1.145417669121542747e+00
1.200000000000000000e+01 -1.145417669121542747e+00
1.200000000000000000e+01 -1.145417669121542747e+00
1.200000000000000000e+01 -1.145417669121542747e+00
1.200000000000000000e+01 -1.145417669121542747e+00
1.200000000000000000e+01 -1.145417669121542747e+00
1.200000000000000000e+01 -1.145417669121542747e+00
1.200000000000000000e+01 -1.145417669121542747e+00
1.200000000000000000e+01 -1.145417669121542747e+00
1.200000000000000000e+01 -1.145417669121542747e+00
1.200000000000000000e+01 -1.145417669121542747e+00
1.200000000000000000e+01 -1.145417669121542747e+00
1.200000000000000000e+01 -1.145417669121542747e+00
1.200000000000000000e+01 -1.145417669121542747e+00
1.200000000000000000e+01 -1.145417669121542747e+00
1.200000000000000000e+01 -1.145417669121542747e+00
1.200000000000000000e+01 -1.145417669121542747e+00
1.200000000000000000e+01 -1.145417669121542747e+00
1.200000000000000000e+01 -1.145417669121542747e+00
1.200000000000000000e+01 -1.145417669121542747e+00
1.200000000000000000e+01 -1.145417669121542747e+00
1.200000000000000000e+01 -1.145417669121542747e+00
1.200000000000000000e+01 -1.145417669121542747e+00
1.200000000000000000e+01 -1.145417669121542747e+00
1.200000000000000000e+01 -1.145417669121542747e+00
1.200000000000000000e+01 -1.145417669121542747e+00
1.200000000000000000e+01 -1.145417669121542747e+00
1.300000000000000000e+01 -5.040930291017891030e-01
1.300000000000000000e+01 -5.040930291017891030e-01
1.300000000000000000e+01 -8.679864661222653766e-01
1.300000000000000000e+01 -8.679864661222653766e-01
1.300000000000000000e+01 -8.679864661222653766e-01
1.300000000000000000e+01 -8.679864661222653766e-01
1.300000000000000000e+01 -1.405459168603430342e+00
1.300000000000000000e+01 -1.405459168603430342e+00
1.300000000000000000e+01 -1.405459168603430342e+00
1.300000000000000000e+01 -1.405459168603430342e+00
1.300000000000000000e+01 -1.405459168603430342e+00
1.300000000000000000e+01 -1.405459168603430342e+00
1.300000000000000000e+01 -1.405459168603430342e+00
1.300000000000000000e+01 -1.405459168603430342e+00
1.300000000000000000e+01 -1.405459168603430342e+00
1.300000000000000000e+01 -1.405459168603430342e+00
1.300000000000000000e+01 -1.405459168603430342e+00
1.300000000000000000e+01 -1.405459168603430342e+00
1.300000000000000000e+01 -1.405459168603430342e+00
1.300000000000000000e+01 -1.405459168603430342e+00
1.300000000000000000e+01 -1.405459168603430342e+00
1.300000000000000000e+01 -1.405459168603430342e+00
1.300000000000000000e+01 -1.405459168603430342e+00
1.300000000000000000e+01 -1.405459168603430342e+00
1.300000000000000000e+01 -1.405459168603430342e+00
1.300000000000000000e+01 -1.405459168603430342e+00
1.300000000000000000e+01 -1.405459168603430342e+00
1.300000000000000000e+01 -1.405459168603430342e+00
1.400000000000000000e+01 -7.226216132620664201e-01
1.400000000000000000e+01 -7.226216132620664201e-01
1.400000000000000000e+01 -9.963869437977170840e-01
1.400000000000000000e+01 -9.963869437977170840e-01
1.400000000000000000e+01 -1.083173897633112670e+00
1.400000000000000000e+01 -1.083173897633112670e+00
1.400000000000000000e+01 -1.083173897633112670e+00
1.400000000000000000e+01 -1.083173897633112670e+00
1.400000000000000000e+01 -1.083173897633112670e+00
1.400000000000000000e+01 -1.083173897633112670e+00
1.400000000000000000e+01 -1.083173897633112670e+00
1.400000000000000000e+01 -1.083173897633112670e+00
1.400000000000000000e+01 -1.083173897633112670e+00
1.400000000000000000e+01 -1.083173897633112670e+00
1.400000000000000000e+01 -1.083173897633112670e+00
1.400000000000000000e+01 -1.083173897633112670e+00
1.400000000000000000e+01 -1.083173897633112670e+00
1.400000000000000000e+01 -1.083173897633112670e+00
1.400000000000000000e+01 -1.083173897633112670e+00
1.400000000000000000e+01 -1.083173897633112670e+00
1.400000000000000000e+01 -1.083173897633112670e+00
1.400000000000000000e+01 -1.083173897633112670e+00
1.400000000000000000e+01 -1.083173897633112670e+00
1.400000000000000000e+01 -1.083173897633112670e+00
1.400000000000000000e+01 -1.083173897633112670e+00
1.400000000000000000e+01 -1.083173897633112670e+00
1.400000000000000000e+01 -1.083173897633112670e+00
1.400000000000000000e+01 -1.727619958166205727e+00
1.500000000000000000e+01 -8.211157832899159681e-01
1.500000000000000000e+01 -8.211157832899159681e-01
1.500000000000000000e+01 -8.211157832899159681e-01
1.500000000000000000e+01 -8.211157832899159681e-01
1.500000000000000000e+01 -8.211157832899159681e-01
1.500000000000000000e+01 -8.211157832899159681e-01
1.500000000000000000e+01 -8.211157832899159681e-01
1.500000000000000000e+01 -8.211157832899159681e-01
1.500000000000000000e+01 -8.211157832899159681e-01
1.500000000000000000e+01 -8.211157832899159681e-01
1.500000000000000000e+01 -8.211157832899159681e-01
1.500000000000000000e+01 -8.211157832899159681e-01
1.500000000000000000e+01 -8.211157832899159681e-01
1.500000000000000000e+01 -8.211157832899159681e-01
1.500000000000000000e+01 -8.211157832899159681e-01
1.500000000000000000e+01 -8.211157832899159681e-01
1.500000000000000000e+01 -8.211157832899159681e-01
1.500000000000000000e+01 -8.211157832899159681e-01
1.500000000000000000e+01 -8.211157832899159681e-01
1.500000000000000000e+01 -8.211157832899159681e-01
1.500000000000000000e+01 -8.211157832899159681e-01
1.500000000000000000e+01 -8.211157832899159681e-01
1.500000000000000000e+01 -8.211157832899159681e-01
1.500000000000000000e+01 -8.211157832899159681e-01
1.500000000000000000e+01 -8.211157832899159681e-01
1.500000000000000000e+01 -8.211157832899159681e-01
1.500000000000000000e+01 -8.211157832899159681e-01
1.500000000000000000e+01 -8.211157832899159681e-01
1.600000000000000000e+01 -6.965525592113087638e-01
1.600000000000000000e+01 -6.965525592113087638e-01
1.600000000000000000e+01 -9.540024715794093169e-01
1.600000000000000000e+01 -9.540024715794093169e-01
1.600000000000000000e+01 -9.540024715794093169e-01
1.600000000000000000e+01 -9.540024715794093169e-01
1.600000000000000000e+01 -9.540024715794093169e-01
1.600000000000000000e+01 -9.540024715794093169e-01
1.600000000000000000e+01 -9.540024715794093169e-01
1.600000000000000000e+01 -9.540024715794093169e-01
1.600000000000000000e+01 -9.540024715794093169e-01
1.600000000000000000e+01 -9.663596202208802888e-01
1.600000000000000000e+01 -9.663596202208802888e-01
1.600000000000000000e+01 -9.663596202208802888e-01
1.600000000000000000e+01 -9.663596202208802888e-01
1.600000000000000000e+01 -9.663596202208802888e-01
1.600000000000000000e+01 -1.514051422425385818e+00
1.600000000000000000e+01 -1.514051422425385818e+00
1.600000000000000000e+01 -1.514051422425385818e+00
1.600000000000000000e+01 -1.514051422425385818e+00
1.600000000000000000e+01 -1.514051422425385818e+00
1.600000000000000000e+01 -1.514051422425385818e+00
1.600000000000000000e+01 -1.514051422425385818e+00
1.600000000000000000e+01 -1.514051422425385818e+00
1.600000000000000000e+01 -1.514051422425385818e+00
1.600000000000000000e+01 -1.514051422425385818e+00
1.600000000000000000e+01 -1.514051422425385818e+00
1.600000000000000000e+01 -1.514051422425385818e+00
1.700000000000000000e+01 -1.156380023738883267e+00
1.700000000000000000e+01 -1.156380023738883267e+00
1.700000000000000000e+01 -1.156380023738883267e+00
1.700000000000000000e+01 -1.156380023738883267e+00
1.700000000000000000e+01 -1.156380023738883267e+00
1.700000000000000000e+01 -1.156380023738883267e+00
1.700000000000000000e+01 -1.156380023738883267e+00
1.700000000000000000e+01 -1.156380023738883267e+00
1.700000000000000000e+01 -1.156380023738883267e+00
1.700000000000000000e+01 -1.156380023738883267e+00
1.700000000000000000e+01 -1.156380023738883267e+00
1.700000000000000000e+01 -1.156380023738883267e+00
1.700000000000000000e+01 -1.156380023738883267e+00
1.700000000000000000e+01 -1.156380023738883267e+00
1.700000000000000000e+01 -1.156380023738883267e+00
1.700000000000000000e+01 -1.156380023738883267e+00
1.700000000000000000e+01 -1.156380023738883267e+00
1.700000000000000000e+01 -1.156380023738883267e+00
1.700000000000000000e+01 -1.156380023738883267e+00
1.700000000000000000e+01 -1.156380023738883267e+00
1.700000000000000000e+01 -1.156380023738883267e+00
1.700000000000000000e+01 -1.156380023738883267e+00
1.700000000000000000e+01 -1.156380023738883267e+00
1.700000000000000000e+01 -1.156380023738883267e+00
1.700000000000000000e+01 -1.156380023738883267e+00
1.700000000000000000e+01 -1.156380023738883267e+00
1.700000000000000000e+01 -1.156380023738883267e+00
1.700000000000000000e+01 -1.434475684577202204e+00
1.800000000000000000e+01 -1.413109676571780993e+00
1.800000000000000000e+01 -1.413109676571780993e+00
1.800000000000000000e+01 -1.413109676571780993e+00
1.800000000000000000e+01 -1.413109676571780993e+00
1.800000000000000000e+01 -1.413109676571780993e+00
1.800000000000000000e+01 -1.413109676571780993e+00
1.800000000000000000e+01 -1.413109676571780993e+00
1.800000000000000000e+01 -1.413109676571780993e+00
1.800000000000000000e+01 -1.413109676571780993e+00
1.800000000000000000e+01 -1.413109676571780993e+00
1.800000000000000000e+01 -1.413109676571780993e+00
1.800000000000000000e+01 -1.413109676571780993e+00
1.800000000000000000e+01 -1.413109676571780993e+00
1.800000000000000000e+01 -1.413109676571780993e+00
1.800000000000000000e+01 -1.413109676571780993e+00
1.800000000000000000e+01 -1.413109676571780993e+00
1.800000000000000000e+01 -1.413109676571780993e+00
1.800000000000000000e+01 -1.413109676571780993e+00
1.800000000000000000e+01 -1.413109676571780993e+00
1.800000000000000000e+01 -1.413109676571780993e+00
1.800000000000000000e+01 -1.413109676571780993e+00
1.800000000000000000e+01 -1.413109676571780993e+00
1.800000000000000000e+01 -1.413109676571780993e+00
1.800000000000000000e+01 -1.413109676571780993e+00
1.800000000000000000e+01 -1.413109676571780993e+00
1.800000000000000000e+01 -1.413109676571780993e+00
1.800000000000000000e+01 -1.413109676571780993e+00
1.800000000000000000e+01 -1.413109676571780993e+00
1.900000000000000000e+01 -5.222358494868332146e-01
1.900000000000000000e+01 -5.222358494868332146e-01
1.900000000000000000e+01 -5.222358494868332146e-01
1.900000000000000000e+01 -5.728089820758939243e-01
1.900000000000000000e+01 -8.867930855781460675e-01
1.900000000000000000e+01 -8.867930855781460675e-01
1.900000000000000000e+01 -8.867930855781460675e-01
1.900000000000000000e+01 -8.867930855781460675e-01
1.900000000000000000e+01 -8.867930855781460675e-01
1.900000000000000000e+01 -8.867930855781460675e-01
1.900000000000000000e+01 -8.867930855781460675e-01
1.900000000000000000e+01 -8.867930855781460675e-01
1.900000000000000000e+01 -8.867930855781460675e-01
1.900000000000000000e+01 -8.867930855781460675e-01
1.900000000000000000e+01 -8.867930855781460675e-01
1.900000000000000000e+01 -8.867930855781460675e-01
1.900000000000000000e+01 -8.867930855781460675e-01
1.900000000000000000e+01 -8.867930855781460675e-01
1.900000000000000000e+01 -8.867930855781460675e-01
1.900000000000000000e+01 -8.867930855781460675e-01
1.900000000000000000e+01 -8.867930855781460675e-01
1.900000000000000000e+01 -8.867930855781460675e-01
1.900000000000000000e+01 -8.867930855781460675e-01
1.900000000000000000e+01 -8.867930855781460675e-01
1.900000000000000000e+01 -8.867930855781460675e-01
1.900000000000000000e+01 -8.867930855781460675e-01
1.900000000000000000e+01 -8.867930855781460675e-01
1.900000000000000000e+01 -1.481404799023686270e+00
