6.919627387298722553e-310 3.393938500067025741e-316
0.000000000000000000e+00 5.148091016244887852e-01
0.000000000000000000e+00 -1.092596840682404036e+00
0.000000000000000000e+00 -1.092596840682404036e+00
0.000000000000000000e+00 -1.092596840682404036e+00
0.000000000000000000e+00 -1.092596840682404036e+00
0.000000000000000000e+00 -1.092596840682404036e+00
0.000000000000000000e+00 -1.092596840682404036e+00
0.000000000000000000e+00 -1.092596840682404036e+00
0.000000000000000000e+00 -1.092596840682404036e+00
0.000000000000000000e+00 -1.092596840682404036e+00
0.000000000000000000e+00 -1.187708031307560530e+00
0.000000000000000000e+00 -1.187708031307560530e+00
0.000000000000000000e+00 -1.187708031307560530e+00
0.000000000000000000e+00 -1.187708031307560530e+00
0.000000000000000000e+00 -1.187708031307560530e+00
0.000000000000000000e+00 -1.187708031307560530e+00
0.000000000000000000e+00 -1.187708031307560530e+00
0.000000000000000000e+00 -1.187708031307560530e+00
0.000000000000000000e+00 -1.187708031307560530e+00
0.000000000000000000e+00 -1.187708031307560530e+00
0.000000000000000000e+00 -1.187708031307560530e+00
0.000000000000000000e+00 -1.187708031307560530e+00
0.000000000000000000e+00 -1.187708031307560530e+00
0.000000000000000000e+00 -1.575961514545395126e+00
0.000000000000000000e+00 -1.575961514545395126e+00
0.000000000000000000e+00 -1.575961514545395126e+00
0.000000000000000000e+00 -1.575961514545395126e+00
0.000000000000000000e+00 -1.575961514545395126e+00
1.000000000000000000e+00 -2.713750784521219428e-01
1.000000000000000000e+00 -2.713750784521219428e-01
1.000000000000000000e+00 -1.164042676073363092e+00
1.000000000000000000e+00 -1.164042676073363092e+00
1.000000000000000000e+00 -1.164042676073363092e+00
1.000000000000000000e+00 -1.164042676073363092e+00
1.000000000000000000e+00 -1.164042676073363092e+00
1.000000000000000000e+00 -1.164042676073363092e+00
1.000000000000000000e+00 -1.164042676073363092e+00
1.000000000000000000e+00 -1.164042676073363092e+00
1.000000000000000000e+00 -1.164042676073363092e+00
1.000000000000000000e+00 -1.164042676073363092e+00
1.000000000000000000e+00 -1.164042676073363092e+00
1.000000000000000000e+00 -1.164042676073363092e+00
1.000000000000000000e+00 -1.164042676073363092e+00
1.000000000000000000e+00 -1.164042676073363092e+00
1.000000000000000000e+00 -1.164042676073363092e+00
1.000000000000000000e+00 -1.291090165486526997e+00
1.000000000000000000e+00 -1.291090165486526997e+00
1.000000000000000000e+00 -1.291090165486526997e+00
1.000000000000000000e+00 -1.291090165486526997e+00
1.000000000000000000e+00 -1.291090165486526997e+00
1.000000000000000000e+00 -1.291090165486526997e+00
1.000000000000000000e+00 -1.291090165486526997e+00
1.000000000000000000e+00 -1.291090165486526997e+00
1.000000000000000000e+00 -1.291090165486526997e+00
1.000000000000000000e+00 -1.291090165486526997e+00
1.000000000000000000e+00 -1.291090165486526997e+00
2.000000000000000000e+00 -5.853395721244980532e-01
2.000000000000000000e+00 -5.853395721244980532e-01
2.000000000000000000e+00 -6.013213802648211814e-01
2.000000000000000000e+00 -6.013213802648211814e-01
2.000000000000000000e+00 -8.844453955679026924e-01
2.000000000000000000e+00 -8.844453955679026924e-01
2.000000000000000000e+00 -8.844453955679026924e-01
2.000000000000000000e+00 -8.844453955679026924e-01
2.000000000000000000e+00 -8.844453955679026924e-01
2.000000000000000000e+00 -8.844453955679026924e-01
2.000000000000000000e+00 -8.844453955679026924e-01
2.000000000000000000e+00 -8.844453955679026924e-01
2.000000000000000000e+00 -8.844453955679026924e-01
2.000000000000000000e+00 -8.844453955679026924e-01
2.000000000000000000e+00 -8.844453955679026924e-01
2.000000000000000000e+00 -8.844453955679026924e-01
2.000000000000000000e+00 -8.844453955679026924e-01
2.000000000000000000e+00 -8.844453955679026924e-01
2.000000000000000000e+00 -8.844453955679026924e-01
2.000000000000000000e+00 -8.844453955679026924e-01
2.000000000000000000e+00 -8.844453955679026924e-01
2.000000000000000000e+00 -8.844453955679026924e-01
2.000000000000000000e+00 -8.844453955679026924e-01
2.000000000000000000e+00 -8.844453955679026924e-01
2.000000000000000000e+00 -8.844453955679026924e-01
2.000000000000000000e+00 -8.844453955679026924e-01
2.000000000000000000e+00 -8.844453955679026924e-01
2.000000000000000000e+00 -8.844453955679026924e-01
3.000000000000000000e+00 -6.152891435647049878e-01
3.000000000000000000e+00 -6.152891435647049878e-01
3.000000000000000000e+00 -6.152891435647049878e-01
3.000000000000000000e+00 -8.871157578430313162e-01
3.000000000000000000e+00 -8.871157578430313162e-01
3.000000000000000000e+00 -8.871157578430313162e-01
3.000000000000000000e+00 -8.871157578430313162e-01
3.000000000000000000e+00 -8.871157578430313162e-01
3.000000000000000000e+00 -8.871157578430313162e-01
3.000000000000000000e+00 -1.250490129636996350e+00
3.000000000000000000e+00 -1.250490129636996350e+00
3.000000000000000000e+00 -1.250490129636996350e+00
3.000000000000000000e+00 -1.250490129636996350e+00
3.000000000000000000e+00 -1.250490129636996350e+00
3.000000000000000000e+00 -1.250490129636996350e+00
3.000000000000000000e+00 -1.250490129636996350e+00
3.000000000000000000e+00 -1.250490129636996350e+00
3.000000000000000000e+00 -1.250490129636996350e+00
3.000000000000000000e+00 -1.250490129636996350e+00
3.000000000000000000e+00 -1.250490129636996350e+00
3.000000000000000000e+00 -1.250490129636996350e+00
3.000000000000000000e+00 -1.250490129636996350e+00
3.000000000000000000e+00 -1.250490129636996350e+00
3.000000000000000000e+00 -1.250490129636996350e+00
3.000000000000000000e+00 -1.250490129636996350e+00
3.000000000000000000e+00 -1.250490129636996350e+00
3.000000000000000000e+00 -1.250490129636996350e+00
3.000000000000000000e+00 -1.250490129636996350e+00
4.000000000000000000e+00 3.250423329450496945e-02
4.000000000000000000e+00 -5.362973801700389176e-01
4.000000000000000000e+00 -5.362973801700389176e-01
4.000000000000000000e+00 -5.362973801700389176e-01
4.000000000000000000e+00 -9.687964975692816560e-01
4.000000000000000000e+00 -9.687964975692816560e-01
4.000000000000000000e+00 -1.318169972323255834e+00
4.000000000000000000e+00 -1.318169972323255834e+00
4.000000000000000000e+00 -1.318169972323255834e+00
4.000000000000000000e+00 -1.318169972323255834e+00
4.000000000000000000e+00 -1.318169972323255834e+00
4.000000000000000000e+00 -1.318169972323255834e+00
4.000000000000000000e+00 -1.318169972323255834e+00
4.000000000000000000e+00 -1.318169972323255834e+00
4.000000000000000000e+00 -1.318169972323255834e+00
4.000000000000000000e+00 -1.318169972323255834e+00
4.000000000000000000e+00 -1.318169972323255834e+00
4.000000000000000000e+00 -1.318169972323255834e+00
4.000000000000000000e+00 -1.318169972323255834e+00
4.000000000000000000e+00 -1.318169972323255834e+00
4.000000000000000000e+00 -1.318169972323255834e+00
4.000000000000000000e+00 -1.318169972323255834e+00
4.000000000000000000e+00 -1.318169972323255834e+00
4.000000000000000000e+00 -1.413322431685894776e+00
4.000000000000000000e+00 -1.413322431685894776e+00
4.000000000000000000e+00 -1.413322431685894776e+00
4.000000000000000000e+00 -1.413322431685894776e+00
4.000000000000000000e+00 -1.413322431685894776e+00
5.000000000000000000e+00 -1.108073014545180923e+00
5.000000000000000000e+00 -1.108073014545180923e+00
5.000000000000000000e+00 -1.108073014545180923e+00
5.000000000000000000e+00 -1.108073014545180923e+00
5.000000000000000000e+00 -1.108073014545180923e+00
5.000000000000000000e+00 -1.108073014545180923e+00
5.000000000000000000e+00 -1.108073014545180923e+00
5.000000000000000000e+00 -1.108073014545180923e+00
5.000000000000000000e+00 -1.108073014545180923e+00
5.000000000000000000e+00 -1.108073014545180923e+00
5.000000000000000000e+00 -1.108073014545180923e+00
5.000000000000000000e+00 -1.108073014545180923e+00
5.000000000000000000e+00 -1.108073014545180923e+00
5.000000000000000000e+00 -1.108073014545180923e+00
5.000000000000000000e+00 -1.108073014545180923e+00
5.000000000000000000e+00 -1.108073014545180923e+00
5.000000000000000000e+00 -1.108073014545180923e+00
5.000000000000000000e+00 -1.127015516276736129e+00
5.000000000000000000e+00 -1.127015516276736129e+00
5.000000000000000000e+00 -1.127015516276736129e+00
5.000000000000000000e+00 -1.127015516276736129e+00
5.000000000000000000e+00 -1.127015516276736129e+00
5.000000000000000000e+00 -1.127015516276736129e+00
5.000000000000000000e+00 -1.127015516276736129e+00
5.000000000000000000e+00 -1.127015516276736129e+00
5.000000000000000000e+00 -1.127015516276736129e+00
5.000000000000000000e+00 -1.127015516276736129e+00
5.000000000000000000e+00 -1.249077612628359590e+00
6.000000000000000000e+00 -9.704198844463444162e-01
6.000000000000000000e+00 -9.704198844463444162e-01
6.000000000000000000e+00 -9.704198844463444162e-01
6.000000000000000000e+00 -9.704198844463444162e-01
6.000000000000000000e+00 -9.704198844463444162e-01
6.000000000000000000e+00 -9.704198844463444162e-01
6.000000000000000000e+00 -9.704198844463444162e-01
6.000000000000000000e+00 -9.704198844463444162e-01
6.000000000000000000e+00 -9.704198844463444162e-01
6.000000000000000000e+00 -1.383810274970391552e+00
6.000000000000000000e+00 -1.383810274970391552e+00
6.000000000000000000e+00 -1.383810274970391552e+00
6.000000000000000000e+00 -1.383810274970391552e+00
6.000000000000000000e+00 -1.383810274970391552e+00
6.000000000000000000e+00 -1.383810274970391552e+00
6.000000000000000000e+00 -1.383810274970391552e+00
6.000000000000000000e+00 -1.383810274970391552e+00
6.000000000000000000e+00 -1.383810274970391552e+00
6.000000000000000000e+00 -1.383810274970391552e+00
6.000000000000000000e+00 -1.383810274970391552e+00
6.000000000000000000e+00 -1.383810274970391552e+00
6.000000000000000000e+00 -1.383810274970391552e+00
6.000000000000000000e+00 -1.383810274970391552e+00
6.000000000000000000e+00 -1.383810274970391552e+00
6.000000000000000000e+00 -1.383810274970391552e+00
6.000000000000000000e+00 -1.383810274970391552e+00
6.000000000000000000e+00 -1.383810274970391552e+00
6.000000000000000000e+00 -1.651103847408860625e+00
7.000000000000000000e+00 -2.075662300218011902e-01
7.000000000000000000e+00 -2.075662300218011902e-01
7.000000000000000000e+00 -5.852312611888516036e-01
7.000000000000000000e+00 -5.852312611888516036e-01
7.000000000000000000e+00 -1.874293385424005143e+00
7.000000000000000000e+00 -1.874293385424005143e+00
7.000000000000000000e+00 -1.874293385424005143e+00
7.000000000000000000e+00 -1.874293385424005143e+00
7.000000000000000000e+00 -1.874293385424005143e+00
7.000000000000000000e+00 -1.874293385424005143e+00
7.000000000000000000e+00 -1.874293385424005143e+00
7.000000000000000000e+00 -1.874293385424005143e+00
7.000000000000000000e+00 -1.874293385424005143e+00
7.000000000000000000e+00 -1.874293385424005143e+00
7.000000000000000000e+00 -1.874293385424005143e+00
7.000000000000000000e+00 -1.874293385424005143e+00
7.000000000000000000e+00 -1.874293385424005143e+00
7.000000000000000000e+00 -1.874293385424005143e+00
7.000000000000000000e+00 -1.874293385424005143e+00
7.000000000000000000e+00 -1.874293385424005143e+00
7.000000000000000000e+00 -1.874293385424005143e+00
7.000000000000000000e+00 -1.874293385424005143e+00
7.000000000000000000e+00 -1.874293385424005143e+00
7.000000000000000000e+00 -1.874293385424005143e+00
7.000000000000000000e+00 -1.874293385424005143e+00
7.000000000000000000e+00 -1.874293385424005143e+00
7.000000000000000000e+00 -1.874293385424005143e+00
7.000000000000000000e+00 -1.874293385424005143e+00
8.000000000000000000e+00 -3.823978031840633562e-01
8.000000000000000000e+00 -7.802109602764826235e-01
8.000000000000000000e+00 -7.802109602764826235e-01
8.000000000000000000e+00 -1.087693721435978755e+00
8.000000000000000000e+00 -1.087693721435978755e+00
8.000000000000000000e+00 -1.261114300580368885e+00
8.000000000000000000e+00 -1.261114300580368885e+00
8.000000000000000000e+00 -1.261114300580368885e+00
8.000000000000000000e+00 -1.261114300580368885e+00
8.000000000000000000e+00 -1.261114300580368885e+00
8.000000000000000000e+00 -1.261114300580368885e+00
8.000000000000000000e+00 -1.261114300580368885e+00
8.000000000000000000e+00 -1.261114300580368885e+00
8.000000000000000000e+00 -1.261114300580368885e+00
8.000000000000000000e+00 -1.261114300580368885e+00
8.000000000000000000e+00 -1.261114300580368885e+00
8.000000000000000000e+00 -1.261114300580368885e+00
8.000000000000000000e+00 -1.261114300580368885e+00
8.000000000000000000e+00 -1.261114300580368885e+00
8.000000000000000000e+00 -1.261114300580368885e+00
8.000000000000000000e+00 -1.261114300580368885e+00
8.000000000000000000e+00 -1.261114300580368885e+00
8.000000000000000000e+00 -1.261114300580368885e+00
8.000000000000000000e+00 -1.261114300580368885e+00
8.000000000000000000e+00 -1.261114300580368885e+00
8.000000000000000000e+00 -1.261114300580368885e+00
8.000000000000000000e+00 -1.261114300580368885e+00
8.000000000000000000e+00 -1.261114300580368885e+00
9.000000000000000000e+00 -4.595033228303541106e-02
9.000000000000000000e+00 -6.701886195318618178e-01
9.000000000000000000e+00 -6.701886195318618178e-01
9.000000000000000000e+00 -8.024488773973643685e-01
9.000000000000000000e+00 -8.024488773973643685e-01
9.000000000000000000e+00 -8.024488773973643685e-01
9.000000000000000000e+00 -8.024488773973643685e-01
9.000000000000000000e+00 -8.024488773973643685e-01
9.000000000000000000e+00 -8.024488773973643685e-01
9.000000000000000000e+00 -8.024488773973643685e-01
9.000000000000000000e+00 -8.024488773973643685e-01
9.000000000000000000e+00 -8.024488773973643685e-01
9.000000000000000000e+00 -8.024488773973643685e-01
9.000000000000000000e+00 -8.024488773973643685e-01
9.000000000000000000e+00 -8.024488773973643685e-01
9.000000000000000000e+00 -8.024488773973643685e-01
9.000000000000000000e+00 -8.024488773973643685e-01
9.000000000000000000e+00 -8.024488773973643685e-01
9.000000000000000000e+00 -8.024488773973643685e-01
9.000000000000000000e+00 -8.024488773973643685e-01
9.000000000000000000e+00 -8.024488773973643685e-01
9.000000000000000000e+00 -8.024488773973643685e-01
9.000000000000000000e+00 -8.024488773973643685e-01
9.000000000000000000e+00 -8.024488773973643685e-01
9.000000000000000000e+00 -8.024488773973643685e-01
9.000000000000000000e+00 -8.024488773973643685e-01
9.000000000000000000e+00 -8.024488773973643685e-01
9.000000000000000000e+00 -8.024488773973643685e-01
1.000000000000000000e+01 -5.475665053978829855e-01
1.000000000000000000e+01 -6.939743615290223655e-01
1.000000000000000000e+01 -1.360682625007837876e+00
1.000000000000000000e+01 -1.360682625007837876e+00
1.000000000000000000e+01 -1.360682625007837876e+00
1.000000000000000000e+01 -1.360682625007837876e+00
1.000000000000000000e+01 -1.360682625007837876e+00
1.000000000000000000e+01 -1.360682625007837876e+00
1.000000000000000000e+01 -1.360682625007837876e+00
1.000000000000000000e+01 -1.360682625007837876e+00
1.000000000000000000e+01 -1.360682625007837876e+00
1.000000000000000000e+01 -1.360682625007837876e+00
1.000000000000000000e+01 -1.360682625007837876e+00
1.000000000000000000e+01 -1.360682625007837876e+00
1.000000000000000000e+01 -1.360682625007837876e+00
1.000000000000000000e+01 -1.360682625007837876e+00
1.000000000000000000e+01 -1.360682625007837876e+00
1.000000000000000000e+01 -1.360682625007837876e+00
1.000000000000000000e+01 -1.360682625007837876e+00
1.000000000000000000e+01 -1.360682625007837876e+00
1.000000000000000000e+01 -1.360682625007837876e+00
1.000000000000000000e+01 -1.360682625007837876e+00
1.000000000000000000e+01 -1.360682625007837876e+00
1.000000000000000000e+01 -1.360682625007837876e+00
1.000000000000000000e+01 -1.360682625007837876e+00
1.000000000000000000e+01 -1.360682625007837876e+00
1.000000000000000000e+01 -1.360682625007837876e+00
1.000000000000000000e+01 -1.516973775403032354e+00
1.100000000000000000e+01 5.621646121379495487e-01
1.100000000000000000e+01 -5.332089280075307247e-01
1.100000000000000000e+01 -6.001790205632442365e-01
1.100000000000000000e+01 -6.001790205632442365e-01
1.100000000000000000e+01 -1.210793597487312301e+00
1.100000000000000000e+01 -1.210793597487312301e+00
1.100000000000000000e+01 -1.210793597487312301e+00
1.100000000000000000e+01 -1.210793597487312301e+00
1.100000000000000000e+01 -1.210793597487312301e+00
1.100000000000000000e+01 -1.210793597487312301e+00
1.100000000000000000e+01 -1.210793597487312301e+00
1.100000000000000000e+01 -1.210793597487312301e+00
1.100000000000000000e+01 -1.210793597487312301e+00
1.100000000000000000e+01 -1.210793597487312301e+00
1.100000000000000000e+01 -1.210793597487312301e+00
1.100000000000000000e+01 -1.210793597487312301e+00
1.100000000000000000e+01 -1.210793597487312301e+00
1.100000000000000000e+01 -1.210793597487312301e+00
1.100000000000000000e+01 -1.210793597487312301e+00
1.100000000000000000e+01 -1.210793597487312301e+00
1.100000000000000000e+01 -1.210793597487312301e+00
1.100000000000000000e+01 -1.210793597487312301e+00
1.100000000000000000e+01 -1.210793597487312301e+00
1.100000000000000000e+01 -1.210793597487312301e+00
1.100000000000000000e+01 -1.210793597487312301e+00
1.100000000000000000e+01 -1.210793597487312301e+00
1.100000000000000000e+01 -1.210793597487312301e+00
1.100000000000000000e+01 -1.210793597487312301e+00
1.200000000000000000e+01 -1.145417669121542747e+00
1.200000000000000000e+01 -1.145417669121542747e+00
1.200000000000000000e+01 -1.145417669121542747e+00
1.200000000000000000e+01 -1.145417669121542747e+00
1.200000000000000000e+01 -1.145417669121542747e+00
1.200000000000000000e+01 -1.145417669121542747e+00
1.200000000000000000e+01 -1.145417669121542747e+00
1.200000000000000000e+01 -1.145417669121542747e+00
1.200000000000000000e+01 -1.145417669121542747e+00
1.200000000000000000e+01 -1.145417669121542747e+00
1.200000000000000000e+01 -1.145417669121542747e+00
1.200000000000000000e+01 -1.145417669121542747e+00
1.200000000000000000e+01 -1.145417669121542747e+00
1.200000000000000000e+01 -1.145417669121542747e+00
1.200000000000000000e+01 -1.145417669121542747e+00
1.200000000000000000e+01 -1.145417669121542747e+00
1.200000000000000000e+01 -1.145417669121542747e+00
1.200000000000000000e+01 -1.145417669121542747e+00
1.200000000000000000e+01 -1.145417669121542747e+00
1.200000000000000000e+01 -1.145417669121542747e+00
1.200000000000000000e+01 -1.145417669121542747e+00
1.200000000000000000e+01 -1.145417669121542747e+00
1.200000000000000000e+01 -1.145417669121542747e+00
1.200000000000000000e+01 -1.145417669121542747e+00
1.200000000000000000e+01 -1.145417669121542747e+00
1.200000000000000000e+01 -1.145417669121542747e+00
1.200000000000000000e+01 -1.145417669121542747e+00
1.200000000000000000e+01 -1.145417669121542747e+00
1.300000000000000000e+01 -5.040930291017891030e-01
1.300000000000000000e+01 -5.040930291017891030e-01
1.300000000000000000e+01 -8.679864661222653766e-01
1.300000000000000000e+01 -8.679864661222653766e-01
1.300000000000000000e+01 -8.679864661222653766e-01
1.300000000000000000e+01 -8.679864661222653766e-01
1.300000000000000000e+01 -1.405459168603430342e+00
1.300000000000000000e+01 -1.405459168603430342e+00
1.300000000000000000e+01 -1.405459168603430342e+00
1.300000000000000000e+01 -1.405459168603430342e+00
1.300000000000000000e+01 -1.405459168603430342e+00
1.300000000000000000e+01 -1.405459168603430342e+00
1.300000000000000000e+01 -1.405459168603430342e+00
1.300000000000000000e+01 -1.405459168603430342e+00
1.300000000000000000e+01 -1.405459168603430342e+00
1.300000000000000000e+01 -1.405459168603430342e+00
1.300000000000000000e+01 -1.405459168603430342e+00
1.300000000000000000e+01 -1.405459168603430342e+00
1.300000000000000000e+01 -1.405459168603430342e+00
1.300000000000000000e+01 -1.405459168603430342e+00
1.300000000000000000e+01 -1.405459168603430342e+00
1.300000000000000000e+01 -1.405459168603430342e+00
1.300000000000000000e+01 -1.405459168603430342e+00
1.300000000000000000e+01 -1.405459168603430342e+00
1.300000000000000000e+01 -1.405459168603430342e+00
1.300000000000000000e+01 -1.405459168603430342e+00
1.300000000000000000e+01 -1.405459168603430342e+00
1.300000000000000000e+01 -1.529678567579352055e+00
1.400000000000000000e+01 -7.226216132620664201e-01
1.400000000000000000e+01 -7.226216132620664201e-01
1.400000000000000000e+01 -9.963869437977170840e-01
1.400000000000000000e+01 -9.963869437977170840e-01
1.400000000000000000e+01 -1.083173897633112670e+00
1.400000000000000000e+01 -1.083173897633112670e+00
1.400000000000000000e+01 -1.083173897633112670e+00
1.400000000000000000e+01 -1.083173897633112670e+00
1.400000000000000000e+01 -1.083173897633112670e+00
1.400000000000000000e+01 -1.083173897633112670e+00
1.400000000000000000e+01 -1.083173897633112670e+00
1.400000000000000000e+01 -1.083173897633112670e+00
1.400000000000000000e+01 -1.083173897633112670e+00
1.400000000000000000e+01 -1.083173897633112670e+00
1.400000000000000000e+01 -1.083173897633112670e+00
1.400000000000000000e+01 -1.083173897633112670e+00
1.400000000000000000e+01 -1.083173897633112670e+00
1.400000000000000000e+01 -1.083173897633112670e+00
1.400000000000000000e+01 -1.083173897633112670e+00
1.400000000000000000e+01 -1.083173897633112670e+00
1.400000000000000000e+01 -1.083173897633112670e+00
1.400000000000000000e+01 -1.083173897633112670e+00
1.400000000000000000e+01 -1.083173897633112670e+00
1.400000000000000000e+01 -1.424379568400412355e+00
1.400000000000000000e+01 -1.424379568400412355e+00
1.400000000000000000e+01 -1.424379568400412355e+00
1.400000000000000000e+01 -1.424379568400412355e+00
1.400000000000000000e+01 -1.424379568400412355e+00
1.500000000000000000e+01 -8.211157832899159681e-01
1.500000000000000000e+01 -8.211157832899159681e-01
1.500000000000000000e+01 -8.211157832899159681e-01
1.500000000000000000e+01 -8.211157832899159681e-01
1.500000000000000000e+01 -8.211157832899159681e-01
1.500000000000000000e+01 -8.211157832899159681e-01
1.500000000000000000e+01 -8.211157832899159681e-01
1.500000000000000000e+01 -8.211157832899159681e-01
1.500000000000000000e+01 -8.211157832899159681e-01
1.500000000000000000e+01 -1.025723939203347479e+00
1.500000000000000000e+01 -1.025723939203347479e+00
1.500000000000000000e+01 -1.025723939203347479e+00
1.500000000000000000e+01 -1.025723939203347479e+00
1.500000000000000000e+01 -1.025723939203347479e+00
1.500000000000000000e+01 -1.025723939203347479e+00
1.500000000000000000e+01 -1.025723939203347479e+00
1.500000000000000000e+01 -1.025723939203347479e+00
1.500000000000000000e+01 -1.025723939203347479e+00
1.500000000000000000e+01 -1.025723939203347479e+00
1.500000000000000000e+01 -1.025723939203347479e+00
1.500000000000000000e+01 -1.025723939203347479e+00
1.500000000000000000e+01 -1.025723939203347479e+00
1.500000000000000000e+01 -1.082027005921985197e+00
1.500000000000000000e+01 -1.082027005921985197e+00
1.500000000000000000e+01 -1.082027005921985197e+00
1.500000000000000000e+01 -1.082027005921985197e+00
1.500000000000000000e+01 -1.082027005921985197e+00
1.500000000000000000e+01 -1.120217640197378017e+00
1.600000000000000000e+01 -6.965525592113087638e-01
1.600000000000000000e+01 -6.965525592113087638e-01
1.600000000000000000e+01 -9.540024715794093169e-01
1.600000000000000000e+01 -9.540024715794093169e-01
1.600000000000000000e+01 -9.540024715794093169e-01
1.600000000000000000e+01 -9.540024715794093169e-01
1.600000000000000000e+01 -9.540024715794093169e-01
1.600000000000000000e+01 -9.540024715794093169e-01
1.600000000000000000e+01 -9.540024715794093169e-01
1.600000000000000000e+01 -9.540024715794093169e-01
1.600000000000000000e+01 -9.540024715794093169e-01
1.600000000000000000e+01 -9.540024715794093169e-01
1.600000000000000000e+01 -9.540024715794093169e-01
1.600000000000000000e+01 -9.540024715794093169e-01
1.600000000000000000e+01 -9.540024715794093169e-01
1.600000000000000000e+01 -9.540024715794093169e-01
1.600000000000000000e+01 -9.540024715794093169e-01
1.600000000000000000e+01 -9.540024715794093169e-01
1.600000000000000000e+01 -1.161076277907997722e+00
1.600000000000000000e+01 -1.387676612033968748e+00
1.600000000000000000e+01 -1.387676612033968748e+00
1.600000000000000000e+01 -1.387676612033968748e+00
1.600000000000000000e+01 -1.387676612033968748e+00
1.600000000000000000e+01 -1.387676612033968748e+00
1.600000000000000000e+01 -1.387676612033968748e+00
1.600000000000000000e+01 -1.387676612033968748e+00
1.600000000000000000e+01 -1.387676612033968748e+00
1.600000000000000000e+01 -1.387676612033968748e+00
1.700000000000000000e+01 -1.156380023738883267e+00
1.700000000000000000e+01 -1.156380023738883267e+00
1.700000000000000000e+01 -1.156380023738883267e+00
1.700000000000000000e+01 -1.156380023738883267e+00
1.700000000000000000e+01 -1.156380023738883267e+00
1.700000000000000000e+01 -1.156380023738883267e+00
1.700000000000000000e+01 -1.156380023738883267e+00
1.700000000000000000e+01 -1.156380023738883267e+00
1.700000000000000000e+01 -1.156380023738883267e+00
1.700000000000000000e+01 -1.156380023738883267e+00
1.700000000000000000e+01 -1.156380023738883267e+00
1.700000000000000000e+01 -1.156380023738883267e+00
1.700000000000000000e+01 -1.156380023738883267e+00
1.700000000000000000e+01 -1.156380023738883267e+00
1.700000000000000000e+01 -1.156380023738883267e+00
1.700000000000000000e+01 -1.156380023738883267e+00
1.700000000000000000e+01 -1.156380023738883267e+00
1.700000000000000000e+01 -1.156380023738883267e+00
1.700000000000000000e+01 -1.156380023738883267e+00
1.700000000000000000e+01 -1.156380023738883267e+00
1.700000000000000000e+01 -1.156380023738883267e+00
1.700000000000000000e+01 -1.156380023738883267e+00
1.700000000000000000e+01 -1.156380023738883267e+00
1.700000000000000000e+01 -1.156380023738883267e+00
1.700000000000000000e+01 -1.156380023738883267e+00
1.700000000000000000e+01 -1.156380023738883267e+00
1.700000000000000000e+01 -1.156380023738883267e+00
1.700000000000000000e+01 -1.433205498813370893e+00
1.800000000000000000e+01 -1.413109676571780993e+00
1.800000000000000000e+01 -1.413109676571780993e+00
1.800000000000000000e+01 -1.413109676571780993e+00
1.800000000000000000e+01 -1.413109676571780993e+00
1.800000000000000000e+01 -1.413109676571780993e+00
1.800000000000000000e+01 -1.413109676571780993e+00
1.800000000000000000e+01 -1.413109676571780993e+00
1.800000000000000000e+01 -1.413109676571780993e+00
1.800000000000000000e+01 -1.413109676571780993e+00
1.800000000000000000e+01 -1.413109676571780993e+00
1.800000000000000000e+01 -1.413109676571780993e+00
1.800000000000000000e+01 -1.413109676571780993e+00
1.800000000000000000e+01 -1.413109676571780993e+00
1.800000000000000000e+01 -1.413109676571780993e+00
1.800000000000000000e+01 -1.413109676571780993e+00
1.800000000000000000e+01 -1.413109676571780993e+00
1.800000000000000000e+01 -1.413109676571780993e+00
1.800000000000000000e+01 -1.413109676571780993e+00
1.800000000000000000e+01 -1.413109676571780993e+00
1.800000000000000000e+01 -1.413109676571780993e+00
1.800000000000000000e+01 -1.413109676571780993e+00
1.800000000000000000e+01 -1.413109676571780993e+00
1.800000000000000000e+01 -1.413109676571780993e+00
1.800000000000000000e+01 -1.413109676571780993e+00
1.800000000000000000e+01 -1.413109676571780993e+00
1.800000000000000000e+01 -1.413109676571780993e+00
1.800000000000000000e+01 -1.413109676571780993e+00
1.800000000000000000e+01 -1.413109676571780993e+00
1.900000000000000000e+01 -5.222358494868332146e-01
1.900000000000000000e+01 -5.222358494868332146e-01
1.900000000000000000e+01 -5.222358494868332146e-01
1.900000000000000000e+01 -5.728089820758939243e-01
1.900000000000000000e+01 -8.867930855781460675e-01
1.900000000000000000e+01 -8.867930855781460675e-01
1.900000000000000000e+01 -8.867930855781460675e-01
1.900000000000000000e+01 -8.867930855781460675e-01
1.900000000000000000e+01 -8.867930855781460675e-01
1.900000000000000000e+01 -8.867930855781460675e-01
1.900000000000000000e+01 -1.310755051329592913e+00
1.900000000000000000e+01 -1.310755051329592913e+00
1.900000000000000000e+01 -1.310755051329592913e+00
1.900000000000000000e+01 -1.310755051329592913e+00
1.900000000000000000e+01 -1.310755051329592913e+00
1.900000000000000000e+01 -1.310755051329592913e+00
1.900000000000000000e+01 -1.310755051329592913e+00
1.900000000000000000e+01 -1.310755051329592913e+00
1.900000000000000000e+01 -1.310755051329592913e+00
1.900000000000000000e+01 -1.310755051329592913e+00
1.900000000000000000e+01 -1.310755051329592913e+00
1.900000000000000000e+01 -1.310755051329592913e+00
1.900000000000000000e+01 -1.310755051329592913e+00
1.900000000000000000e+01 -1.310755051329592913e+00
1.900000000000000000e+01 -1.310755051329592913e+00
1.900000000000000000e+01 -1.310755051329592913e+00
1.900000000000000000e+01 -1.310755051329592913e+00
1.900000000000000000e+01 -1.310755051329592913e+00
