6.919627387298722553e-310 1.043324368920811089e-314
0.000000000000000000e+00 5.427105296863295507e+02
0.000000000000000000e+00 5.427105296863295507e+02
0.000000000000000000e+00 5.427105296863295507e+02
0.000000000000000000e+00 5.427105296863295507e+02
0.000000000000000000e+00 5.427105296863295507e+02
0.000000000000000000e+00 5.427105296863295507e+02
0.000000000000000000e+00 5.427105296863295507e+02
0.000000000000000000e+00 5.427105296863295507e+02
0.000000000000000000e+00 5.427105296863295507e+02
0.000000000000000000e+00 5.427105296863295507e+02
0.000000000000000000e+00 5.427105296863295507e+02
0.000000000000000000e+00 5.427105296863295507e+02
0.000000000000000000e+00 5.427105296863295507e+02
0.000000000000000000e+00 5.427105296863295507e+02
0.000000000000000000e+00 5.427105296863295507e+02
0.000000000000000000e+00 5.427105296863295507e+02
0.000000000000000000e+00 5.427105296863295507e+02
0.000000000000000000e+00 5.427105296863295507e+02
0.000000000000000000e+00 5.427105296863295507e+02
0.000000000000000000e+00 5.427105296863295507e+02
0.000000000000000000e+00 5.427105296863295507e+02
0.000000000000000000e+00 5.427105296863295507e+02
0.000000000000000000e+00 5.427105296863295507e+02
0.000000000000000000e+00 5.427105296863295507e+02
0.000000000000000000e+00 5.427105296863295507e+02
0.000000000000000000e+00 5.427105296863295507e+02
0.000000000000000000e+00 5.427105296863295507e+02
0.000000000000000000e+00 5.427105296863295507e+02
