0.000000000000000000e+00 0.000000000000000000e+00
0.000000000000000000e+00 2.164269786354207881e+01
0.000000000000000000e+00 2.164269786354207881e+01
0.000000000000000000e+00 3.499316231329057558e+00
0.000000000000000000e+00 3.499316231329057558e+00
0.000000000000000000e+00 3.499316231329057558e+00
0.000000000000000000e+00 3.499316231329057558e+00
0.000000000000000000e+00 3.499316231329057558e+00
0.000000000000000000e+00 3.499316231329057558e+00
0.000000000000000000e+00 3.499316231329057558e+00
0.000000000000000000e+00 3.499316231329057558e+00
0.000000000000000000e+00 3.499316231329057558e+00
0.000000000000000000e+00 3.499316231329057558e+00
0.000000000000000000e+00 8.948009294614820419e-01
0.000000000000000000e+00 8.948009294614820419e-01
0.000000000000000000e+00 8.948009294614820419e-01
0.000000000000000000e+00 8.948009294614820419e-01
0.000000000000000000e+00 8.948009294614820419e-01
0.000000000000000000e+00 8.948009294614820419e-01
0.000000000000000000e+00 8.948009294614820419e-01
0.000000000000000000e+00 8.948009294614820419e-01
0.000000000000000000e+00 8.948009294614820419e-01
0.000000000000000000e+00 8.948009294614820419e-01
0.000000000000000000e+00 8.948009294614820419e-01
0.000000000000000000e+00 8.948009294614820419e-01
0.000000000000000000e+00 8.948009294614820419e-01
0.000000000000000000e+00 8.948009294614820419e-01
0.000000000000000000e+00 8.948009294614820419e-01
0.000000000000000000e+00 8.948009294614820419e-01
0.000000000000000000e+00 8.948009294614820419e-01
0.000000000000000000e+00 8.948009294614820419e-01
1.000000000000000000e+00 6.248127796131480061e+00
1.000000000000000000e+00 6.248127796131480061e+00
1.000000000000000000e+00 6.248127796131480061e+00
1.000000000000000000e+00 6.248127796131480061e+00
1.000000000000000000e+00 6.248127796131480061e+00
1.000000000000000000e+00 6.248127796131480061e+00
1.000000000000000000e+00 6.248127796131480061e+00
1.000000000000000000e+00 6.248127796131480061e+00
1.000000000000000000e+00 6.248127796131480061e+00
1.000000000000000000e+00 2.919262074005538388e+00
1.000000000000000000e+00 2.919262074005538388e+00
1.000000000000000000e+00 2.919262074005538388e+00
1.000000000000000000e+00 2.919262074005538388e+00
1.000000000000000000e+00 2.919262074005538388e+00
1.000000000000000000e+00 2.919262074005538388e+00
1.000000000000000000e+00 2.919262074005538388e+00
1.000000000000000000e+00 1.565831693545154835e+00
1.000000000000000000e+00 1.565831693545154835e+00
1.000000000000000000e+00 1.565831693545154835e+00
1.000000000000000000e+00 1.565831693545154835e+00
1.000000000000000000e+00 1.565831693545154835e+00
1.000000000000000000e+00 1.565831693545154835e+00
1.000000000000000000e+00 1.565831693545154835e+00
1.000000000000000000e+00 1.565831693545154835e+00
1.000000000000000000e+00 1.565831693545154835e+00
1.000000000000000000e+00 1.565831693545154835e+00
1.000000000000000000e+00 1.565831693545154835e+00
1.000000000000000000e+00 1.565831693545154835e+00
1.000000000000000000e+00 1.565831693545154835e+00
1.000000000000000000e+00 1.565831693545154835e+00
