5.740740740740741810e-01 7.098765432098763650e-01
0.000000000000000000e+00 2.164269786354207881e+01
0.000000000000000000e+00 2.164269786354207881e+01
0.000000000000000000e+00 3.499316231329057558e+00
0.000000000000000000e+00 3.499316231329057558e+00
0.000000000000000000e+00 3.499316231329057558e+00
0.000000000000000000e+00 3.499316231329057558e+00
0.000000000000000000e+00 3.499316231329057558e+00
0.000000000000000000e+00 3.499316231329057558e+00
0.000000000000000000e+00 3.499316231329057558e+00
0.000000000000000000e+00 3.499316231329057558e+00
0.000000000000000000e+00 3.499316231329057558e+00
0.000000000000000000e+00 3.499316231329057558e+00
0.000000000000000000e+00 3.499316231329057558e+00
0.000000000000000000e+00 3.499316231329057558e+00
0.000000000000000000e+00 3.499316231329057558e+00
0.000000000000000000e+00 3.499316231329057558e+00
0.000000000000000000e+00 3.499316231329057558e+00
0.000000000000000000e+00 3.499316231329057558e+00
0.000000000000000000e+00 3.499316231329057558e+00
0.000000000000000000e+00 3.499316231329057558e+00
0.000000000000000000e+00 3.499316231329057558e+00
0.000000000000000000e+00 3.499316231329057558e+00
0.000000000000000000e+00 3.499316231329057558e+00
0.000000000000000000e+00 2.507308157618065358e+00
0.000000000000000000e+00 2.507308157618065358e+00
0.000000000000000000e+00 2.507308157618065358e+00
0.000000000000000000e+00 2.507308157618065358e+00
0.000000000000000000e+00 2.507308157618065358e+00
0.000000000000000000e+00 2.507308157618065358e+00
0.000000000000000000e+00 1.785423443489515094e+00
