1.180917401334912725e-312 1.180917401334912725e-312
0.000000000000000000e+00 8.598833998489043839e-01
0.000000000000000000e+00 8.598833998489043839e-01
0.000000000000000000e+00 8.598833998489043839e-01
0.000000000000000000e+00 8.367886563499487007e-01
0.000000000000000000e+00 8.359923618201446638e-02
0.000000000000000000e+00 6.712727986528897739e-02
0.000000000000000000e+00 6.712727986528897739e-02
0.000000000000000000e+00 6.712727986528897739e-02
0.000000000000000000e+00 6.712727986528897739e-02
0.000000000000000000e+00 6.712727986528897739e-02
0.000000000000000000e+00 6.712727986528897739e-02
0.000000000000000000e+00 6.712727986528897739e-02
0.000000000000000000e+00 4.939776946076803593e-02
0.000000000000000000e+00 1.014599927367289961e-02
0.000000000000000000e+00 5.163320105148077634e-03
0.000000000000000000e+00 3.010124743299269663e-03
0.000000000000000000e+00 3.010124743299269663e-03
0.000000000000000000e+00 2.806903689598100760e-03
0.000000000000000000e+00 2.491339584262416192e-03
0.000000000000000000e+00 2.491339584262416192e-03
0.000000000000000000e+00 2.152637828093809883e-03
0.000000000000000000e+00 2.152637828093809883e-03
0.000000000000000000e+00 2.152637828093809883e-03
0.000000000000000000e+00 1.800834028682469449e-03
0.000000000000000000e+00 1.800834028682469449e-03
0.000000000000000000e+00 1.800834028682469449e-03
0.000000000000000000e+00 1.800834028682469449e-03
0.000000000000000000e+00 1.800834028682469449e-03
0.000000000000000000e+00 1.800834028682469449e-03
0.000000000000000000e+00 1.800834028682469449e-03
1.000000000000000000e+00 9.354440566768386089e-01
1.000000000000000000e+00 8.757936610149669177e-01
1.000000000000000000e+00 4.608210122361702243e-01
1.000000000000000000e+00 4.608210122361702243e-01
1.000000000000000000e+00 3.237122642093522851e-01
1.000000000000000000e+00 3.237122642093522851e-01
1.000000000000000000e+00 3.237122642093522851e-01
1.000000000000000000e+00 3.237122642093522851e-01
1.000000000000000000e+00 1.235456032512766700e-01
1.000000000000000000e+00 1.191100628478617141e-01
1.000000000000000000e+00 6.247165724887617866e-04
1.000000000000000000e+00 6.247165724887617866e-04
1.000000000000000000e+00 3.531976337988654139e-04
1.000000000000000000e+00 3.531976337988654139e-04
1.000000000000000000e+00 3.531976337988654139e-04
1.000000000000000000e+00 3.531976337988654139e-04
1.000000000000000000e+00 3.531976337988654139e-04
1.000000000000000000e+00 3.531976337988654139e-04
1.000000000000000000e+00 3.531976337988654139e-04
1.000000000000000000e+00 3.531976337988654139e-04
1.000000000000000000e+00 0.000000000000000000e+00
1.000000000000000000e+00 0.000000000000000000e+00
1.000000000000000000e+00 0.000000000000000000e+00
1.000000000000000000e+00 0.000000000000000000e+00
1.000000000000000000e+00 0.000000000000000000e+00
1.000000000000000000e+00 0.000000000000000000e+00
1.000000000000000000e+00 0.000000000000000000e+00
1.000000000000000000e+00 0.000000000000000000e+00
1.000000000000000000e+00 0.000000000000000000e+00
1.000000000000000000e+00 0.000000000000000000e+00
2.000000000000000000e+00 4.517739384641318301e-01
2.000000000000000000e+00 4.517739384641318301e-01
2.000000000000000000e+00 1.329245634769783968e-01
2.000000000000000000e+00 1.329245634769783968e-01
2.000000000000000000e+00 1.329245634769783968e-01
2.000000000000000000e+00 1.329245634769783968e-01
2.000000000000000000e+00 2.868218862860378443e-02
2.000000000000000000e+00 2.868218862860378443e-02
2.000000000000000000e+00 2.868218862860378443e-02
2.000000000000000000e+00 2.868218862860378443e-02
2.000000000000000000e+00 2.868218862860378443e-02
2.000000000000000000e+00 7.180477230774416283e-03
2.000000000000000000e+00 6.829788498873057333e-05
2.000000000000000000e+00 6.829788498873057333e-05
2.000000000000000000e+00 6.829788498873057333e-05
2.000000000000000000e+00 6.829788498873057333e-05
2.000000000000000000e+00 6.829788498873057333e-05
2.000000000000000000e+00 6.829788498873057333e-05
2.000000000000000000e+00 6.829788498873057333e-05
2.000000000000000000e+00 6.829788498873057333e-05
2.000000000000000000e+00 6.829788498873057333e-05
2.000000000000000000e+00 6.829788498873057333e-05
2.000000000000000000e+00 6.829788498873057333e-05
2.000000000000000000e+00 6.829788498873057333e-05
2.000000000000000000e+00 6.829788498873057333e-05
2.000000000000000000e+00 0.000000000000000000e+00
2.000000000000000000e+00 0.000000000000000000e+00
2.000000000000000000e+00 0.000000000000000000e+00
2.000000000000000000e+00 0.000000000000000000e+00
2.000000000000000000e+00 0.000000000000000000e+00
3.000000000000000000e+00 9.963259878035849448e-01
3.000000000000000000e+00 3.939866519796367816e-01
3.000000000000000000e+00 3.939866519796367816e-01
3.000000000000000000e+00 2.752559369782087706e-01
3.000000000000000000e+00 2.752559369782087706e-01
3.000000000000000000e+00 2.752559369782087706e-01
3.000000000000000000e+00 2.752559369782087706e-01
3.000000000000000000e+00 5.439395485168160849e-02
3.000000000000000000e+00 5.439395485168160849e-02
3.000000000000000000e+00 5.439395485168160849e-02
3.000000000000000000e+00 5.439395485168160849e-02
3.000000000000000000e+00 8.098177791520986364e-04
3.000000000000000000e+00 8.098177791520986364e-04
3.000000000000000000e+00 8.098177791520986364e-04
3.000000000000000000e+00 8.098177791520986364e-04
3.000000000000000000e+00 8.098177791520986364e-04
3.000000000000000000e+00 8.098177791520986364e-04
3.000000000000000000e+00 8.098177791520986364e-04
3.000000000000000000e+00 8.098177791520986364e-04
3.000000000000000000e+00 8.098177791520986364e-04
3.000000000000000000e+00 8.098177791520986364e-04
3.000000000000000000e+00 8.098177791520986364e-04
3.000000000000000000e+00 8.098177791520986364e-04
3.000000000000000000e+00 8.098177791520986364e-04
3.000000000000000000e+00 8.098177791520986364e-04
3.000000000000000000e+00 8.098177791520986364e-04
3.000000000000000000e+00 8.098177791520986364e-04
3.000000000000000000e+00 8.098177791520986364e-04
3.000000000000000000e+00 8.098177791520986364e-04
3.000000000000000000e+00 8.098177791520986364e-04
4.000000000000000000e+00 1.061948145015421341e+00
4.000000000000000000e+00 8.345387130345771620e-03
4.000000000000000000e+00 8.345387130345771620e-03
4.000000000000000000e+00 8.345387130345771620e-03
4.000000000000000000e+00 8.345387130345771620e-03
4.000000000000000000e+00 8.345387130345771620e-03
4.000000000000000000e+00 8.345387130345771620e-03
4.000000000000000000e+00 8.345387130345771620e-03
4.000000000000000000e+00 8.345387130345771620e-03
4.000000000000000000e+00 8.345387130345771620e-03
4.000000000000000000e+00 8.345387130345771620e-03
4.000000000000000000e+00 8.345387130345771620e-03
4.000000000000000000e+00 8.345387130345771620e-03
4.000000000000000000e+00 4.433787186717445990e-03
4.000000000000000000e+00 3.251536859218629155e-03
4.000000000000000000e+00 3.251536859218629155e-03
4.000000000000000000e+00 3.251536859218629155e-03
4.000000000000000000e+00 1.224901659757079726e-03
4.000000000000000000e+00 1.224901659757079726e-03
4.000000000000000000e+00 1.224901659757079726e-03
4.000000000000000000e+00 9.634183286573672284e-04
4.000000000000000000e+00 9.634183286573672284e-04
4.000000000000000000e+00 9.634183286573672284e-04
4.000000000000000000e+00 9.634183286573672284e-04
4.000000000000000000e+00 7.420774279183780901e-04
4.000000000000000000e+00 7.420774279183780901e-04
4.000000000000000000e+00 7.420774279183780901e-04
4.000000000000000000e+00 7.420774279183780901e-04
4.000000000000000000e+00 7.420774279183780901e-04
4.000000000000000000e+00 7.420774279183780901e-04
5.000000000000000000e+00 9.663808070445155662e-01
5.000000000000000000e+00 1.789328565051402642e-01
5.000000000000000000e+00 1.789328565051402642e-01
5.000000000000000000e+00 1.789328565051402642e-01
5.000000000000000000e+00 1.789328565051402642e-01
5.000000000000000000e+00 1.789328565051402642e-01
5.000000000000000000e+00 1.769918852330973069e-01
5.000000000000000000e+00 1.769918852330973069e-01
5.000000000000000000e+00 1.769918852330973069e-01
5.000000000000000000e+00 1.769918852330973069e-01
5.000000000000000000e+00 2.010383090502990480e-02
5.000000000000000000e+00 9.875037868738013522e-03
5.000000000000000000e+00 2.439210178168949462e-03
5.000000000000000000e+00 2.439210178168949462e-03
5.000000000000000000e+00 6.096631611034957583e-04
5.000000000000000000e+00 6.096631611034957583e-04
5.000000000000000000e+00 2.860148163201607901e-04
5.000000000000000000e+00 2.860148163201607901e-04
5.000000000000000000e+00 2.860148163201607901e-04
5.000000000000000000e+00 2.715189386898995169e-04
5.000000000000000000e+00 2.715189386898995169e-04
5.000000000000000000e+00 2.709614049348894492e-04
5.000000000000000000e+00 6.774035123372053270e-05
5.000000000000000000e+00 6.774035123372053270e-05
5.000000000000000000e+00 6.774035123372053270e-05
5.000000000000000000e+00 6.774035123372053270e-05
5.000000000000000000e+00 6.774035123372053270e-05
5.000000000000000000e+00 6.774035123372053270e-05
5.000000000000000000e+00 6.774035123372053270e-05
5.000000000000000000e+00 6.774035123372053270e-05
6.000000000000000000e+00 6.656222185014397663e-01
6.000000000000000000e+00 3.470330136461861059e-01
6.000000000000000000e+00 3.470330136461861059e-01
6.000000000000000000e+00 1.005041096395913568e-02
6.000000000000000000e+00 1.005041096395913568e-02
6.000000000000000000e+00 1.005041096395913568e-02
6.000000000000000000e+00 1.005041096395913568e-02
6.000000000000000000e+00 1.005041096395913568e-02
6.000000000000000000e+00 1.005041096395913568e-02
6.000000000000000000e+00 1.005041096395913568e-02
6.000000000000000000e+00 8.279376261899190073e-05
6.000000000000000000e+00 8.279376261899190073e-05
6.000000000000000000e+00 8.279376261899190073e-05
6.000000000000000000e+00 8.279376261899190073e-05
6.000000000000000000e+00 8.279376261899190073e-05
6.000000000000000000e+00 8.279376261899190073e-05
6.000000000000000000e+00 8.279376261899190073e-05
6.000000000000000000e+00 8.279376261899190073e-05
6.000000000000000000e+00 8.279376261899190073e-05
6.000000000000000000e+00 8.279376261899190073e-05
6.000000000000000000e+00 8.279376261899190073e-05
6.000000000000000000e+00 8.279376261899190073e-05
6.000000000000000000e+00 8.279376261899190073e-05
6.000000000000000000e+00 8.279376261899190073e-05
6.000000000000000000e+00 8.279376261899190073e-05
6.000000000000000000e+00 8.279376261899190073e-05
6.000000000000000000e+00 8.279376261899190073e-05
6.000000000000000000e+00 8.279376261899190073e-05
6.000000000000000000e+00 8.279376261899190073e-05
6.000000000000000000e+00 8.279376261899190073e-05
7.000000000000000000e+00 8.959467603889900156e-01
7.000000000000000000e+00 1.408408756617213486e-01
7.000000000000000000e+00 1.408408756617213486e-01
7.000000000000000000e+00 1.408408756617213486e-01
7.000000000000000000e+00 1.408408756617213486e-01
7.000000000000000000e+00 1.408408756617213486e-01
7.000000000000000000e+00 1.408408756617213486e-01
7.000000000000000000e+00 1.408408756617213486e-01
7.000000000000000000e+00 1.408408756617213486e-01
7.000000000000000000e+00 1.408408756617213486e-01
7.000000000000000000e+00 1.881676423158920326e-03
7.000000000000000000e+00 1.881676423158920326e-03
7.000000000000000000e+00 1.881676423158920326e-03
7.000000000000000000e+00 1.881676423158920326e-03
7.000000000000000000e+00 1.881676423158920326e-03
7.000000000000000000e+00 1.881676423158920326e-03
7.000000000000000000e+00 1.881676423158920326e-03
7.000000000000000000e+00 1.881676423158920326e-03
7.000000000000000000e+00 1.881676423158920326e-03
7.000000000000000000e+00 1.881676423158920326e-03
7.000000000000000000e+00 1.881676423158920326e-03
7.000000000000000000e+00 1.881676423158920326e-03
7.000000000000000000e+00 1.881676423158920326e-03
7.000000000000000000e+00 1.881676423158920326e-03
7.000000000000000000e+00 1.881676423158920326e-03
7.000000000000000000e+00 1.881676423158920326e-03
7.000000000000000000e+00 1.881676423158920326e-03
7.000000000000000000e+00 1.881676423158920326e-03
7.000000000000000000e+00 1.881676423158920326e-03
7.000000000000000000e+00 1.881676423158920326e-03
8.000000000000000000e+00 6.419913058533238681e-01
8.000000000000000000e+00 3.559686156774184984e-01
8.000000000000000000e+00 3.559686156774184984e-01
8.000000000000000000e+00 3.559686156774184984e-01
8.000000000000000000e+00 3.559686156774184984e-01
8.000000000000000000e+00 3.559686156774184984e-01
8.000000000000000000e+00 6.762868096250673755e-02
8.000000000000000000e+00 6.762868096250673755e-02
8.000000000000000000e+00 6.762868096250673755e-02
8.000000000000000000e+00 6.762868096250673755e-02
8.000000000000000000e+00 6.762868096250673755e-02
8.000000000000000000e+00 6.762868096250673755e-02
8.000000000000000000e+00 6.762868096250673755e-02
8.000000000000000000e+00 4.881765558868002980e-02
8.000000000000000000e+00 4.591290472507767589e-02
8.000000000000000000e+00 3.998186063928074047e-02
8.000000000000000000e+00 2.291129212838301579e-02
8.000000000000000000e+00 3.251536859218614409e-03
8.000000000000000000e+00 3.251536859218614409e-03
8.000000000000000000e+00 7.300904521856667025e-04
8.000000000000000000e+00 1.034225115543636344e-04
8.000000000000000000e+00 0.000000000000000000e+00
8.000000000000000000e+00 0.000000000000000000e+00
8.000000000000000000e+00 0.000000000000000000e+00
8.000000000000000000e+00 0.000000000000000000e+00
8.000000000000000000e+00 0.000000000000000000e+00
8.000000000000000000e+00 0.000000000000000000e+00
8.000000000000000000e+00 0.000000000000000000e+00
8.000000000000000000e+00 0.000000000000000000e+00
8.000000000000000000e+00 0.000000000000000000e+00
9.000000000000000000e+00 2.469742281484104546e-02
9.000000000000000000e+00 2.469742281484104546e-02
9.000000000000000000e+00 2.469742281484104546e-02
9.000000000000000000e+00 2.469742281484104546e-02
9.000000000000000000e+00 2.469742281484104546e-02
9.000000000000000000e+00 2.469742281484104546e-02
9.000000000000000000e+00 2.469742281484104546e-02
9.000000000000000000e+00 2.469742281484104546e-02
9.000000000000000000e+00 2.469742281484104546e-02
9.000000000000000000e+00 2.469742281484104546e-02
9.000000000000000000e+00 2.469742281484104546e-02
9.000000000000000000e+00 2.469742281484104546e-02
9.000000000000000000e+00 2.996186399423989184e-03
9.000000000000000000e+00 2.996186399423989184e-03
9.000000000000000000e+00 1.573081489760857349e-03
9.000000000000000000e+00 1.016105268505815241e-03
9.000000000000000000e+00 7.220062127380106102e-05
9.000000000000000000e+00 7.220062127380106102e-05
9.000000000000000000e+00 6.829788498873057333e-05
9.000000000000000000e+00 6.829788498873057333e-05
9.000000000000000000e+00 6.829788498873057333e-05
9.000000000000000000e+00 6.829788498873057333e-05
9.000000000000000000e+00 4.460270040080434297e-06
9.000000000000000000e+00 4.460270040080434297e-06
9.000000000000000000e+00 0.000000000000000000e+00
9.000000000000000000e+00 0.000000000000000000e+00
9.000000000000000000e+00 0.000000000000000000e+00
9.000000000000000000e+00 0.000000000000000000e+00
9.000000000000000000e+00 0.000000000000000000e+00
9.000000000000000000e+00 0.000000000000000000e+00
