1.306848733815188843e-312 2.793461390677008189e-316
0.000000000000000000e+00 1.985578830616792700e+01
0.000000000000000000e+00 1.985578830616792700e+01
0.000000000000000000e+00 1.985578830616792700e+01
0.000000000000000000e+00 1.985578830616792700e+01
0.000000000000000000e+00 1.985578830616792700e+01
0.000000000000000000e+00 1.985578830616792700e+01
0.000000000000000000e+00 1.985578830616792700e+01
0.000000000000000000e+00 1.985578830616792700e+01
0.000000000000000000e+00 1.985578830616792700e+01
0.000000000000000000e+00 1.985578830616792700e+01
0.000000000000000000e+00 1.898701403678665400e+01
0.000000000000000000e+00 1.898701403678665400e+01
0.000000000000000000e+00 1.898701403678665400e+01
0.000000000000000000e+00 1.898701403678665400e+01
0.000000000000000000e+00 1.898701403678665400e+01
0.000000000000000000e+00 1.898701403678665400e+01
0.000000000000000000e+00 1.898701403678665400e+01
0.000000000000000000e+00 1.898701403678665400e+01
0.000000000000000000e+00 1.898701403678665400e+01
0.000000000000000000e+00 1.898701403678665400e+01
0.000000000000000000e+00 1.898701403678665400e+01
0.000000000000000000e+00 1.738293424901060646e+01
0.000000000000000000e+00 1.738293424901060646e+01
0.000000000000000000e+00 1.738293424901060646e+01
0.000000000000000000e+00 1.738293424901060646e+01
0.000000000000000000e+00 1.738293424901060646e+01
0.000000000000000000e+00 1.738293424901060646e+01
0.000000000000000000e+00 1.738293424901060646e+01
0.000000000000000000e+00 1.738293424901060646e+01
0.000000000000000000e+00 1.738293424901060646e+01
0.000000000000000000e+00 1.738293424901060646e+01
0.000000000000000000e+00 1.738293424901060646e+01
0.000000000000000000e+00 1.738293424901060646e+01
0.000000000000000000e+00 1.738293424901060646e+01
0.000000000000000000e+00 1.738293424901060646e+01
0.000000000000000000e+00 1.738293424901060646e+01
0.000000000000000000e+00 1.738293424901060646e+01
0.000000000000000000e+00 1.738293424901060646e+01
0.000000000000000000e+00 1.738293424901060646e+01
0.000000000000000000e+00 1.738293424901060646e+01
0.000000000000000000e+00 1.738293424901060646e+01
0.000000000000000000e+00 1.738293424901060646e+01
0.000000000000000000e+00 1.738293424901060646e+01
0.000000000000000000e+00 1.738293424901060646e+01
0.000000000000000000e+00 1.738293424901060646e+01
0.000000000000000000e+00 1.738293424901060646e+01
0.000000000000000000e+00 1.738293424901060646e+01
0.000000000000000000e+00 1.738293424901060646e+01
0.000000000000000000e+00 1.738293424901060646e+01
0.000000000000000000e+00 1.738293424901060646e+01
0.000000000000000000e+00 1.738293424901060646e+01
0.000000000000000000e+00 1.738293424901060646e+01
0.000000000000000000e+00 1.738293424901060646e+01
0.000000000000000000e+00 1.738293424901060646e+01
0.000000000000000000e+00 1.738293424901060646e+01
0.000000000000000000e+00 1.738293424901060646e+01
0.000000000000000000e+00 1.738293424901060646e+01
0.000000000000000000e+00 1.738293424901060646e+01
0.000000000000000000e+00 1.738293424901060646e+01
0.000000000000000000e+00 1.738293424901060646e+01
0.000000000000000000e+00 1.738293424901060646e+01
0.000000000000000000e+00 1.738293424901060646e+01
0.000000000000000000e+00 1.738293424901060646e+01
0.000000000000000000e+00 1.738293424901060646e+01
0.000000000000000000e+00 1.738293424901060646e+01
0.000000000000000000e+00 1.738293424901060646e+01
0.000000000000000000e+00 1.738293424901060646e+01
0.000000000000000000e+00 1.738293424901060646e+01
0.000000000000000000e+00 1.738293424901060646e+01
0.000000000000000000e+00 1.738293424901060646e+01
0.000000000000000000e+00 1.738293424901060646e+01
0.000000000000000000e+00 1.738293424901060646e+01
0.000000000000000000e+00 1.738293424901060646e+01
0.000000000000000000e+00 1.738293424901060646e+01
0.000000000000000000e+00 1.738293424901060646e+01
1.000000000000000000e+00 2.193814312252666809e+01
1.000000000000000000e+00 2.083518779506361795e+01
1.000000000000000000e+00 2.083518779506361795e+01
1.000000000000000000e+00 2.083518779506361795e+01
1.000000000000000000e+00 2.083518779506361795e+01
1.000000000000000000e+00 2.083518779506361795e+01
1.000000000000000000e+00 2.083518779506361795e+01
1.000000000000000000e+00 1.943039841516488764e+01
1.000000000000000000e+00 1.943039841516488764e+01
1.000000000000000000e+00 1.943039841516488764e+01
1.000000000000000000e+00 1.943039841516488764e+01
1.000000000000000000e+00 1.943039841516488764e+01
1.000000000000000000e+00 1.943039841516488764e+01
1.000000000000000000e+00 1.943039841516488764e+01
1.000000000000000000e+00 1.943039841516488764e+01
1.000000000000000000e+00 1.943039841516488764e+01
1.000000000000000000e+00 1.943039841516488764e+01
1.000000000000000000e+00 1.943039841516488764e+01
1.000000000000000000e+00 1.943039841516488764e+01
1.000000000000000000e+00 1.943039841516488764e+01
1.000000000000000000e+00 1.943039841516488764e+01
1.000000000000000000e+00 1.943039841516488764e+01
1.000000000000000000e+00 1.943039841516488764e+01
1.000000000000000000e+00 1.943039841516488764e+01
1.000000000000000000e+00 1.943039841516488764e+01
1.000000000000000000e+00 1.943039841516488764e+01
1.000000000000000000e+00 1.917346083268279955e+01
1.000000000000000000e+00 1.917346083268279955e+01
1.000000000000000000e+00 1.917346083268279955e+01
1.000000000000000000e+00 1.917346083268279955e+01
1.000000000000000000e+00 1.917346083268279955e+01
1.000000000000000000e+00 1.917346083268279955e+01
1.000000000000000000e+00 1.917346083268279955e+01
1.000000000000000000e+00 -4.440892098500626162e-16
1.000000000000000000e+00 -4.440892098500626162e-16
1.000000000000000000e+00 -4.440892098500626162e-16
1.000000000000000000e+00 -4.440892098500626162e-16
1.000000000000000000e+00 -4.440892098500626162e-16
1.000000000000000000e+00 -4.440892098500626162e-16
1.000000000000000000e+00 -4.440892098500626162e-16
1.000000000000000000e+00 -4.440892098500626162e-16
1.000000000000000000e+00 -4.440892098500626162e-16
1.000000000000000000e+00 -4.440892098500626162e-16
1.000000000000000000e+00 -4.440892098500626162e-16
1.000000000000000000e+00 -4.440892098500626162e-16
1.000000000000000000e+00 -4.440892098500626162e-16
1.000000000000000000e+00 -4.440892098500626162e-16
1.000000000000000000e+00 -4.440892098500626162e-16
1.000000000000000000e+00 -4.440892098500626162e-16
1.000000000000000000e+00 -4.440892098500626162e-16
1.000000000000000000e+00 -4.440892098500626162e-16
1.000000000000000000e+00 -4.440892098500626162e-16
1.000000000000000000e+00 -4.440892098500626162e-16
1.000000000000000000e+00 -4.440892098500626162e-16
1.000000000000000000e+00 -4.440892098500626162e-16
1.000000000000000000e+00 -4.440892098500626162e-16
1.000000000000000000e+00 -4.440892098500626162e-16
1.000000000000000000e+00 -4.440892098500626162e-16
1.000000000000000000e+00 -4.440892098500626162e-16
1.000000000000000000e+00 -4.440892098500626162e-16
1.000000000000000000e+00 -4.440892098500626162e-16
1.000000000000000000e+00 -4.440892098500626162e-16
1.000000000000000000e+00 -4.440892098500626162e-16
1.000000000000000000e+00 -4.440892098500626162e-16
1.000000000000000000e+00 -4.440892098500626162e-16
1.000000000000000000e+00 -4.440892098500626162e-16
1.000000000000000000e+00 -4.440892098500626162e-16
1.000000000000000000e+00 -4.440892098500626162e-16
1.000000000000000000e+00 -4.440892098500626162e-16
1.000000000000000000e+00 -4.440892098500626162e-16
1.000000000000000000e+00 -4.440892098500626162e-16
1.000000000000000000e+00 -4.440892098500626162e-16
1.000000000000000000e+00 -4.440892098500626162e-16
1.000000000000000000e+00 -4.440892098500626162e-16
1.000000000000000000e+00 -4.440892098500626162e-16
2.000000000000000000e+00 2.110449005612592899e+01
2.000000000000000000e+00 2.110449005612592899e+01
2.000000000000000000e+00 2.110449005612592899e+01
2.000000000000000000e+00 2.059837363572287927e+01
2.000000000000000000e+00 2.059837363572287927e+01
2.000000000000000000e+00 1.940932287615247986e+01
2.000000000000000000e+00 1.940932287615247986e+01
2.000000000000000000e+00 1.940932287615247986e+01
2.000000000000000000e+00 1.940932287615247986e+01
2.000000000000000000e+00 1.940932287615247986e+01
2.000000000000000000e+00 1.940932287615247986e+01
2.000000000000000000e+00 1.940932287615247986e+01
2.000000000000000000e+00 1.940932287615247986e+01
2.000000000000000000e+00 1.940932287615247986e+01
2.000000000000000000e+00 1.940932287615247986e+01
2.000000000000000000e+00 1.940932287615247986e+01
2.000000000000000000e+00 1.940932287615247986e+01
2.000000000000000000e+00 1.940932287615247986e+01
2.000000000000000000e+00 1.940932287615247986e+01
2.000000000000000000e+00 1.940932287615247986e+01
2.000000000000000000e+00 1.940932287615247986e+01
2.000000000000000000e+00 1.940932287615247986e+01
2.000000000000000000e+00 1.940932287615247986e+01
2.000000000000000000e+00 1.940932287615247986e+01
2.000000000000000000e+00 1.360333374160530795e+01
2.000000000000000000e+00 1.360333374160530795e+01
2.000000000000000000e+00 1.360333374160530795e+01
2.000000000000000000e+00 1.360333374160530795e+01
2.000000000000000000e+00 1.360333374160530795e+01
2.000000000000000000e+00 1.360333374160530795e+01
2.000000000000000000e+00 1.360333374160530795e+01
2.000000000000000000e+00 1.360333374160530795e+01
2.000000000000000000e+00 1.360333374160530795e+01
2.000000000000000000e+00 1.360333374160530795e+01
2.000000000000000000e+00 1.360333374160530795e+01
2.000000000000000000e+00 1.360333374160530795e+01
2.000000000000000000e+00 1.360333374160530795e+01
2.000000000000000000e+00 1.360333374160530795e+01
2.000000000000000000e+00 1.360333374160530795e+01
2.000000000000000000e+00 1.360333374160530795e+01
2.000000000000000000e+00 1.360333374160530795e+01
2.000000000000000000e+00 1.360333374160530795e+01
2.000000000000000000e+00 1.360333374160530795e+01
2.000000000000000000e+00 1.360333374160530795e+01
2.000000000000000000e+00 1.360333374160530795e+01
2.000000000000000000e+00 1.360333374160530795e+01
2.000000000000000000e+00 1.360333374160530795e+01
2.000000000000000000e+00 1.360333374160530795e+01
2.000000000000000000e+00 1.360333374160530795e+01
2.000000000000000000e+00 1.360333374160530795e+01
2.000000000000000000e+00 1.360333374160530795e+01
2.000000000000000000e+00 1.360333374160530795e+01
2.000000000000000000e+00 1.360333374160530795e+01
2.000000000000000000e+00 1.360333374160530795e+01
2.000000000000000000e+00 1.360333374160530795e+01
2.000000000000000000e+00 1.360333374160530795e+01
2.000000000000000000e+00 1.360333374160530795e+01
2.000000000000000000e+00 1.360333374160530795e+01
2.000000000000000000e+00 1.360333374160530795e+01
2.000000000000000000e+00 1.360333374160530795e+01
2.000000000000000000e+00 1.360333374160530795e+01
2.000000000000000000e+00 1.360333374160530795e+01
2.000000000000000000e+00 1.360333374160530795e+01
2.000000000000000000e+00 1.360333374160530795e+01
2.000000000000000000e+00 1.360333374160530795e+01
2.000000000000000000e+00 1.360333374160530795e+01
2.000000000000000000e+00 1.360333374160530795e+01
2.000000000000000000e+00 1.360333374160530795e+01
2.000000000000000000e+00 1.360333374160530795e+01
2.000000000000000000e+00 1.360333374160530795e+01
2.000000000000000000e+00 1.360333374160530795e+01
2.000000000000000000e+00 1.360333374160530795e+01
2.000000000000000000e+00 1.360333374160530795e+01
2.000000000000000000e+00 1.360333374160530795e+01
2.000000000000000000e+00 1.360333374160530795e+01
3.000000000000000000e+00 2.048641066427902402e+01
3.000000000000000000e+00 2.048641066427902402e+01
3.000000000000000000e+00 2.048641066427902402e+01
3.000000000000000000e+00 2.048641066427902402e+01
3.000000000000000000e+00 2.048641066427902402e+01
3.000000000000000000e+00 1.887402062024326455e+01
3.000000000000000000e+00 1.887402062024326455e+01
3.000000000000000000e+00 1.887402062024326455e+01
3.000000000000000000e+00 1.887402062024326455e+01
3.000000000000000000e+00 1.887402062024326455e+01
3.000000000000000000e+00 1.887402062024326455e+01
3.000000000000000000e+00 1.887402062024326455e+01
3.000000000000000000e+00 1.887402062024326455e+01
3.000000000000000000e+00 1.887402062024326455e+01
3.000000000000000000e+00 1.887402062024326455e+01
3.000000000000000000e+00 1.887402062024326455e+01
3.000000000000000000e+00 1.887402062024326455e+01
3.000000000000000000e+00 1.887402062024326455e+01
3.000000000000000000e+00 1.887402062024326455e+01
3.000000000000000000e+00 1.887402062024326455e+01
3.000000000000000000e+00 1.887402062024326455e+01
3.000000000000000000e+00 1.887402062024326455e+01
3.000000000000000000e+00 1.887402062024326455e+01
3.000000000000000000e+00 1.887402062024326455e+01
3.000000000000000000e+00 1.887402062024326455e+01
3.000000000000000000e+00 1.820788276588935872e+01
3.000000000000000000e+00 1.820788276588935872e+01
3.000000000000000000e+00 1.739269730779973244e+01
3.000000000000000000e+00 1.739269730779973244e+01
3.000000000000000000e+00 1.739269730779973244e+01
3.000000000000000000e+00 1.739269730779973244e+01
3.000000000000000000e+00 1.739269730779973244e+01
3.000000000000000000e+00 1.739269730779973244e+01
3.000000000000000000e+00 1.739269730779973244e+01
3.000000000000000000e+00 1.739269730779973244e+01
3.000000000000000000e+00 1.739269730779973244e+01
3.000000000000000000e+00 1.739269730779973244e+01
3.000000000000000000e+00 1.739269730779973244e+01
3.000000000000000000e+00 1.739269730779973244e+01
3.000000000000000000e+00 1.739269730779973244e+01
3.000000000000000000e+00 1.739269730779973244e+01
3.000000000000000000e+00 1.739269730779973244e+01
3.000000000000000000e+00 1.739269730779973244e+01
3.000000000000000000e+00 1.739269730779973244e+01
3.000000000000000000e+00 1.739269730779973244e+01
3.000000000000000000e+00 1.739269730779973244e+01
3.000000000000000000e+00 1.739269730779973244e+01
3.000000000000000000e+00 1.739269730779973244e+01
3.000000000000000000e+00 1.739269730779973244e+01
3.000000000000000000e+00 1.739269730779973244e+01
3.000000000000000000e+00 1.739269730779973244e+01
3.000000000000000000e+00 1.739269730779973244e+01
3.000000000000000000e+00 1.739269730779973244e+01
3.000000000000000000e+00 1.739269730779973244e+01
3.000000000000000000e+00 1.739269730779973244e+01
3.000000000000000000e+00 1.739269730779973244e+01
3.000000000000000000e+00 1.739269730779973244e+01
3.000000000000000000e+00 1.739269730779973244e+01
3.000000000000000000e+00 1.739269730779973244e+01
3.000000000000000000e+00 1.739269730779973244e+01
3.000000000000000000e+00 1.739269730779973244e+01
3.000000000000000000e+00 1.739269730779973244e+01
3.000000000000000000e+00 1.739269730779973244e+01
3.000000000000000000e+00 1.739269730779973244e+01
3.000000000000000000e+00 1.739269730779973244e+01
3.000000000000000000e+00 1.739269730779973244e+01
3.000000000000000000e+00 1.739269730779973244e+01
3.000000000000000000e+00 1.739269730779973244e+01
3.000000000000000000e+00 1.739269730779973244e+01
3.000000000000000000e+00 1.739269730779973244e+01
3.000000000000000000e+00 1.739269730779973244e+01
3.000000000000000000e+00 1.739269730779973244e+01
3.000000000000000000e+00 1.739269730779973244e+01
3.000000000000000000e+00 1.739269730779973244e+01
3.000000000000000000e+00 1.739269730779973244e+01
4.000000000000000000e+00 2.082205700967687179e+01
4.000000000000000000e+00 2.022951279014522186e+01
4.000000000000000000e+00 2.022951279014522186e+01
4.000000000000000000e+00 2.022951279014522186e+01
4.000000000000000000e+00 2.022951279014522186e+01
4.000000000000000000e+00 2.022951279014522186e+01
4.000000000000000000e+00 2.022951279014522186e+01
4.000000000000000000e+00 2.022951279014522186e+01
4.000000000000000000e+00 2.022951279014522186e+01
4.000000000000000000e+00 2.022951279014522186e+01
4.000000000000000000e+00 2.022951279014522186e+01
4.000000000000000000e+00 2.022951279014522186e+01
4.000000000000000000e+00 2.022951279014522186e+01
4.000000000000000000e+00 2.022951279014522186e+01
4.000000000000000000e+00 2.022951279014522186e+01
4.000000000000000000e+00 2.022951279014522186e+01
4.000000000000000000e+00 2.022951279014522186e+01
4.000000000000000000e+00 2.022951279014522186e+01
4.000000000000000000e+00 2.022951279014522186e+01
4.000000000000000000e+00 2.022951279014522186e+01
4.000000000000000000e+00 2.022951279014522186e+01
4.000000000000000000e+00 2.022951279014522186e+01
4.000000000000000000e+00 2.022951279014522186e+01
4.000000000000000000e+00 2.022951279014522186e+01
4.000000000000000000e+00 2.022951279014522186e+01
4.000000000000000000e+00 1.739269730779974665e+01
4.000000000000000000e+00 1.739269730779974665e+01
4.000000000000000000e+00 1.739269730779974665e+01
4.000000000000000000e+00 1.739269730779974665e+01
4.000000000000000000e+00 1.739269730779974665e+01
4.000000000000000000e+00 1.739269730779974665e+01
4.000000000000000000e+00 1.739269730779974665e+01
4.000000000000000000e+00 1.739269730779974665e+01
4.000000000000000000e+00 1.739269730779974665e+01
4.000000000000000000e+00 1.739269730779974665e+01
4.000000000000000000e+00 1.739269730779974665e+01
4.000000000000000000e+00 1.739269730779974665e+01
4.000000000000000000e+00 1.739269730779974665e+01
4.000000000000000000e+00 1.739269730779974665e+01
4.000000000000000000e+00 1.739269730779974665e+01
4.000000000000000000e+00 1.739269730779974665e+01
4.000000000000000000e+00 1.739269730779974665e+01
4.000000000000000000e+00 1.739269730779974665e+01
4.000000000000000000e+00 1.739269730779974665e+01
4.000000000000000000e+00 1.739269730779974665e+01
4.000000000000000000e+00 1.739269730779974665e+01
4.000000000000000000e+00 1.739269730779974665e+01
4.000000000000000000e+00 1.739269730779974665e+01
4.000000000000000000e+00 1.739269730779974665e+01
4.000000000000000000e+00 1.739269730779974665e+01
4.000000000000000000e+00 1.739269730779974665e+01
4.000000000000000000e+00 1.739269730779974665e+01
4.000000000000000000e+00 1.739269730779974665e+01
4.000000000000000000e+00 1.739269730779974665e+01
4.000000000000000000e+00 1.739269730779974665e+01
4.000000000000000000e+00 1.739269730779974665e+01
4.000000000000000000e+00 1.739269730779974665e+01
4.000000000000000000e+00 1.739269730779974665e+01
4.000000000000000000e+00 1.739269730779974665e+01
4.000000000000000000e+00 1.739269730779974665e+01
4.000000000000000000e+00 1.739269730779974665e+01
4.000000000000000000e+00 1.739269730779974665e+01
4.000000000000000000e+00 1.739269730779974665e+01
4.000000000000000000e+00 1.739269730779974665e+01
4.000000000000000000e+00 1.739269730779974665e+01
4.000000000000000000e+00 1.739269730779974665e+01
4.000000000000000000e+00 1.739269730779974665e+01
4.000000000000000000e+00 1.739269730779974665e+01
4.000000000000000000e+00 1.739269730779974665e+01
4.000000000000000000e+00 1.739269730779974665e+01
4.000000000000000000e+00 1.739269730779974665e+01
4.000000000000000000e+00 1.739269730779974665e+01
4.000000000000000000e+00 1.739269730779974665e+01
4.000000000000000000e+00 1.739269730779974665e+01
4.000000000000000000e+00 1.739269730779974665e+01
5.000000000000000000e+00 1.799069559771099236e+01
5.000000000000000000e+00 1.799069559771099236e+01
5.000000000000000000e+00 1.799069559771099236e+01
5.000000000000000000e+00 1.799069559771099236e+01
5.000000000000000000e+00 1.799069559771099236e+01
5.000000000000000000e+00 1.799069559771099236e+01
5.000000000000000000e+00 1.799069559771099236e+01
5.000000000000000000e+00 1.799069559771099236e+01
5.000000000000000000e+00 1.799069559771099236e+01
5.000000000000000000e+00 1.799069559771099236e+01
5.000000000000000000e+00 1.799069559771099236e+01
5.000000000000000000e+00 1.799069559771099236e+01
5.000000000000000000e+00 1.799069559771099236e+01
5.000000000000000000e+00 1.799069559771099236e+01
5.000000000000000000e+00 1.799069559771099236e+01
5.000000000000000000e+00 1.799069559771099236e+01
5.000000000000000000e+00 1.799069559771099236e+01
5.000000000000000000e+00 1.799069559771099236e+01
5.000000000000000000e+00 1.799069559771099236e+01
5.000000000000000000e+00 1.799069559771099236e+01
5.000000000000000000e+00 1.799069559771099236e+01
5.000000000000000000e+00 1.799069559771099236e+01
5.000000000000000000e+00 1.799069559771099236e+01
5.000000000000000000e+00 1.799069559771099236e+01
5.000000000000000000e+00 1.799069559771099236e+01
5.000000000000000000e+00 1.015196602451215213e+01
5.000000000000000000e+00 1.015196602451215213e+01
5.000000000000000000e+00 1.015196602451215213e+01
5.000000000000000000e+00 1.015196602451215213e+01
5.000000000000000000e+00 1.015196602451215213e+01
5.000000000000000000e+00 1.015196602451215213e+01
5.000000000000000000e+00 1.015196602451215213e+01
5.000000000000000000e+00 1.015196602451215213e+01
5.000000000000000000e+00 1.015196602451215213e+01
5.000000000000000000e+00 1.015196602451215213e+01
5.000000000000000000e+00 1.015196602451215213e+01
5.000000000000000000e+00 1.015196602451215213e+01
5.000000000000000000e+00 1.015196602451215213e+01
5.000000000000000000e+00 1.015196602451215213e+01
5.000000000000000000e+00 1.015196602451215213e+01
5.000000000000000000e+00 1.015196602451215213e+01
5.000000000000000000e+00 1.015196602451215213e+01
5.000000000000000000e+00 1.015196602451215213e+01
5.000000000000000000e+00 1.015196602451215213e+01
5.000000000000000000e+00 1.015196602451215213e+01
5.000000000000000000e+00 1.015196602451215213e+01
5.000000000000000000e+00 1.015196602451215213e+01
5.000000000000000000e+00 1.015196602451215213e+01
5.000000000000000000e+00 1.015196602451215213e+01
5.000000000000000000e+00 1.015196602451215213e+01
5.000000000000000000e+00 1.015196602451215213e+01
5.000000000000000000e+00 1.015196602451215213e+01
5.000000000000000000e+00 1.015196602451215213e+01
5.000000000000000000e+00 -4.440892098500626162e-16
5.000000000000000000e+00 -4.440892098500626162e-16
5.000000000000000000e+00 -4.440892098500626162e-16
5.000000000000000000e+00 -4.440892098500626162e-16
5.000000000000000000e+00 -4.440892098500626162e-16
5.000000000000000000e+00 -4.440892098500626162e-16
5.000000000000000000e+00 -4.440892098500626162e-16
5.000000000000000000e+00 -4.440892098500626162e-16
5.000000000000000000e+00 -4.440892098500626162e-16
5.000000000000000000e+00 -4.440892098500626162e-16
5.000000000000000000e+00 -4.440892098500626162e-16
5.000000000000000000e+00 -4.440892098500626162e-16
5.000000000000000000e+00 -4.440892098500626162e-16
5.000000000000000000e+00 -4.440892098500626162e-16
5.000000000000000000e+00 -4.440892098500626162e-16
5.000000000000000000e+00 -4.440892098500626162e-16
5.000000000000000000e+00 -4.440892098500626162e-16
5.000000000000000000e+00 -4.440892098500626162e-16
5.000000000000000000e+00 -4.440892098500626162e-16
5.000000000000000000e+00 -4.440892098500626162e-16
5.000000000000000000e+00 -4.440892098500626162e-16
5.000000000000000000e+00 -4.440892098500626162e-16
