6.940792352977122296e-310 2.424396724748697058e-316
0.000000000000000000e+00 -4.913726213393240227e-01
0.000000000000000000e+00 -8.894920590475300370e-01
0.000000000000000000e+00 -8.894920590475300370e-01
0.000000000000000000e+00 -8.894920590475300370e-01
0.000000000000000000e+00 -8.894920590475300370e-01
0.000000000000000000e+00 -8.894920590475300370e-01
0.000000000000000000e+00 -8.894920590475300370e-01
0.000000000000000000e+00 -2.380417614486506128e+00
0.000000000000000000e+00 -2.380417614486506128e+00
0.000000000000000000e+00 -3.820750105141462072e+00
0.000000000000000000e+00 -3.820750105141462072e+00
0.000000000000000000e+00 -3.820750105141462072e+00
0.000000000000000000e+00 -3.820750105141462072e+00
0.000000000000000000e+00 -3.820750105141462072e+00
0.000000000000000000e+00 -4.300043089240522143e+00
0.000000000000000000e+00 -4.300043089240522143e+00
0.000000000000000000e+00 -4.300043089240522143e+00
0.000000000000000000e+00 -4.300043089240522143e+00
0.000000000000000000e+00 -4.300043089240522143e+00
0.000000000000000000e+00 -4.300043089240522143e+00
0.000000000000000000e+00 -4.300043089240522143e+00
0.000000000000000000e+00 -4.300043089240522143e+00
0.000000000000000000e+00 -4.300043089240522143e+00
0.000000000000000000e+00 -4.300043089240522143e+00
0.000000000000000000e+00 -5.419444186719286627e+00
0.000000000000000000e+00 -5.419444186719286627e+00
0.000000000000000000e+00 -5.419444186719286627e+00
0.000000000000000000e+00 -5.419444186719286627e+00
0.000000000000000000e+00 -5.419444186719286627e+00
0.000000000000000000e+00 -5.419444186719286627e+00
1.000000000000000000e+00 1.197010007209800220e+00
1.000000000000000000e+00 -1.908493751643738634e-01
1.000000000000000000e+00 -1.908493751643738634e-01
1.000000000000000000e+00 -2.508944445089823283e+00
1.000000000000000000e+00 -3.379960808642548109e+00
1.000000000000000000e+00 -3.379960808642548109e+00
1.000000000000000000e+00 -3.379960808642548109e+00
1.000000000000000000e+00 -5.588100135096977006e+00
1.000000000000000000e+00 -5.588100135096977006e+00
1.000000000000000000e+00 -5.956595196537914028e+00
1.000000000000000000e+00 -5.956595196537914028e+00
1.000000000000000000e+00 -5.956595196537914028e+00
1.000000000000000000e+00 -5.956595196537914028e+00
1.000000000000000000e+00 -5.956595196537914028e+00
1.000000000000000000e+00 -5.956595196537914028e+00
1.000000000000000000e+00 -5.956595196537914028e+00
1.000000000000000000e+00 -5.956595196537914028e+00
1.000000000000000000e+00 -5.956595196537914028e+00
1.000000000000000000e+00 -5.956595196537914028e+00
1.000000000000000000e+00 -5.956595196537914028e+00
1.000000000000000000e+00 -5.956595196537914028e+00
1.000000000000000000e+00 -5.956595196537914028e+00
1.000000000000000000e+00 -5.956595196537914028e+00
1.000000000000000000e+00 -5.956595196537914028e+00
1.000000000000000000e+00 -5.956595196537914028e+00
1.000000000000000000e+00 -5.956595196537914028e+00
1.000000000000000000e+00 -5.956595196537914028e+00
1.000000000000000000e+00 -5.956595196537914028e+00
1.000000000000000000e+00 -5.956595196537914028e+00
1.000000000000000000e+00 -5.956595196537914028e+00
2.000000000000000000e+00 2.776923062972583622e+00
2.000000000000000000e+00 2.194706731890425200e+00
2.000000000000000000e+00 2.194706731890425200e+00
2.000000000000000000e+00 2.194706731890425200e+00
2.000000000000000000e+00 1.634197785125565572e+00
2.000000000000000000e+00 1.634197785125565572e+00
2.000000000000000000e+00 1.634197785125565572e+00
2.000000000000000000e+00 1.620499326702427911e+00
2.000000000000000000e+00 -5.644256438696367839e-01
2.000000000000000000e+00 -2.390024704303469250e+00
2.000000000000000000e+00 -2.390024704303469250e+00
2.000000000000000000e+00 -2.390024704303469250e+00
2.000000000000000000e+00 -2.390024704303469250e+00
2.000000000000000000e+00 -2.390024704303469250e+00
2.000000000000000000e+00 -2.390024704303469250e+00
2.000000000000000000e+00 -2.390024704303469250e+00
2.000000000000000000e+00 -3.431149092108623844e+00
2.000000000000000000e+00 -3.431149092108623844e+00
2.000000000000000000e+00 -3.431149092108623844e+00
2.000000000000000000e+00 -3.431149092108623844e+00
2.000000000000000000e+00 -3.431149092108623844e+00
2.000000000000000000e+00 -3.431149092108623844e+00
2.000000000000000000e+00 -3.431149092108623844e+00
2.000000000000000000e+00 -3.431149092108623844e+00
2.000000000000000000e+00 -3.431149092108623844e+00
2.000000000000000000e+00 -3.431149092108623844e+00
2.000000000000000000e+00 -3.431149092108623844e+00
2.000000000000000000e+00 -5.315508135439486637e+00
2.000000000000000000e+00 -5.315508135439486637e+00
2.000000000000000000e+00 -5.648843581616378451e+00
