1.180917401413963229e-312 1.180917401413963229e-312
0.000000000000000000e+00 8.598833998489043839e-01
0.000000000000000000e+00 8.598833998489043839e-01
0.000000000000000000e+00 8.598833998489043839e-01
0.000000000000000000e+00 8.367886563499487007e-01
0.000000000000000000e+00 8.359923618201446638e-02
0.000000000000000000e+00 6.712727986528897739e-02
0.000000000000000000e+00 6.712727986528897739e-02
0.000000000000000000e+00 6.712727986528897739e-02
0.000000000000000000e+00 6.712727986528897739e-02
0.000000000000000000e+00 6.712727986528897739e-02
0.000000000000000000e+00 5.349982406325444473e-02
0.000000000000000000e+00 5.349982406325444473e-02
0.000000000000000000e+00 4.722310904935104678e-03
0.000000000000000000e+00 4.722310904935104678e-03
0.000000000000000000e+00 4.722310904935104678e-03
0.000000000000000000e+00 8.008972390719426484e-04
0.000000000000000000e+00 3.913886960170603392e-04
0.000000000000000000e+00 3.913886960170603392e-04
1.000000000000000000e+00 9.354440566768386089e-01
1.000000000000000000e+00 8.757936610149669177e-01
1.000000000000000000e+00 4.608210122361702243e-01
1.000000000000000000e+00 4.608210122361702243e-01
1.000000000000000000e+00 3.237122642093522851e-01
1.000000000000000000e+00 3.237122642093522851e-01
1.000000000000000000e+00 3.237122642093522851e-01
1.000000000000000000e+00 3.237122642093522851e-01
1.000000000000000000e+00 1.235456032512766700e-01
1.000000000000000000e+00 1.191100628478617141e-01
1.000000000000000000e+00 6.141234311435707707e-04
1.000000000000000000e+00 6.141234311435707707e-04
1.000000000000000000e+00 6.141234311435707707e-04
1.000000000000000000e+00 3.406531243111459643e-04
1.000000000000000000e+00 6.829788498873057333e-05
1.000000000000000000e+00 6.829788498873057333e-05
2.000000000000000000e+00 4.517739384641318301e-01
2.000000000000000000e+00 4.517739384641318301e-01
2.000000000000000000e+00 1.329245634769783968e-01
2.000000000000000000e+00 1.329245634769783968e-01
2.000000000000000000e+00 1.329245634769783968e-01
2.000000000000000000e+00 1.329245634769783968e-01
2.000000000000000000e+00 2.868218862860378443e-02
2.000000000000000000e+00 2.868218862860378443e-02
2.000000000000000000e+00 2.868218862860378443e-02
2.000000000000000000e+00 2.868218862860378443e-02
2.000000000000000000e+00 8.655711546531009645e-03
2.000000000000000000e+00 8.655711546531009645e-03
2.000000000000000000e+00 6.102206948585057718e-04
2.000000000000000000e+00 6.102206948585057718e-04
2.000000000000000000e+00 6.102206948585057718e-04
2.000000000000000000e+00 1.034225115543636344e-04
2.000000000000000000e+00 1.034225115543636344e-04
3.000000000000000000e+00 9.963259878035849448e-01
3.000000000000000000e+00 3.939866519796367816e-01
3.000000000000000000e+00 3.939866519796367816e-01
3.000000000000000000e+00 2.752559369782087706e-01
3.000000000000000000e+00 2.752559369782087706e-01
3.000000000000000000e+00 2.752559369782087706e-01
3.000000000000000000e+00 2.752559369782087706e-01
3.000000000000000000e+00 5.439395485168160849e-02
3.000000000000000000e+00 5.439395485168160849e-02
3.000000000000000000e+00 5.439395485168160849e-02
3.000000000000000000e+00 1.065028855507949013e-02
3.000000000000000000e+00 2.918410440600111271e-03
3.000000000000000000e+00 2.918410440600111271e-03
3.000000000000000000e+00 2.918410440600111271e-03
3.000000000000000000e+00 7.420774279183780901e-04
3.000000000000000000e+00 4.064421074023268012e-04
3.000000000000000000e+00 2.854572825651463313e-04
3.000000000000000000e+00 1.912340779684469443e-04
3.000000000000000000e+00 1.912340779684469443e-04
4.000000000000000000e+00 1.061948145015421341e+00
4.000000000000000000e+00 8.345387130345771620e-03
4.000000000000000000e+00 8.345387130345771620e-03
4.000000000000000000e+00 8.345387130345771620e-03
4.000000000000000000e+00 8.345387130345771620e-03
4.000000000000000000e+00 8.345387130345771620e-03
4.000000000000000000e+00 8.345387130345771620e-03
4.000000000000000000e+00 8.345387130345771620e-03
4.000000000000000000e+00 8.345387130345771620e-03
4.000000000000000000e+00 8.345387130345771620e-03
4.000000000000000000e+00 8.345387130345771620e-03
4.000000000000000000e+00 8.345387130345771620e-03
4.000000000000000000e+00 2.251042535853060682e-03
4.000000000000000000e+00 2.251042535853060682e-03
4.000000000000000000e+00 2.251042535853060682e-03
4.000000000000000000e+00 7.220062127380096615e-05
4.000000000000000000e+00 7.220062127380096615e-05
4.000000000000000000e+00 5.575337550100429581e-07
4.000000000000000000e+00 5.575337550100429581e-07
5.000000000000000000e+00 9.663808070445155662e-01
5.000000000000000000e+00 1.789328565051402642e-01
5.000000000000000000e+00 1.789328565051402642e-01
5.000000000000000000e+00 1.789328565051402642e-01
5.000000000000000000e+00 1.789328565051402642e-01
5.000000000000000000e+00 1.789328565051402642e-01
5.000000000000000000e+00 1.769918852330973069e-01
5.000000000000000000e+00 1.769918852330973069e-01
5.000000000000000000e+00 1.769918852330973069e-01
5.000000000000000000e+00 1.769918852330973069e-01
5.000000000000000000e+00 1.418728269686324317e-02
5.000000000000000000e+00 1.729190941163675013e-03
5.000000000000000000e+00 1.729190941163675013e-03
5.000000000000000000e+00 1.098899031124814718e-03
5.000000000000000000e+00 1.013038832853263745e-03
5.000000000000000000e+00 1.505341138527136294e-05
5.000000000000000000e+00 1.505341138527136294e-05
6.000000000000000000e+00 6.656222185014397663e-01
6.000000000000000000e+00 3.470330136461861059e-01
6.000000000000000000e+00 3.470330136461861059e-01
6.000000000000000000e+00 1.005041096395913568e-02
6.000000000000000000e+00 1.005041096395913568e-02
6.000000000000000000e+00 1.005041096395913568e-02
6.000000000000000000e+00 1.005041096395913568e-02
6.000000000000000000e+00 1.005041096395913568e-02
6.000000000000000000e+00 1.005041096395913568e-02
6.000000000000000000e+00 1.005041096395913568e-02
6.000000000000000000e+00 2.474334804734582265e-03
6.000000000000000000e+00 2.474334804734582265e-03
6.000000000000000000e+00 2.474334804734582265e-03
6.000000000000000000e+00 2.474334804734582265e-03
6.000000000000000000e+00 8.279376261899190073e-05
6.000000000000000000e+00 4.460270040080434297e-06
6.000000000000000000e+00 4.460270040080434297e-06
6.000000000000000000e+00 4.460270040080434297e-06
6.000000000000000000e+00 4.460270040080434297e-06
7.000000000000000000e+00 8.959467603889900156e-01
7.000000000000000000e+00 1.408408756617213486e-01
7.000000000000000000e+00 1.408408756617213486e-01
7.000000000000000000e+00 1.408408756617213486e-01
7.000000000000000000e+00 1.408408756617213486e-01
7.000000000000000000e+00 1.408408756617213486e-01
7.000000000000000000e+00 1.408408756617213486e-01
7.000000000000000000e+00 1.408408756617213486e-01
7.000000000000000000e+00 1.408408756617213486e-01
7.000000000000000000e+00 1.408408756617213486e-01
7.000000000000000000e+00 2.013449526155546704e-02
7.000000000000000000e+00 1.115011756644599533e-02
7.000000000000000000e+00 1.115011756644599533e-02
7.000000000000000000e+00 1.115011756644599533e-02
7.000000000000000000e+00 1.115011756644599533e-02
7.000000000000000000e+00 4.460270040080434297e-06
7.000000000000000000e+00 4.460270040080434297e-06
7.000000000000000000e+00 4.460270040080434297e-06
7.000000000000000000e+00 4.460270040080434297e-06
7.000000000000000000e+00 4.460270040080434297e-06
8.000000000000000000e+00 6.419913058533238681e-01
8.000000000000000000e+00 3.559686156774184984e-01
8.000000000000000000e+00 3.559686156774184984e-01
8.000000000000000000e+00 3.559686156774184984e-01
8.000000000000000000e+00 3.559686156774184984e-01
8.000000000000000000e+00 3.559686156774184984e-01
8.000000000000000000e+00 6.762868096250673755e-02
8.000000000000000000e+00 6.762868096250673755e-02
8.000000000000000000e+00 6.762868096250673755e-02
8.000000000000000000e+00 6.762868096250673755e-02
8.000000000000000000e+00 6.762868096250673755e-02
8.000000000000000000e+00 6.762868096250673755e-02
8.000000000000000000e+00 6.762868096250673755e-02
8.000000000000000000e+00 4.462137778159686735e-02
8.000000000000000000e+00 7.300904521856611731e-04
8.000000000000000000e+00 7.300904521856611731e-04
8.000000000000000000e+00 6.774035123372053270e-05
8.000000000000000000e+00 4.460270040080524082e-06
8.000000000000000000e+00 4.460270040080524082e-06
9.000000000000000000e+00 2.469742281484104546e-02
9.000000000000000000e+00 2.469742281484104546e-02
9.000000000000000000e+00 2.469742281484104546e-02
9.000000000000000000e+00 2.469742281484104546e-02
9.000000000000000000e+00 2.469742281484104546e-02
9.000000000000000000e+00 2.469742281484104546e-02
9.000000000000000000e+00 2.469742281484104546e-02
9.000000000000000000e+00 2.469742281484104546e-02
9.000000000000000000e+00 2.469742281484104546e-02
9.000000000000000000e+00 2.469742281484104546e-02
9.000000000000000000e+00 7.059492405937253974e-03
9.000000000000000000e+00 7.059492405937253974e-03
9.000000000000000000e+00 7.059492405937253974e-03
9.000000000000000000e+00 1.834564820860569954e-03
9.000000000000000000e+00 4.064421074023268012e-04
9.000000000000000000e+00 6.829788498873057333e-05
9.000000000000000000e+00 0.000000000000000000e+00
9.000000000000000000e+00 0.000000000000000000e+00
9.000000000000000000e+00 0.000000000000000000e+00
