1.180917401413963229e-312 1.180917401413963229e-312
0.000000000000000000e+00 4.693660128290688682e-01
0.000000000000000000e+00 5.905798012690555154e-02
0.000000000000000000e+00 -5.750992543521735723e-01
0.000000000000000000e+00 -5.750992543521735723e-01
0.000000000000000000e+00 -8.982131719839663297e-01
0.000000000000000000e+00 -8.982131719839663297e-01
0.000000000000000000e+00 -8.982131719839663297e-01
0.000000000000000000e+00 -8.982131719839663297e-01
0.000000000000000000e+00 -8.982131719839663297e-01
0.000000000000000000e+00 -8.982131719839663297e-01
0.000000000000000000e+00 -8.982131719839663297e-01
0.000000000000000000e+00 -8.982131719839663297e-01
0.000000000000000000e+00 -1.015399195793257991e+00
0.000000000000000000e+00 -1.015399195793257991e+00
0.000000000000000000e+00 -1.015399195793257991e+00
0.000000000000000000e+00 -1.015399195793257991e+00
0.000000000000000000e+00 -1.015399195793257991e+00
0.000000000000000000e+00 -1.015399195793257991e+00
0.000000000000000000e+00 -1.015399195793257991e+00
0.000000000000000000e+00 -1.015399195793257991e+00
0.000000000000000000e+00 -1.015399195793257991e+00
0.000000000000000000e+00 -1.015399195793257991e+00
0.000000000000000000e+00 -1.015399195793257991e+00
0.000000000000000000e+00 -1.015399195793257991e+00
0.000000000000000000e+00 -1.015399195793257991e+00
0.000000000000000000e+00 -1.015399195793257991e+00
0.000000000000000000e+00 -1.015399195793257991e+00
0.000000000000000000e+00 -1.015399195793257991e+00
0.000000000000000000e+00 -1.015399195793257991e+00
0.000000000000000000e+00 -1.015399195793257991e+00
1.000000000000000000e+00 -8.101653261153572982e-01
1.000000000000000000e+00 -8.101653261153572982e-01
1.000000000000000000e+00 -8.101653261153572982e-01
1.000000000000000000e+00 -8.101653261153572982e-01
1.000000000000000000e+00 -8.101653261153572982e-01
1.000000000000000000e+00 -8.101653261153572982e-01
1.000000000000000000e+00 -8.101653261153572982e-01
1.000000000000000000e+00 -8.101653261153572982e-01
1.000000000000000000e+00 -8.101653261153572982e-01
1.000000000000000000e+00 -8.101653261153572982e-01
1.000000000000000000e+00 -8.101653261153572982e-01
1.000000000000000000e+00 -8.101653261153572982e-01
1.000000000000000000e+00 -8.101653261153572982e-01
1.000000000000000000e+00 -1.025817628426882511e+00
1.000000000000000000e+00 -1.025817628426882511e+00
1.000000000000000000e+00 -1.025817628426882511e+00
1.000000000000000000e+00 -1.025817628426882511e+00
1.000000000000000000e+00 -1.025817628426882511e+00
1.000000000000000000e+00 -1.025817628426882511e+00
1.000000000000000000e+00 -1.025817628426882511e+00
1.000000000000000000e+00 -1.025817628426882511e+00
1.000000000000000000e+00 -1.025817628426882511e+00
1.000000000000000000e+00 -1.025817628426882511e+00
1.000000000000000000e+00 -1.025817628426882511e+00
1.000000000000000000e+00 -1.025817628426882511e+00
1.000000000000000000e+00 -1.025817628426882511e+00
1.000000000000000000e+00 -1.025817628426882511e+00
1.000000000000000000e+00 -1.025817628426882511e+00
1.000000000000000000e+00 -1.025817628426882511e+00
1.000000000000000000e+00 -1.025817628426882511e+00
2.000000000000000000e+00 -1.231273861824547122e+00
2.000000000000000000e+00 -1.231273861824547122e+00
2.000000000000000000e+00 -1.231273861824547122e+00
2.000000000000000000e+00 -1.231273861824547122e+00
2.000000000000000000e+00 -1.231273861824547122e+00
2.000000000000000000e+00 -1.231273861824547122e+00
2.000000000000000000e+00 -1.231273861824547122e+00
2.000000000000000000e+00 -1.231273861824547122e+00
2.000000000000000000e+00 -1.231273861824547122e+00
2.000000000000000000e+00 -1.231273861824547122e+00
2.000000000000000000e+00 -1.231273861824547122e+00
2.000000000000000000e+00 -1.231273861824547122e+00
2.000000000000000000e+00 -1.231273861824547122e+00
2.000000000000000000e+00 -1.231273861824547122e+00
2.000000000000000000e+00 -1.231273861824547122e+00
2.000000000000000000e+00 -1.231273861824547122e+00
2.000000000000000000e+00 -1.231273861824547122e+00
2.000000000000000000e+00 -1.231273861824547122e+00
2.000000000000000000e+00 -1.231273861824547122e+00
2.000000000000000000e+00 -1.231273861824547122e+00
2.000000000000000000e+00 -1.231273861824547122e+00
2.000000000000000000e+00 -1.231273861824547122e+00
2.000000000000000000e+00 -1.231273861824547122e+00
2.000000000000000000e+00 -1.231273861824547122e+00
2.000000000000000000e+00 -1.231273861824547122e+00
2.000000000000000000e+00 -1.231273861824547122e+00
2.000000000000000000e+00 -1.231273861824547122e+00
2.000000000000000000e+00 -1.231273861824547122e+00
2.000000000000000000e+00 -1.231273861824547122e+00
2.000000000000000000e+00 -1.231273861824547122e+00
3.000000000000000000e+00 7.078563723863569024e-01
3.000000000000000000e+00 -9.051330259164988012e-01
3.000000000000000000e+00 -9.051330259164988012e-01
3.000000000000000000e+00 -9.051330259164988012e-01
3.000000000000000000e+00 -9.885602361849747943e-01
3.000000000000000000e+00 -9.885602361849747943e-01
3.000000000000000000e+00 -9.885602361849747943e-01
3.000000000000000000e+00 -9.885602361849747943e-01
3.000000000000000000e+00 -1.182727997581599855e+00
3.000000000000000000e+00 -1.182727997581599855e+00
3.000000000000000000e+00 -1.182727997581599855e+00
3.000000000000000000e+00 -1.182727997581599855e+00
3.000000000000000000e+00 -1.182727997581599855e+00
3.000000000000000000e+00 -1.182727997581599855e+00
3.000000000000000000e+00 -1.182727997581599855e+00
3.000000000000000000e+00 -1.182727997581599855e+00
3.000000000000000000e+00 -1.182727997581599855e+00
3.000000000000000000e+00 -1.182727997581599855e+00
3.000000000000000000e+00 -1.182727997581599855e+00
3.000000000000000000e+00 -1.182727997581599855e+00
3.000000000000000000e+00 -1.182727997581599855e+00
3.000000000000000000e+00 -1.182727997581599855e+00
3.000000000000000000e+00 -1.182727997581599855e+00
3.000000000000000000e+00 -1.182727997581599855e+00
3.000000000000000000e+00 -1.182727997581599855e+00
3.000000000000000000e+00 -1.182727997581599855e+00
3.000000000000000000e+00 -1.182727997581599855e+00
3.000000000000000000e+00 -1.182727997581599855e+00
3.000000000000000000e+00 -1.182727997581599855e+00
3.000000000000000000e+00 -1.182727997581599855e+00
4.000000000000000000e+00 1.105944127868721427e+00
4.000000000000000000e+00 -6.582206639814174309e-01
4.000000000000000000e+00 -8.446656574012723073e-01
4.000000000000000000e+00 -8.446656574012723073e-01
4.000000000000000000e+00 -9.712294854597619542e-01
4.000000000000000000e+00 -9.712294854597619542e-01
4.000000000000000000e+00 -9.712294854597619542e-01
4.000000000000000000e+00 -9.712294854597619542e-01
4.000000000000000000e+00 -9.712294854597619542e-01
4.000000000000000000e+00 -9.712294854597619542e-01
4.000000000000000000e+00 -9.712294854597619542e-01
4.000000000000000000e+00 -9.712294854597619542e-01
4.000000000000000000e+00 -9.712294854597619542e-01
4.000000000000000000e+00 -9.712294854597619542e-01
4.000000000000000000e+00 -9.712294854597619542e-01
4.000000000000000000e+00 -9.712294854597619542e-01
4.000000000000000000e+00 -9.712294854597619542e-01
4.000000000000000000e+00 -9.712294854597619542e-01
4.000000000000000000e+00 -9.712294854597619542e-01
4.000000000000000000e+00 -9.712294854597619542e-01
4.000000000000000000e+00 -9.712294854597619542e-01
4.000000000000000000e+00 -9.712294854597619542e-01
4.000000000000000000e+00 -9.712294854597619542e-01
4.000000000000000000e+00 -9.712294854597619542e-01
4.000000000000000000e+00 -1.234741748452608867e+00
4.000000000000000000e+00 -1.234741748452608867e+00
4.000000000000000000e+00 -1.234741748452608867e+00
4.000000000000000000e+00 -1.234741748452608867e+00
4.000000000000000000e+00 -1.234741748452608867e+00
4.000000000000000000e+00 -1.234741748452608867e+00
5.000000000000000000e+00 5.179799743534740930e-01
5.000000000000000000e+00 -1.300245063083483865e-01
5.000000000000000000e+00 -4.476899002624599166e-01
5.000000000000000000e+00 -9.078391666274382432e-01
5.000000000000000000e+00 -9.078391666274382432e-01
5.000000000000000000e+00 -9.078391666274382432e-01
5.000000000000000000e+00 -9.078391666274382432e-01
5.000000000000000000e+00 -1.568930576207395733e+00
5.000000000000000000e+00 -1.568930576207395733e+00
5.000000000000000000e+00 -1.568930576207395733e+00
5.000000000000000000e+00 -1.568930576207395733e+00
5.000000000000000000e+00 -1.568930576207395733e+00
5.000000000000000000e+00 -1.568930576207395733e+00
5.000000000000000000e+00 -1.568930576207395733e+00
5.000000000000000000e+00 -1.568930576207395733e+00
5.000000000000000000e+00 -1.568930576207395733e+00
5.000000000000000000e+00 -1.568930576207395733e+00
5.000000000000000000e+00 -1.568930576207395733e+00
5.000000000000000000e+00 -1.568930576207395733e+00
5.000000000000000000e+00 -1.568930576207395733e+00
5.000000000000000000e+00 -1.568930576207395733e+00
5.000000000000000000e+00 -1.568930576207395733e+00
5.000000000000000000e+00 -1.568930576207395733e+00
5.000000000000000000e+00 -1.568930576207395733e+00
5.000000000000000000e+00 -1.568930576207395733e+00
5.000000000000000000e+00 -1.568930576207395733e+00
5.000000000000000000e+00 -1.568930576207395733e+00
5.000000000000000000e+00 -1.568930576207395733e+00
5.000000000000000000e+00 -1.568930576207395733e+00
5.000000000000000000e+00 -1.568930576207395733e+00
6.000000000000000000e+00 -6.965101020303844370e-01
6.000000000000000000e+00 -6.965101020303844370e-01
6.000000000000000000e+00 -7.781360200892774026e-01
6.000000000000000000e+00 -7.781360200892774026e-01
6.000000000000000000e+00 -7.781360200892774026e-01
6.000000000000000000e+00 -7.781360200892774026e-01
6.000000000000000000e+00 -7.781360200892774026e-01
6.000000000000000000e+00 -1.088006095809740836e+00
6.000000000000000000e+00 -1.088006095809740836e+00
6.000000000000000000e+00 -1.088006095809740836e+00
6.000000000000000000e+00 -1.088006095809740836e+00
6.000000000000000000e+00 -1.088006095809740836e+00
6.000000000000000000e+00 -1.088006095809740836e+00
6.000000000000000000e+00 -1.088006095809740836e+00
6.000000000000000000e+00 -1.088006095809740836e+00
6.000000000000000000e+00 -1.088006095809740836e+00
6.000000000000000000e+00 -1.088006095809740836e+00
6.000000000000000000e+00 -1.140658614298494244e+00
6.000000000000000000e+00 -1.140658614298494244e+00
6.000000000000000000e+00 -1.140658614298494244e+00
6.000000000000000000e+00 -1.140658614298494244e+00
6.000000000000000000e+00 -1.140658614298494244e+00
6.000000000000000000e+00 -1.140658614298494244e+00
6.000000000000000000e+00 -1.140658614298494244e+00
6.000000000000000000e+00 -1.140658614298494244e+00
6.000000000000000000e+00 -1.140658614298494244e+00
6.000000000000000000e+00 -1.140658614298494244e+00
6.000000000000000000e+00 -1.140658614298494244e+00
6.000000000000000000e+00 -1.140658614298494244e+00
6.000000000000000000e+00 -1.140658614298494244e+00
7.000000000000000000e+00 -6.959797667729781256e-01
7.000000000000000000e+00 -6.959797667729781256e-01
7.000000000000000000e+00 -6.959797667729781256e-01
7.000000000000000000e+00 -6.959797667729781256e-01
7.000000000000000000e+00 -1.167907096709547732e+00
7.000000000000000000e+00 -1.167907096709547732e+00
7.000000000000000000e+00 -1.167907096709547732e+00
7.000000000000000000e+00 -1.167907096709547732e+00
7.000000000000000000e+00 -1.167907096709547732e+00
7.000000000000000000e+00 -1.167907096709547732e+00
7.000000000000000000e+00 -1.167907096709547732e+00
7.000000000000000000e+00 -1.167907096709547732e+00
7.000000000000000000e+00 -1.167907096709547732e+00
7.000000000000000000e+00 -1.167907096709547732e+00
7.000000000000000000e+00 -1.167907096709547732e+00
7.000000000000000000e+00 -1.167907096709547732e+00
7.000000000000000000e+00 -1.409459762256662252e+00
7.000000000000000000e+00 -1.409459762256662252e+00
7.000000000000000000e+00 -1.409459762256662252e+00
7.000000000000000000e+00 -1.409459762256662252e+00
7.000000000000000000e+00 -1.409459762256662252e+00
7.000000000000000000e+00 -1.409459762256662252e+00
7.000000000000000000e+00 -1.409459762256662252e+00
7.000000000000000000e+00 -1.409459762256662252e+00
7.000000000000000000e+00 -1.409459762256662252e+00
7.000000000000000000e+00 -1.409459762256662252e+00
7.000000000000000000e+00 -1.409459762256662252e+00
7.000000000000000000e+00 -1.409459762256662252e+00
7.000000000000000000e+00 -1.409459762256662252e+00
7.000000000000000000e+00 -1.409459762256662252e+00
8.000000000000000000e+00 -4.407364667702238226e-01
8.000000000000000000e+00 -4.641406296441173973e-01
8.000000000000000000e+00 -4.641406296441173973e-01
8.000000000000000000e+00 -4.641406296441173973e-01
8.000000000000000000e+00 -4.641406296441173973e-01
8.000000000000000000e+00 -4.641406296441173973e-01
8.000000000000000000e+00 -1.312153509436585708e+00
8.000000000000000000e+00 -1.312153509436585708e+00
8.000000000000000000e+00 -1.312153509436585708e+00
8.000000000000000000e+00 -1.312153509436585708e+00
8.000000000000000000e+00 -1.312153509436585708e+00
8.000000000000000000e+00 -1.312153509436585708e+00
8.000000000000000000e+00 -1.312153509436585708e+00
8.000000000000000000e+00 -1.312153509436585708e+00
8.000000000000000000e+00 -1.312153509436585708e+00
8.000000000000000000e+00 -1.312153509436585708e+00
8.000000000000000000e+00 -1.312153509436585708e+00
8.000000000000000000e+00 -1.312153509436585708e+00
8.000000000000000000e+00 -1.312153509436585708e+00
8.000000000000000000e+00 -1.312153509436585708e+00
8.000000000000000000e+00 -1.312153509436585708e+00
8.000000000000000000e+00 -1.312153509436585708e+00
8.000000000000000000e+00 -1.312153509436585708e+00
8.000000000000000000e+00 -1.312153509436585708e+00
8.000000000000000000e+00 -1.312153509436585708e+00
8.000000000000000000e+00 -1.312153509436585708e+00
8.000000000000000000e+00 -1.312153509436585708e+00
8.000000000000000000e+00 -1.312153509436585708e+00
8.000000000000000000e+00 -1.312153509436585708e+00
8.000000000000000000e+00 -1.312153509436585708e+00
9.000000000000000000e+00 4.613252489493306907e-01
9.000000000000000000e+00 6.298920853680334275e-03
9.000000000000000000e+00 -2.537425243251458795e-01
9.000000000000000000e+00 -2.537425243251458795e-01
9.000000000000000000e+00 -2.537425243251458795e-01
9.000000000000000000e+00 -1.070434934578366137e+00
9.000000000000000000e+00 -1.070434934578366137e+00
9.000000000000000000e+00 -1.070434934578366137e+00
9.000000000000000000e+00 -1.070434934578366137e+00
9.000000000000000000e+00 -1.406731448262616091e+00
9.000000000000000000e+00 -1.406731448262616091e+00
9.000000000000000000e+00 -1.411391800438393407e+00
9.000000000000000000e+00 -1.411391800438393407e+00
9.000000000000000000e+00 -1.411391800438393407e+00
9.000000000000000000e+00 -1.411391800438393407e+00
9.000000000000000000e+00 -1.411391800438393407e+00
9.000000000000000000e+00 -1.411391800438393407e+00
9.000000000000000000e+00 -1.411391800438393407e+00
9.000000000000000000e+00 -1.411391800438393407e+00
9.000000000000000000e+00 -1.411391800438393407e+00
9.000000000000000000e+00 -1.411391800438393407e+00
9.000000000000000000e+00 -1.411391800438393407e+00
9.000000000000000000e+00 -1.411391800438393407e+00
9.000000000000000000e+00 -1.411391800438393407e+00
9.000000000000000000e+00 -1.411391800438393407e+00
9.000000000000000000e+00 -1.411391800438393407e+00
9.000000000000000000e+00 -1.411391800438393407e+00
9.000000000000000000e+00 -1.411391800438393407e+00
9.000000000000000000e+00 -1.411391800438393407e+00
9.000000000000000000e+00 -1.411391800438393407e+00
