6.917690817228403863e-310 3.178963818268715928e-316
0.000000000000000000e+00 2.112601168158417764e+01
0.000000000000000000e+00 2.079396052110681126e+01
0.000000000000000000e+00 2.079396052110681126e+01
0.000000000000000000e+00 2.079396052110681126e+01
0.000000000000000000e+00 1.917292062195239311e+01
0.000000000000000000e+00 1.809743263371456834e+01
0.000000000000000000e+00 1.809743263371456834e+01
0.000000000000000000e+00 1.809743263371456834e+01
0.000000000000000000e+00 1.809743263371456834e+01
0.000000000000000000e+00 1.809743263371456834e+01
0.000000000000000000e+00 1.024520896057775587e+01
0.000000000000000000e+00 1.024520896057775587e+01
0.000000000000000000e+00 1.024520896057775587e+01
0.000000000000000000e+00 1.024520896057775587e+01
0.000000000000000000e+00 1.024520896057775587e+01
0.000000000000000000e+00 1.024520896057775587e+01
0.000000000000000000e+00 1.024520896057775587e+01
0.000000000000000000e+00 1.024520896057775587e+01
0.000000000000000000e+00 1.024520896057775587e+01
0.000000000000000000e+00 1.024520896057775587e+01
0.000000000000000000e+00 1.024520896057775587e+01
0.000000000000000000e+00 1.024520896057775587e+01
0.000000000000000000e+00 1.024520896057775587e+01
0.000000000000000000e+00 1.024520896057775587e+01
0.000000000000000000e+00 1.024520896057775587e+01
0.000000000000000000e+00 1.024520896057775587e+01
0.000000000000000000e+00 1.024520896057775587e+01
0.000000000000000000e+00 1.024520896057775587e+01
0.000000000000000000e+00 1.024520896057775587e+01
0.000000000000000000e+00 1.024520896057775587e+01
