1.180917401572064235e-312 2.472802509960605684e-316
0.000000000000000000e+00 8.598833998489043839e-01
0.000000000000000000e+00 8.598833998489043839e-01
0.000000000000000000e+00 8.598833998489043839e-01
0.000000000000000000e+00 8.367886563499487007e-01
0.000000000000000000e+00 8.359923618201446638e-02
0.000000000000000000e+00 6.712727986528897739e-02
0.000000000000000000e+00 6.712727986528897739e-02
0.000000000000000000e+00 6.712727986528897739e-02
0.000000000000000000e+00 6.712727986528897739e-02
0.000000000000000000e+00 6.712727986528897739e-02
0.000000000000000000e+00 6.712727986528897739e-02
0.000000000000000000e+00 6.712727986528897739e-02
0.000000000000000000e+00 4.274416162847802930e-02
0.000000000000000000e+00 5.893410557333722544e-03
0.000000000000000000e+00 2.739163338364380106e-03
0.000000000000000000e+00 2.739163338364380106e-03
0.000000000000000000e+00 2.739163338364380106e-03
0.000000000000000000e+00 2.739163338364380106e-03
0.000000000000000000e+00 2.491339584262416192e-03
0.000000000000000000e+00 2.491339584262416192e-03
0.000000000000000000e+00 2.491339584262416192e-03
0.000000000000000000e+00 2.491339584262416192e-03
0.000000000000000000e+00 2.491339584262416192e-03
0.000000000000000000e+00 2.491339584262416192e-03
0.000000000000000000e+00 2.491339584262416192e-03
0.000000000000000000e+00 2.152637828093809883e-03
0.000000000000000000e+00 2.152637828093809883e-03
0.000000000000000000e+00 2.152637828093809883e-03
0.000000000000000000e+00 2.139535784851075758e-03
0.000000000000000000e+00 2.139535784851075758e-03
1.000000000000000000e+00 9.354440566768386089e-01
1.000000000000000000e+00 8.757936610149669177e-01
1.000000000000000000e+00 4.608210122361702243e-01
1.000000000000000000e+00 4.608210122361702243e-01
1.000000000000000000e+00 3.237122642093522851e-01
1.000000000000000000e+00 3.237122642093522851e-01
1.000000000000000000e+00 3.237122642093522851e-01
1.000000000000000000e+00 3.237122642093522851e-01
1.000000000000000000e+00 1.235456032512766700e-01
1.000000000000000000e+00 1.191100628478617141e-01
1.000000000000000000e+00 3.251536859218629155e-03
1.000000000000000000e+00 3.251536859218629155e-03
1.000000000000000000e+00 3.251536859218629155e-03
1.000000000000000000e+00 3.251536859218629155e-03
1.000000000000000000e+00 3.251536859218629155e-03
1.000000000000000000e+00 3.251536859218629155e-03
1.000000000000000000e+00 1.573081489760862987e-03
1.000000000000000000e+00 9.634183286573672284e-04
1.000000000000000000e+00 9.634183286573672284e-04
1.000000000000000000e+00 9.634183286573672284e-04
1.000000000000000000e+00 9.634183286573672284e-04
1.000000000000000000e+00 9.634183286573672284e-04
1.000000000000000000e+00 9.634183286573672284e-04
1.000000000000000000e+00 9.634183286573672284e-04
1.000000000000000000e+00 9.634183286573672284e-04
1.000000000000000000e+00 9.634183286573672284e-04
1.000000000000000000e+00 9.634183286573672284e-04
1.000000000000000000e+00 9.634183286573672284e-04
1.000000000000000000e+00 9.634183286573672284e-04
1.000000000000000000e+00 9.634183286573672284e-04
2.000000000000000000e+00 4.517739384641318301e-01
2.000000000000000000e+00 4.517739384641318301e-01
2.000000000000000000e+00 1.329245634769783968e-01
2.000000000000000000e+00 1.329245634769783968e-01
2.000000000000000000e+00 1.329245634769783968e-01
2.000000000000000000e+00 1.329245634769783968e-01
2.000000000000000000e+00 2.868218862860378443e-02
2.000000000000000000e+00 2.868218862860378443e-02
2.000000000000000000e+00 2.868218862860378443e-02
2.000000000000000000e+00 2.868218862860378443e-02
2.000000000000000000e+00 2.868218862860378443e-02
2.000000000000000000e+00 1.158360006096633039e-02
2.000000000000000000e+00 1.158360006096633039e-02
2.000000000000000000e+00 1.505341138527136294e-05
2.000000000000000000e+00 1.505341138527136294e-05
2.000000000000000000e+00 1.505341138527136294e-05
2.000000000000000000e+00 1.505341138527136294e-05
2.000000000000000000e+00 1.505341138527136294e-05
2.000000000000000000e+00 1.505341138527136294e-05
2.000000000000000000e+00 1.505341138527136294e-05
2.000000000000000000e+00 1.505341138527136294e-05
2.000000000000000000e+00 1.505341138527136294e-05
2.000000000000000000e+00 1.505341138527136294e-05
2.000000000000000000e+00 0.000000000000000000e+00
2.000000000000000000e+00 0.000000000000000000e+00
2.000000000000000000e+00 0.000000000000000000e+00
2.000000000000000000e+00 0.000000000000000000e+00
2.000000000000000000e+00 0.000000000000000000e+00
2.000000000000000000e+00 0.000000000000000000e+00
2.000000000000000000e+00 0.000000000000000000e+00
3.000000000000000000e+00 9.963259878035849448e-01
3.000000000000000000e+00 3.939866519796367816e-01
3.000000000000000000e+00 3.939866519796367816e-01
3.000000000000000000e+00 2.752559369782087706e-01
3.000000000000000000e+00 2.752559369782087706e-01
3.000000000000000000e+00 2.752559369782087706e-01
3.000000000000000000e+00 2.752559369782087706e-01
3.000000000000000000e+00 5.439395485168160849e-02
3.000000000000000000e+00 5.439395485168160849e-02
3.000000000000000000e+00 5.439395485168160849e-02
3.000000000000000000e+00 5.439395485168160849e-02
3.000000000000000000e+00 1.016105268505816976e-03
3.000000000000000000e+00 1.016105268505816976e-03
3.000000000000000000e+00 1.016105268505816976e-03
3.000000000000000000e+00 1.016105268505816976e-03
3.000000000000000000e+00 1.016105268505816976e-03
3.000000000000000000e+00 1.016105268505816976e-03
3.000000000000000000e+00 1.016105268505816976e-03
3.000000000000000000e+00 1.016105268505816976e-03
3.000000000000000000e+00 9.634183286573672284e-04
3.000000000000000000e+00 9.634183286573672284e-04
3.000000000000000000e+00 9.634183286573672284e-04
3.000000000000000000e+00 9.634183286573672284e-04
3.000000000000000000e+00 9.634183286573672284e-04
3.000000000000000000e+00 9.634183286573672284e-04
3.000000000000000000e+00 9.634183286573672284e-04
3.000000000000000000e+00 9.634183286573672284e-04
3.000000000000000000e+00 9.634183286573672284e-04
3.000000000000000000e+00 9.634183286573672284e-04
3.000000000000000000e+00 9.634183286573672284e-04
4.000000000000000000e+00 1.061948145015421341e+00
4.000000000000000000e+00 8.345387130345771620e-03
4.000000000000000000e+00 8.345387130345771620e-03
4.000000000000000000e+00 8.345387130345771620e-03
4.000000000000000000e+00 8.345387130345771620e-03
4.000000000000000000e+00 8.345387130345771620e-03
4.000000000000000000e+00 8.345387130345771620e-03
4.000000000000000000e+00 8.345387130345771620e-03
4.000000000000000000e+00 8.345387130345771620e-03
4.000000000000000000e+00 8.345387130345771620e-03
4.000000000000000000e+00 6.247165724887673161e-04
4.000000000000000000e+00 6.247165724887673161e-04
4.000000000000000000e+00 6.247165724887673161e-04
4.000000000000000000e+00 6.247165724887673161e-04
4.000000000000000000e+00 6.247165724887673161e-04
4.000000000000000000e+00 6.247165724887670992e-04
4.000000000000000000e+00 6.247165724887670992e-04
4.000000000000000000e+00 5.575337550100429581e-07
4.000000000000000000e+00 5.575337550100429581e-07
4.000000000000000000e+00 5.575337550100429581e-07
4.000000000000000000e+00 5.575337550100429581e-07
4.000000000000000000e+00 5.575337550100429581e-07
4.000000000000000000e+00 5.575337550100429581e-07
4.000000000000000000e+00 0.000000000000000000e+00
4.000000000000000000e+00 0.000000000000000000e+00
4.000000000000000000e+00 0.000000000000000000e+00
4.000000000000000000e+00 0.000000000000000000e+00
4.000000000000000000e+00 0.000000000000000000e+00
4.000000000000000000e+00 0.000000000000000000e+00
4.000000000000000000e+00 0.000000000000000000e+00
5.000000000000000000e+00 9.663808070445155662e-01
5.000000000000000000e+00 1.789328565051402642e-01
5.000000000000000000e+00 1.789328565051402642e-01
5.000000000000000000e+00 1.789328565051402642e-01
5.000000000000000000e+00 1.789328565051402642e-01
5.000000000000000000e+00 1.789328565051402642e-01
5.000000000000000000e+00 1.769918852330973069e-01
5.000000000000000000e+00 1.769918852330973069e-01
5.000000000000000000e+00 1.769918852330973069e-01
5.000000000000000000e+00 1.769918852330973069e-01
5.000000000000000000e+00 1.769918852330973069e-01
5.000000000000000000e+00 1.769918852330973069e-01
5.000000000000000000e+00 1.646090534979425396e-02
5.000000000000000000e+00 1.646090534979425396e-02
5.000000000000000000e+00 5.522650610252039481e-03
5.000000000000000000e+00 1.224901659757079726e-03
5.000000000000000000e+00 1.505341138527156623e-05
5.000000000000000000e+00 1.505341138527156623e-05
5.000000000000000000e+00 1.505341138527156623e-05
5.000000000000000000e+00 5.575337550100429581e-07
5.000000000000000000e+00 5.575337550100429581e-07
5.000000000000000000e+00 5.575337550100429581e-07
5.000000000000000000e+00 5.575337550100429581e-07
5.000000000000000000e+00 5.575337550100429581e-07
5.000000000000000000e+00 5.575337550100429581e-07
5.000000000000000000e+00 5.575337550100429581e-07
5.000000000000000000e+00 0.000000000000000000e+00
5.000000000000000000e+00 0.000000000000000000e+00
5.000000000000000000e+00 0.000000000000000000e+00
5.000000000000000000e+00 0.000000000000000000e+00
6.000000000000000000e+00 6.656222185014397663e-01
6.000000000000000000e+00 3.470330136461861059e-01
6.000000000000000000e+00 3.470330136461861059e-01
6.000000000000000000e+00 1.005041096395913568e-02
6.000000000000000000e+00 1.005041096395913568e-02
6.000000000000000000e+00 1.005041096395913568e-02
6.000000000000000000e+00 1.005041096395913568e-02
6.000000000000000000e+00 1.005041096395913568e-02
6.000000000000000000e+00 1.005041096395913568e-02
6.000000000000000000e+00 1.005041096395913568e-02
6.000000000000000000e+00 6.247165724887673161e-04
6.000000000000000000e+00 6.247165724887673161e-04
6.000000000000000000e+00 6.247165724887673161e-04
6.000000000000000000e+00 6.247165724887673161e-04
6.000000000000000000e+00 6.247165724887673161e-04
6.000000000000000000e+00 6.247165724887673161e-04
6.000000000000000000e+00 6.247165724887673161e-04
6.000000000000000000e+00 6.247165724887673161e-04
6.000000000000000000e+00 6.247165724887673161e-04
6.000000000000000000e+00 6.247165724887673161e-04
6.000000000000000000e+00 6.247165724887673161e-04
6.000000000000000000e+00 6.247165724887673161e-04
6.000000000000000000e+00 6.247165724887673161e-04
6.000000000000000000e+00 6.247165724887673161e-04
6.000000000000000000e+00 6.247165724887673161e-04
6.000000000000000000e+00 6.247165724887673161e-04
6.000000000000000000e+00 6.247165724887673161e-04
6.000000000000000000e+00 6.247165724887673161e-04
6.000000000000000000e+00 6.247165724887673161e-04
6.000000000000000000e+00 6.247165724887673161e-04
7.000000000000000000e+00 8.959467603889900156e-01
7.000000000000000000e+00 1.408408756617213486e-01
7.000000000000000000e+00 1.408408756617213486e-01
7.000000000000000000e+00 1.408408756617213486e-01
7.000000000000000000e+00 1.408408756617213486e-01
7.000000000000000000e+00 1.408408756617213486e-01
7.000000000000000000e+00 1.408408756617213486e-01
7.000000000000000000e+00 1.408408756617213486e-01
7.000000000000000000e+00 1.408408756617213486e-01
7.000000000000000000e+00 1.408408756617213486e-01
7.000000000000000000e+00 8.779149519890258602e-02
7.000000000000000000e+00 3.913886960170554624e-02
7.000000000000000000e+00 1.219019678641724246e-02
7.000000000000000000e+00 1.219019678641724246e-02
7.000000000000000000e+00 1.219019678641724246e-02
7.000000000000000000e+00 9.421484159037343126e-03
7.000000000000000000e+00 9.160000827937631387e-03
7.000000000000000000e+00 6.711870109688492653e-03
7.000000000000000000e+00 6.711870109688492653e-03
7.000000000000000000e+00 6.711870109688492653e-03
7.000000000000000000e+00 6.711870109688492653e-03
7.000000000000000000e+00 3.402070973071328035e-03
7.000000000000000000e+00 3.402070973071328035e-03
7.000000000000000000e+00 3.402070973071328035e-03
7.000000000000000000e+00 3.402070973071328035e-03
7.000000000000000000e+00 3.402070973071328035e-03
7.000000000000000000e+00 3.402070973071328035e-03
7.000000000000000000e+00 3.402070973071328035e-03
7.000000000000000000e+00 3.402070973071328035e-03
7.000000000000000000e+00 3.402070973071328035e-03
8.000000000000000000e+00 6.419913058533238681e-01
8.000000000000000000e+00 3.559686156774184984e-01
8.000000000000000000e+00 3.559686156774184984e-01
8.000000000000000000e+00 3.559686156774184984e-01
8.000000000000000000e+00 3.559686156774184984e-01
8.000000000000000000e+00 3.559686156774184984e-01
8.000000000000000000e+00 6.762868096250673755e-02
8.000000000000000000e+00 6.762868096250673755e-02
8.000000000000000000e+00 6.762868096250673755e-02
8.000000000000000000e+00 6.762868096250673755e-02
8.000000000000000000e+00 6.762868096250673755e-02
8.000000000000000000e+00 6.762868096250673755e-02
8.000000000000000000e+00 6.762868096250673755e-02
8.000000000000000000e+00 6.762868096250673755e-02
8.000000000000000000e+00 6.762868096250673755e-02
8.000000000000000000e+00 6.762868096250673755e-02
8.000000000000000000e+00 6.774035123372053270e-05
8.000000000000000000e+00 6.774035123372053270e-05
8.000000000000000000e+00 6.774035123372053270e-05
8.000000000000000000e+00 6.774035123372053270e-05
8.000000000000000000e+00 6.774035123372053270e-05
8.000000000000000000e+00 6.774035123372053270e-05
8.000000000000000000e+00 6.774035123372053270e-05
8.000000000000000000e+00 6.774035123372053270e-05
8.000000000000000000e+00 6.774035123372053270e-05
8.000000000000000000e+00 6.774035123372053270e-05
8.000000000000000000e+00 6.774035123372053270e-05
8.000000000000000000e+00 6.774035123372053270e-05
8.000000000000000000e+00 6.774035123372053270e-05
8.000000000000000000e+00 6.774035123372053270e-05
9.000000000000000000e+00 2.469742281484104546e-02
9.000000000000000000e+00 2.469742281484104546e-02
9.000000000000000000e+00 2.469742281484104546e-02
9.000000000000000000e+00 2.469742281484104546e-02
9.000000000000000000e+00 2.469742281484104546e-02
9.000000000000000000e+00 2.469742281484104546e-02
9.000000000000000000e+00 2.469742281484104546e-02
9.000000000000000000e+00 2.469742281484104546e-02
9.000000000000000000e+00 2.469742281484104546e-02
9.000000000000000000e+00 2.469742281484104546e-02
9.000000000000000000e+00 2.469742281484104546e-02
9.000000000000000000e+00 2.491339584262410554e-03
9.000000000000000000e+00 2.491339584262410554e-03
9.000000000000000000e+00 2.491339584262410554e-03
9.000000000000000000e+00 2.491339584262410554e-03
9.000000000000000000e+00 2.491339584262410554e-03
9.000000000000000000e+00 0.000000000000000000e+00
9.000000000000000000e+00 0.000000000000000000e+00
9.000000000000000000e+00 0.000000000000000000e+00
9.000000000000000000e+00 0.000000000000000000e+00
9.000000000000000000e+00 0.000000000000000000e+00
9.000000000000000000e+00 0.000000000000000000e+00
9.000000000000000000e+00 0.000000000000000000e+00
9.000000000000000000e+00 0.000000000000000000e+00
9.000000000000000000e+00 0.000000000000000000e+00
9.000000000000000000e+00 0.000000000000000000e+00
9.000000000000000000e+00 0.000000000000000000e+00
9.000000000000000000e+00 0.000000000000000000e+00
9.000000000000000000e+00 0.000000000000000000e+00
9.000000000000000000e+00 0.000000000000000000e+00
