0.000000000000000000e+00 0.000000000000000000e+00
0.000000000000000000e+00 1.786094235846142340e+02
0.000000000000000000e+00 1.786094235846142340e+02
0.000000000000000000e+00 1.596372009485794763e+02
0.000000000000000000e+00 -4.380684109858596003e+02
0.000000000000000000e+00 -4.380684109858596003e+02
0.000000000000000000e+00 -4.380684109858596003e+02
0.000000000000000000e+00 -4.380684109858596003e+02
0.000000000000000000e+00 -4.380684109858596003e+02
0.000000000000000000e+00 -4.380684109858596003e+02
0.000000000000000000e+00 -4.380684109858596003e+02
0.000000000000000000e+00 -4.380684109858596003e+02
0.000000000000000000e+00 -4.380684109858596003e+02
0.000000000000000000e+00 -4.380684109858596003e+02
0.000000000000000000e+00 -4.380684109858596003e+02
0.000000000000000000e+00 -4.380684109858596003e+02
0.000000000000000000e+00 -5.377403928937480941e+02
0.000000000000000000e+00 -5.377403928937480941e+02
0.000000000000000000e+00 -5.377403928937480941e+02
0.000000000000000000e+00 -5.377403928937480941e+02
0.000000000000000000e+00 -5.377403928937480941e+02
0.000000000000000000e+00 -5.377403928937480941e+02
0.000000000000000000e+00 -5.377403928937480941e+02
0.000000000000000000e+00 -5.377403928937480941e+02
0.000000000000000000e+00 -5.377403928937480941e+02
0.000000000000000000e+00 -5.377403928937480941e+02
0.000000000000000000e+00 -5.377403928937480941e+02
0.000000000000000000e+00 -5.377403928937480941e+02
0.000000000000000000e+00 -5.377403928937480941e+02
0.000000000000000000e+00 -5.377403928937480941e+02
0.000000000000000000e+00 -5.377403928937480941e+02
