6.940792352975541286e-310 6.940792352975541286e-310
0.000000000000000000e+00 -4.913726213393240227e-01
0.000000000000000000e+00 -8.894920590475300370e-01
0.000000000000000000e+00 -8.894920590475300370e-01
0.000000000000000000e+00 -8.894920590475300370e-01
0.000000000000000000e+00 -8.894920590475300370e-01
0.000000000000000000e+00 -8.894920590475300370e-01
0.000000000000000000e+00 -8.894920590475300370e-01
0.000000000000000000e+00 -2.380417614486506128e+00
0.000000000000000000e+00 -2.380417614486506128e+00
0.000000000000000000e+00 -3.820750105141462072e+00
0.000000000000000000e+00 -3.820750105141462072e+00
0.000000000000000000e+00 -3.820750105141462072e+00
0.000000000000000000e+00 -6.062086893749899730e+00
0.000000000000000000e+00 -7.617838119049693546e+00
0.000000000000000000e+00 -7.617838119049693546e+00
0.000000000000000000e+00 -7.835756198548449625e+00
0.000000000000000000e+00 -7.835756198548449625e+00
0.000000000000000000e+00 -7.876553279345406722e+00
0.000000000000000000e+00 -7.876553279345406722e+00
0.000000000000000000e+00 -7.876553279345406722e+00
0.000000000000000000e+00 -7.876553279345406722e+00
0.000000000000000000e+00 -7.876553279345406722e+00
0.000000000000000000e+00 -7.876553279345406722e+00
0.000000000000000000e+00 -7.876553279345406722e+00
0.000000000000000000e+00 -7.876553279345406722e+00
0.000000000000000000e+00 -7.876553279345406722e+00
0.000000000000000000e+00 -7.876553279345406722e+00
0.000000000000000000e+00 -7.876553279345406722e+00
0.000000000000000000e+00 -7.876553279345406722e+00
0.000000000000000000e+00 -7.876553279345406722e+00
1.000000000000000000e+00 1.197010007209800220e+00
1.000000000000000000e+00 -1.908493751643738634e-01
1.000000000000000000e+00 -1.908493751643738634e-01
1.000000000000000000e+00 -2.508944445089823283e+00
1.000000000000000000e+00 -3.379960808642548109e+00
1.000000000000000000e+00 -3.379960808642548109e+00
1.000000000000000000e+00 -3.379960808642548109e+00
1.000000000000000000e+00 -5.588100135096977006e+00
1.000000000000000000e+00 -5.588100135096977006e+00
1.000000000000000000e+00 -5.956595196537914028e+00
1.000000000000000000e+00 -5.956595196537914028e+00
1.000000000000000000e+00 -7.852434385177366138e+00
1.000000000000000000e+00 -7.852434385177366138e+00
1.000000000000000000e+00 -7.852434385177366138e+00
1.000000000000000000e+00 -7.852434385177366138e+00
1.000000000000000000e+00 -7.852434385177366138e+00
1.000000000000000000e+00 -7.852434385177366138e+00
1.000000000000000000e+00 -7.852434385177366138e+00
1.000000000000000000e+00 -7.852434385177366138e+00
1.000000000000000000e+00 -7.852434385177366138e+00
1.000000000000000000e+00 -7.852434385177366138e+00
1.000000000000000000e+00 -7.852434385177366138e+00
1.000000000000000000e+00 -7.852434385177366138e+00
1.000000000000000000e+00 -7.884858655524182858e+00
1.000000000000000000e+00 -7.884858655524182858e+00
1.000000000000000000e+00 -7.884858655524182858e+00
1.000000000000000000e+00 -7.884858655524182858e+00
1.000000000000000000e+00 -7.884858655524182858e+00
1.000000000000000000e+00 -7.884858655524182858e+00
1.000000000000000000e+00 -7.884858655524182858e+00
2.000000000000000000e+00 2.776923062972583622e+00
2.000000000000000000e+00 2.194706731890425200e+00
2.000000000000000000e+00 2.194706731890425200e+00
2.000000000000000000e+00 2.194706731890425200e+00
2.000000000000000000e+00 1.634197785125565572e+00
2.000000000000000000e+00 1.634197785125565572e+00
2.000000000000000000e+00 1.634197785125565572e+00
2.000000000000000000e+00 1.620499326702427911e+00
2.000000000000000000e+00 -5.644256438696367839e-01
2.000000000000000000e+00 -2.390024704303469250e+00
2.000000000000000000e+00 -2.390024704303469250e+00
2.000000000000000000e+00 -5.216579896764218738e+00
2.000000000000000000e+00 -6.794511158570313292e+00
2.000000000000000000e+00 -7.803389991286438843e+00
2.000000000000000000e+00 -7.803389991286438843e+00
2.000000000000000000e+00 -7.803389991286438843e+00
2.000000000000000000e+00 -7.803389991286438843e+00
2.000000000000000000e+00 -7.803389991286438843e+00
2.000000000000000000e+00 -7.884858655524182858e+00
2.000000000000000000e+00 -7.884858655524182858e+00
2.000000000000000000e+00 -7.884858655524182858e+00
2.000000000000000000e+00 -7.884858655524182858e+00
2.000000000000000000e+00 -7.884858655524182858e+00
2.000000000000000000e+00 -7.884858655524182858e+00
2.000000000000000000e+00 -7.884858655524182858e+00
2.000000000000000000e+00 -7.884858655524182858e+00
2.000000000000000000e+00 -7.884858655524182858e+00
2.000000000000000000e+00 -7.884858655524182858e+00
2.000000000000000000e+00 -7.884858655524182858e+00
2.000000000000000000e+00 -7.884858655524182858e+00
