0.000000000000000000e+00 0.000000000000000000e+00
0.000000000000000000e+00 2.164269786354207881e+01
0.000000000000000000e+00 2.164269786354207881e+01
0.000000000000000000e+00 3.499316231329057558e+00
0.000000000000000000e+00 3.499316231329057558e+00
0.000000000000000000e+00 3.499316231329057558e+00
0.000000000000000000e+00 3.499316231329057558e+00
0.000000000000000000e+00 3.499316231329057558e+00
0.000000000000000000e+00 3.499316231329057558e+00
0.000000000000000000e+00 3.499316231329057558e+00
0.000000000000000000e+00 3.499316231329057558e+00
0.000000000000000000e+00 3.499316231329057558e+00
0.000000000000000000e+00 3.499316231329057558e+00
0.000000000000000000e+00 3.499316231329057558e+00
0.000000000000000000e+00 3.499316231329057558e+00
0.000000000000000000e+00 3.499316231329057558e+00
0.000000000000000000e+00 3.499316231329057558e+00
0.000000000000000000e+00 3.499316231329057558e+00
0.000000000000000000e+00 3.499316231329057558e+00
0.000000000000000000e+00 3.499316231329057558e+00
0.000000000000000000e+00 2.562155565170836979e+00
0.000000000000000000e+00 2.562155565170836979e+00
0.000000000000000000e+00 2.562155565170836979e+00
0.000000000000000000e+00 2.562155565170836979e+00
0.000000000000000000e+00 2.562155565170836979e+00
0.000000000000000000e+00 2.562155565170836979e+00
0.000000000000000000e+00 2.562155565170836979e+00
0.000000000000000000e+00 2.562155565170836979e+00
0.000000000000000000e+00 2.562155565170836979e+00
0.000000000000000000e+00 2.562155565170836979e+00
0.000000000000000000e+00 2.562155565170836979e+00
1.000000000000000000e+00 6.248127796131480061e+00
1.000000000000000000e+00 6.248127796131480061e+00
1.000000000000000000e+00 6.248127796131480061e+00
1.000000000000000000e+00 6.248127796131480061e+00
1.000000000000000000e+00 6.248127796131480061e+00
1.000000000000000000e+00 6.248127796131480061e+00
1.000000000000000000e+00 6.248127796131480061e+00
1.000000000000000000e+00 6.248127796131480061e+00
1.000000000000000000e+00 6.248127796131480061e+00
1.000000000000000000e+00 2.919262074005538388e+00
1.000000000000000000e+00 2.919262074005538388e+00
1.000000000000000000e+00 2.919262074005538388e+00
1.000000000000000000e+00 2.919262074005538388e+00
1.000000000000000000e+00 2.919262074005538388e+00
1.000000000000000000e+00 2.919262074005538388e+00
1.000000000000000000e+00 1.158631878042957197e+00
1.000000000000000000e+00 1.158631878042957197e+00
1.000000000000000000e+00 1.158631878042957197e+00
1.000000000000000000e+00 1.158631878042957197e+00
1.000000000000000000e+00 1.158631878042957197e+00
1.000000000000000000e+00 1.158631878042957197e+00
1.000000000000000000e+00 1.158631878042957197e+00
1.000000000000000000e+00 1.158631878042957197e+00
1.000000000000000000e+00 1.158631878042957197e+00
1.000000000000000000e+00 1.158631878042957197e+00
1.000000000000000000e+00 1.158631878042957197e+00
1.000000000000000000e+00 1.158631878042957197e+00
1.000000000000000000e+00 1.158631878042957197e+00
1.000000000000000000e+00 1.158631878042957197e+00
1.000000000000000000e+00 1.158631878042957197e+00
