6.917690817227613358e-310 6.917690817227613358e-310
0.000000000000000000e+00 2.112601168158417764e+01
0.000000000000000000e+00 2.079396052110681126e+01
0.000000000000000000e+00 2.079396052110681126e+01
0.000000000000000000e+00 2.079396052110681126e+01
0.000000000000000000e+00 1.917292062195239311e+01
0.000000000000000000e+00 1.809743263371456834e+01
0.000000000000000000e+00 1.809743263371456834e+01
0.000000000000000000e+00 1.809743263371456834e+01
0.000000000000000000e+00 1.809743263371456834e+01
0.000000000000000000e+00 1.809743263371456834e+01
0.000000000000000000e+00 1.809743263371456834e+01
0.000000000000000000e+00 1.809743263371456834e+01
0.000000000000000000e+00 1.809743263371456834e+01
0.000000000000000000e+00 1.809743263371456834e+01
0.000000000000000000e+00 1.383778849463866933e+01
0.000000000000000000e+00 1.078101020322479897e+01
0.000000000000000000e+00 7.660354817710320674e+00
0.000000000000000000e+00 7.660354817710320674e+00
0.000000000000000000e+00 7.660354817710320674e+00
0.000000000000000000e+00 7.352918423683481919e+00
0.000000000000000000e+00 7.352918423683481919e+00
0.000000000000000000e+00 7.352918423683481919e+00
0.000000000000000000e+00 6.865470264169347914e+00
0.000000000000000000e+00 6.865470264169347914e+00
0.000000000000000000e+00 6.403761807721648935e+00
0.000000000000000000e+00 6.403761807721648935e+00
0.000000000000000000e+00 2.904028808244540016e+00
0.000000000000000000e+00 2.904028808244540016e+00
0.000000000000000000e+00 2.904028808244540016e+00
0.000000000000000000e+00 2.904028808244540016e+00
