5.740740740740741810e-01 7.098765432098763650e-01
0.000000000000000000e+00 2.164269786354207881e+01
0.000000000000000000e+00 2.164269786354207881e+01
0.000000000000000000e+00 3.499316231329057558e+00
0.000000000000000000e+00 3.499316231329057558e+00
0.000000000000000000e+00 3.499316231329057558e+00
0.000000000000000000e+00 3.499316231329057558e+00
0.000000000000000000e+00 3.499316231329057558e+00
0.000000000000000000e+00 3.499316231329057558e+00
0.000000000000000000e+00 3.499316231329057558e+00
0.000000000000000000e+00 3.499316231329057558e+00
0.000000000000000000e+00 3.499316231329057558e+00
0.000000000000000000e+00 3.499316231329057558e+00
0.000000000000000000e+00 3.499316231329057558e+00
0.000000000000000000e+00 3.499316231329057558e+00
0.000000000000000000e+00 3.499316231329057558e+00
0.000000000000000000e+00 2.070628007414174299e+00
0.000000000000000000e+00 2.070628007414174299e+00
0.000000000000000000e+00 1.984433090410057332e+00
0.000000000000000000e+00 1.984433090410057332e+00
0.000000000000000000e+00 1.965723761586691154e+00
0.000000000000000000e+00 1.965723761586691154e+00
0.000000000000000000e+00 1.965723761586691154e+00
0.000000000000000000e+00 1.965723761586691154e+00
0.000000000000000000e+00 1.965723761586691154e+00
0.000000000000000000e+00 1.637320876862295549e+00
0.000000000000000000e+00 1.136123175650322281e+00
0.000000000000000000e+00 1.136123175650322281e+00
0.000000000000000000e+00 6.710606686070565985e-01
0.000000000000000000e+00 4.109575791120665400e-01
0.000000000000000000e+00 4.109575791120665400e-01
