6.917690817226032348e-310 6.917690817226032348e-310
0.000000000000000000e+00 2.112601168158417764e+01
0.000000000000000000e+00 2.079396052110681126e+01
0.000000000000000000e+00 2.079396052110681126e+01
0.000000000000000000e+00 2.079396052110681126e+01
0.000000000000000000e+00 1.917292062195239311e+01
0.000000000000000000e+00 1.809743263371456834e+01
0.000000000000000000e+00 1.809743263371456834e+01
0.000000000000000000e+00 1.809743263371456834e+01
0.000000000000000000e+00 1.809743263371456834e+01
0.000000000000000000e+00 1.809743263371456834e+01
0.000000000000000000e+00 1.809743263371456834e+01
0.000000000000000000e+00 1.809743263371456834e+01
0.000000000000000000e+00 1.809743263371456834e+01
0.000000000000000000e+00 1.809743263371456834e+01
0.000000000000000000e+00 1.809743263371456834e+01
0.000000000000000000e+00 1.809743263371456834e+01
0.000000000000000000e+00 1.809743263371456834e+01
0.000000000000000000e+00 1.809743263371456834e+01
0.000000000000000000e+00 1.809743263371456834e+01
0.000000000000000000e+00 1.809743263371456834e+01
0.000000000000000000e+00 1.809743263371456834e+01
0.000000000000000000e+00 1.809743263371456834e+01
0.000000000000000000e+00 1.809743263371456834e+01
0.000000000000000000e+00 1.809743263371456834e+01
0.000000000000000000e+00 1.809743263371456834e+01
0.000000000000000000e+00 1.809743263371456834e+01
0.000000000000000000e+00 1.809743263371456834e+01
0.000000000000000000e+00 1.809743263371456834e+01
0.000000000000000000e+00 1.809743263371456834e+01
0.000000000000000000e+00 1.809743263371456834e+01
