1.306848733578037333e-312 1.306848733578037333e-312
0.000000000000000000e+00 6.425549442455059934e-02
0.000000000000000000e+00 -1.967607081209760134e-01
0.000000000000000000e+00 -1.024496482334989977e+01
0.000000000000000000e+00 -1.024496482334989977e+01
0.000000000000000000e+00 -1.024496482334989977e+01
0.000000000000000000e+00 -1.024496482334989977e+01
0.000000000000000000e+00 -1.024496482334989977e+01
0.000000000000000000e+00 -1.024496482334989977e+01
0.000000000000000000e+00 -2.062721489315030965e+01
0.000000000000000000e+00 -2.062721489315030965e+01
0.000000000000000000e+00 -2.062721489315030965e+01
0.000000000000000000e+00 -2.062721489315030965e+01
0.000000000000000000e+00 -2.062721489315030965e+01
0.000000000000000000e+00 -2.062721489315030965e+01
0.000000000000000000e+00 -2.062721489315030965e+01
0.000000000000000000e+00 -2.062721489315030965e+01
0.000000000000000000e+00 -2.062721489315030965e+01
0.000000000000000000e+00 -2.062721489315030965e+01
0.000000000000000000e+00 -2.062721489315030965e+01
0.000000000000000000e+00 -2.062721489315030965e+01
0.000000000000000000e+00 -2.062721489315030965e+01
0.000000000000000000e+00 -2.062721489315030965e+01
0.000000000000000000e+00 -2.062721489315030965e+01
0.000000000000000000e+00 -2.062721489315030965e+01
0.000000000000000000e+00 -2.062721489315030965e+01
0.000000000000000000e+00 -2.062721489315030965e+01
0.000000000000000000e+00 -2.062721489315030965e+01
0.000000000000000000e+00 -2.062721489315030965e+01
0.000000000000000000e+00 -2.062721489315030965e+01
0.000000000000000000e+00 -2.062721489315030965e+01
0.000000000000000000e+00 -2.062721489315030965e+01
0.000000000000000000e+00 -2.062721489315030965e+01
0.000000000000000000e+00 -2.062721489315030965e+01
0.000000000000000000e+00 -2.062721489315030965e+01
0.000000000000000000e+00 -2.062721489315030965e+01
0.000000000000000000e+00 -2.062721489315030965e+01
0.000000000000000000e+00 -2.062721489315030965e+01
0.000000000000000000e+00 -2.062721489315030965e+01
0.000000000000000000e+00 -2.062721489315030965e+01
0.000000000000000000e+00 -2.062721489315030965e+01
0.000000000000000000e+00 -2.062721489315030965e+01
0.000000000000000000e+00 -2.062721489315030965e+01
0.000000000000000000e+00 -2.062721489315030965e+01
0.000000000000000000e+00 -2.062721489315030965e+01
0.000000000000000000e+00 -2.062721489315030965e+01
0.000000000000000000e+00 -2.062721489315030965e+01
0.000000000000000000e+00 -2.062721489315030965e+01
0.000000000000000000e+00 -2.062721489315030965e+01
0.000000000000000000e+00 -2.062721489315030965e+01
0.000000000000000000e+00 -2.062721489315030965e+01
0.000000000000000000e+00 -2.062721489315030965e+01
0.000000000000000000e+00 -2.062721489315030965e+01
0.000000000000000000e+00 -2.062721489315030965e+01
0.000000000000000000e+00 -2.062721489315030965e+01
0.000000000000000000e+00 -2.062721489315030965e+01
0.000000000000000000e+00 -2.062721489315030965e+01
0.000000000000000000e+00 -2.062721489315030965e+01
0.000000000000000000e+00 -2.062721489315030965e+01
0.000000000000000000e+00 -2.062721489315030965e+01
0.000000000000000000e+00 -2.062721489315030965e+01
0.000000000000000000e+00 -2.062721489315030965e+01
0.000000000000000000e+00 -2.062721489315030965e+01
0.000000000000000000e+00 -2.062721489315030965e+01
0.000000000000000000e+00 -2.062721489315030965e+01
0.000000000000000000e+00 -2.062721489315030965e+01
0.000000000000000000e+00 -2.062721489315030965e+01
0.000000000000000000e+00 -2.062721489315030965e+01
0.000000000000000000e+00 -2.062721489315030965e+01
0.000000000000000000e+00 -2.062721489315030965e+01
0.000000000000000000e+00 -2.062721489315030965e+01
0.000000000000000000e+00 -2.062721489315030965e+01
0.000000000000000000e+00 -2.062721489315030965e+01
0.000000000000000000e+00 -2.062721489315030965e+01
0.000000000000000000e+00 -2.062721489315030965e+01
0.000000000000000000e+00 -2.062721489315030965e+01
1.000000000000000000e+00 1.293374060714020679e+01
1.000000000000000000e+00 -3.415168217648839599e-01
1.000000000000000000e+00 -3.415168217648839599e-01
1.000000000000000000e+00 -6.490863968546997098e-01
1.000000000000000000e+00 -6.490863968546997098e-01
1.000000000000000000e+00 -1.250701409937488684e+00
1.000000000000000000e+00 -1.250701409937488684e+00
1.000000000000000000e+00 -1.250701409937488684e+00
1.000000000000000000e+00 -1.943041684857879314e+00
1.000000000000000000e+00 -1.943041684857879314e+00
1.000000000000000000e+00 -2.350715472276638351e+01
1.000000000000000000e+00 -2.350715472276638351e+01
1.000000000000000000e+00 -2.350715472276638351e+01
1.000000000000000000e+00 -2.350715472276638351e+01
1.000000000000000000e+00 -2.350715472276638351e+01
1.000000000000000000e+00 -2.350715472276638351e+01
1.000000000000000000e+00 -2.350715472276638351e+01
1.000000000000000000e+00 -2.350715472276638351e+01
1.000000000000000000e+00 -2.350715472276638351e+01
1.000000000000000000e+00 -2.350715472276638351e+01
1.000000000000000000e+00 -2.350715472276638351e+01
1.000000000000000000e+00 -2.350715472276638351e+01
1.000000000000000000e+00 -2.350715472276638351e+01
1.000000000000000000e+00 -2.350715472276638351e+01
1.000000000000000000e+00 -2.350715472276638351e+01
1.000000000000000000e+00 -2.350715472276638351e+01
1.000000000000000000e+00 -2.350715472276638351e+01
1.000000000000000000e+00 -2.350715472276638351e+01
1.000000000000000000e+00 -2.350715472276638351e+01
1.000000000000000000e+00 -2.350715472276638351e+01
1.000000000000000000e+00 -2.350715472276638351e+01
1.000000000000000000e+00 -2.350715472276638351e+01
1.000000000000000000e+00 -2.350715472276638351e+01
1.000000000000000000e+00 -2.350715472276638351e+01
1.000000000000000000e+00 -2.350715472276638351e+01
1.000000000000000000e+00 -2.350715472276638351e+01
1.000000000000000000e+00 -2.350715472276638351e+01
1.000000000000000000e+00 -2.350715472276638351e+01
1.000000000000000000e+00 -2.350715472276638351e+01
1.000000000000000000e+00 -2.350715472276638351e+01
1.000000000000000000e+00 -2.350715472276638351e+01
1.000000000000000000e+00 -2.350715472276638351e+01
1.000000000000000000e+00 -2.350715472276638351e+01
1.000000000000000000e+00 -2.350715472276638351e+01
1.000000000000000000e+00 -2.350715472276638351e+01
1.000000000000000000e+00 -2.350715472276638351e+01
1.000000000000000000e+00 -2.350715472276638351e+01
1.000000000000000000e+00 -2.350715472276638351e+01
1.000000000000000000e+00 -2.350715472276638351e+01
1.000000000000000000e+00 -2.350715472276638351e+01
1.000000000000000000e+00 -2.350715472276638351e+01
1.000000000000000000e+00 -2.350715472276638351e+01
1.000000000000000000e+00 -2.350715472276638351e+01
1.000000000000000000e+00 -2.350715472276638351e+01
1.000000000000000000e+00 -2.350715472276638351e+01
1.000000000000000000e+00 -2.350715472276638351e+01
1.000000000000000000e+00 -2.350715472276638351e+01
1.000000000000000000e+00 -2.350715472276638351e+01
1.000000000000000000e+00 -2.350715472276638351e+01
1.000000000000000000e+00 -2.350715472276638351e+01
1.000000000000000000e+00 -2.350715472276638351e+01
1.000000000000000000e+00 -2.350715472276638351e+01
1.000000000000000000e+00 -2.350715472276638351e+01
1.000000000000000000e+00 -2.350715472276638351e+01
1.000000000000000000e+00 -2.350715472276638351e+01
1.000000000000000000e+00 -2.350715472276638351e+01
1.000000000000000000e+00 -2.350715472276638351e+01
1.000000000000000000e+00 -2.350715472276638351e+01
1.000000000000000000e+00 -2.350715472276638351e+01
1.000000000000000000e+00 -2.350715472276638351e+01
1.000000000000000000e+00 -2.350715472276638351e+01
1.000000000000000000e+00 -2.350715472276638351e+01
1.000000000000000000e+00 -2.350715472276638351e+01
1.000000000000000000e+00 -2.350715472276638351e+01
1.000000000000000000e+00 -2.350715472276638351e+01
2.000000000000000000e+00 -8.239226490081922316e-01
2.000000000000000000e+00 -8.239226490081922316e-01
2.000000000000000000e+00 -8.239226490081922316e-01
2.000000000000000000e+00 -8.239226490081922316e-01
2.000000000000000000e+00 -8.239226490081922316e-01
2.000000000000000000e+00 -8.239226490081922316e-01
2.000000000000000000e+00 -8.239226490081922316e-01
2.000000000000000000e+00 -8.239226490081922316e-01
2.000000000000000000e+00 -8.239226490081922316e-01
2.000000000000000000e+00 -8.239226490081922316e-01
2.000000000000000000e+00 -3.068183097367646717e+00
2.000000000000000000e+00 -3.068183097367646717e+00
2.000000000000000000e+00 -4.747577026349071083e+00
2.000000000000000000e+00 -4.747577026349071083e+00
2.000000000000000000e+00 -1.040155794655392896e+01
2.000000000000000000e+00 -1.040155794655392896e+01
2.000000000000000000e+00 -1.040155794655392896e+01
2.000000000000000000e+00 -1.040155794655392896e+01
2.000000000000000000e+00 -1.040155794655392896e+01
2.000000000000000000e+00 -1.040155794655392896e+01
2.000000000000000000e+00 -1.040155794655392896e+01
2.000000000000000000e+00 -1.040155794655392896e+01
2.000000000000000000e+00 -1.040155794655392896e+01
2.000000000000000000e+00 -1.040155794655392896e+01
2.000000000000000000e+00 -1.040155794655392896e+01
2.000000000000000000e+00 -1.040155794655392896e+01
2.000000000000000000e+00 -1.040155794655392896e+01
2.000000000000000000e+00 -1.040155794655392896e+01
2.000000000000000000e+00 -1.744978649629331358e+01
2.000000000000000000e+00 -1.744978649629331358e+01
2.000000000000000000e+00 -1.744978649629331358e+01
2.000000000000000000e+00 -1.744978649629331358e+01
2.000000000000000000e+00 -1.744978649629331358e+01
2.000000000000000000e+00 -3.454128529203235587e+01
2.000000000000000000e+00 -3.454128529203235587e+01
2.000000000000000000e+00 -3.454128529203235587e+01
2.000000000000000000e+00 -3.454128529203235587e+01
2.000000000000000000e+00 -3.454128529203235587e+01
2.000000000000000000e+00 -3.454128529203235587e+01
2.000000000000000000e+00 -3.454128529203235587e+01
2.000000000000000000e+00 -3.454128529203235587e+01
2.000000000000000000e+00 -3.454128529203235587e+01
2.000000000000000000e+00 -3.454128529203235587e+01
2.000000000000000000e+00 -3.454128529203235587e+01
2.000000000000000000e+00 -3.454128529203235587e+01
2.000000000000000000e+00 -3.454128529203235587e+01
2.000000000000000000e+00 -3.454128529203235587e+01
2.000000000000000000e+00 -3.454128529203235587e+01
2.000000000000000000e+00 -3.454128529203235587e+01
2.000000000000000000e+00 -3.454128529203235587e+01
2.000000000000000000e+00 -3.454128529203235587e+01
2.000000000000000000e+00 -3.454128529203235587e+01
2.000000000000000000e+00 -3.454128529203235587e+01
2.000000000000000000e+00 -3.454128529203235587e+01
2.000000000000000000e+00 -3.454128529203235587e+01
2.000000000000000000e+00 -3.454128529203235587e+01
2.000000000000000000e+00 -3.454128529203235587e+01
2.000000000000000000e+00 -3.454128529203235587e+01
2.000000000000000000e+00 -3.454128529203235587e+01
2.000000000000000000e+00 -3.454128529203235587e+01
2.000000000000000000e+00 -3.454128529203235587e+01
2.000000000000000000e+00 -3.454128529203235587e+01
2.000000000000000000e+00 -3.454128529203235587e+01
2.000000000000000000e+00 -3.454128529203235587e+01
2.000000000000000000e+00 -3.454128529203235587e+01
2.000000000000000000e+00 -3.454128529203235587e+01
2.000000000000000000e+00 -3.454128529203235587e+01
2.000000000000000000e+00 -3.454128529203235587e+01
2.000000000000000000e+00 -3.454128529203235587e+01
2.000000000000000000e+00 -3.454128529203235587e+01
2.000000000000000000e+00 -3.454128529203235587e+01
2.000000000000000000e+00 -3.454128529203235587e+01
2.000000000000000000e+00 -3.454128529203235587e+01
2.000000000000000000e+00 -3.454128529203235587e+01
2.000000000000000000e+00 -3.454128529203235587e+01
3.000000000000000000e+00 -7.045541038493749575e+00
3.000000000000000000e+00 -7.045541038493749575e+00
3.000000000000000000e+00 -7.045541038493749575e+00
3.000000000000000000e+00 -2.171666294870533065e+01
3.000000000000000000e+00 -2.171666294870533065e+01
3.000000000000000000e+00 -2.171666294870533065e+01
3.000000000000000000e+00 -2.171666294870533065e+01
3.000000000000000000e+00 -2.171666294870533065e+01
3.000000000000000000e+00 -2.171666294870533065e+01
3.000000000000000000e+00 -2.171666294870533065e+01
3.000000000000000000e+00 -2.179465829702112245e+01
3.000000000000000000e+00 -2.179465829702112245e+01
3.000000000000000000e+00 -2.179465829702112245e+01
3.000000000000000000e+00 -2.179465829702112245e+01
3.000000000000000000e+00 -2.179465829702112245e+01
3.000000000000000000e+00 -2.179465829702112245e+01
3.000000000000000000e+00 -2.179465829702112245e+01
3.000000000000000000e+00 -2.179465829702112245e+01
3.000000000000000000e+00 -2.179465829702112245e+01
3.000000000000000000e+00 -2.179465829702112245e+01
3.000000000000000000e+00 -2.179465829702112245e+01
3.000000000000000000e+00 -2.179465829702112245e+01
3.000000000000000000e+00 -2.179465829702112245e+01
3.000000000000000000e+00 -2.179465829702112245e+01
3.000000000000000000e+00 -2.179465829702112245e+01
3.000000000000000000e+00 -2.179465829702112245e+01
3.000000000000000000e+00 -2.179465829702112245e+01
3.000000000000000000e+00 -2.179465829702112245e+01
3.000000000000000000e+00 -2.179465829702112245e+01
3.000000000000000000e+00 -3.454128529203235587e+01
3.000000000000000000e+00 -3.454128529203235587e+01
3.000000000000000000e+00 -3.454128529203235587e+01
3.000000000000000000e+00 -3.454128529203235587e+01
3.000000000000000000e+00 -3.454128529203235587e+01
3.000000000000000000e+00 -3.454128529203235587e+01
3.000000000000000000e+00 -3.454128529203235587e+01
3.000000000000000000e+00 -3.454128529203235587e+01
3.000000000000000000e+00 -3.454128529203235587e+01
3.000000000000000000e+00 -3.454128529203235587e+01
3.000000000000000000e+00 -3.454128529203235587e+01
3.000000000000000000e+00 -3.454128529203235587e+01
3.000000000000000000e+00 -3.454128529203235587e+01
3.000000000000000000e+00 -3.454128529203235587e+01
3.000000000000000000e+00 -3.454128529203235587e+01
3.000000000000000000e+00 -3.454128529203235587e+01
3.000000000000000000e+00 -3.454128529203235587e+01
3.000000000000000000e+00 -3.454128529203235587e+01
3.000000000000000000e+00 -3.454128529203235587e+01
3.000000000000000000e+00 -3.454128529203235587e+01
3.000000000000000000e+00 -3.454128529203235587e+01
3.000000000000000000e+00 -3.454128529203235587e+01
3.000000000000000000e+00 -3.454128529203235587e+01
3.000000000000000000e+00 -3.454128529203235587e+01
3.000000000000000000e+00 -3.454128529203235587e+01
3.000000000000000000e+00 -3.454128529203235587e+01
3.000000000000000000e+00 -3.454128529203235587e+01
3.000000000000000000e+00 -3.454128529203235587e+01
3.000000000000000000e+00 -3.454128529203235587e+01
3.000000000000000000e+00 -3.454128529203235587e+01
3.000000000000000000e+00 -3.454128529203235587e+01
3.000000000000000000e+00 -3.454128529203235587e+01
3.000000000000000000e+00 -3.454128529203235587e+01
3.000000000000000000e+00 -3.454128529203235587e+01
3.000000000000000000e+00 -3.454128529203235587e+01
3.000000000000000000e+00 -3.454128529203235587e+01
3.000000000000000000e+00 -3.454128529203235587e+01
3.000000000000000000e+00 -3.454128529203235587e+01
3.000000000000000000e+00 -3.454128529203235587e+01
3.000000000000000000e+00 -3.454128529203235587e+01
3.000000000000000000e+00 -3.454128529203235587e+01
3.000000000000000000e+00 -3.454128529203235587e+01
3.000000000000000000e+00 -3.454128529203235587e+01
3.000000000000000000e+00 -3.454128529203235587e+01
3.000000000000000000e+00 -3.454128529203235587e+01
3.000000000000000000e+00 -3.454128529203235587e+01
4.000000000000000000e+00 8.790135486494837780e-01
4.000000000000000000e+00 8.790135486494837780e-01
4.000000000000000000e+00 -8.637419735762174255e+00
4.000000000000000000e+00 -8.637419735762174255e+00
4.000000000000000000e+00 -8.637419735762174255e+00
4.000000000000000000e+00 -8.637419735762174255e+00
4.000000000000000000e+00 -8.637419735762174255e+00
4.000000000000000000e+00 -8.637419735762174255e+00
4.000000000000000000e+00 -8.637419735762174255e+00
4.000000000000000000e+00 -8.637419735762174255e+00
4.000000000000000000e+00 -8.637419735762174255e+00
4.000000000000000000e+00 -8.637419735762174255e+00
4.000000000000000000e+00 -8.637419735762174255e+00
4.000000000000000000e+00 -8.637419735762174255e+00
4.000000000000000000e+00 -8.637419735762174255e+00
4.000000000000000000e+00 -8.637419735762174255e+00
4.000000000000000000e+00 -7.607482096307656150e+01
4.000000000000000000e+00 -7.607482096307656150e+01
4.000000000000000000e+00 -7.607482096307656150e+01
4.000000000000000000e+00 -7.607482096307656150e+01
4.000000000000000000e+00 -7.607482096307656150e+01
4.000000000000000000e+00 -7.607482096307656150e+01
4.000000000000000000e+00 -7.607482096307656150e+01
4.000000000000000000e+00 -7.607482096307656150e+01
4.000000000000000000e+00 -7.607482096307656150e+01
4.000000000000000000e+00 -7.607482096307656150e+01
4.000000000000000000e+00 -7.607482096307656150e+01
4.000000000000000000e+00 -7.607482096307656150e+01
4.000000000000000000e+00 -7.607482096307656150e+01
4.000000000000000000e+00 -7.607482096307656150e+01
4.000000000000000000e+00 -7.607482096307656150e+01
4.000000000000000000e+00 -7.607482096307656150e+01
4.000000000000000000e+00 -7.607482096307656150e+01
4.000000000000000000e+00 -7.607482096307656150e+01
4.000000000000000000e+00 -7.607482096307656150e+01
4.000000000000000000e+00 -7.607482096307656150e+01
4.000000000000000000e+00 -7.607482096307656150e+01
4.000000000000000000e+00 -7.607482096307656150e+01
4.000000000000000000e+00 -7.607482096307656150e+01
4.000000000000000000e+00 -7.607482096307656150e+01
4.000000000000000000e+00 -7.607482096307656150e+01
4.000000000000000000e+00 -7.607482096307656150e+01
4.000000000000000000e+00 -7.607482096307656150e+01
4.000000000000000000e+00 -7.607482096307656150e+01
4.000000000000000000e+00 -7.607482096307656150e+01
4.000000000000000000e+00 -7.607482096307656150e+01
4.000000000000000000e+00 -7.607482096307656150e+01
4.000000000000000000e+00 -7.607482096307656150e+01
4.000000000000000000e+00 -7.607482096307656150e+01
4.000000000000000000e+00 -7.607482096307656150e+01
4.000000000000000000e+00 -7.607482096307656150e+01
4.000000000000000000e+00 -7.607482096307656150e+01
4.000000000000000000e+00 -7.607482096307656150e+01
4.000000000000000000e+00 -7.607482096307656150e+01
4.000000000000000000e+00 -7.607482096307656150e+01
4.000000000000000000e+00 -7.607482096307656150e+01
4.000000000000000000e+00 -7.607482096307656150e+01
4.000000000000000000e+00 -7.607482096307656150e+01
4.000000000000000000e+00 -7.607482096307656150e+01
4.000000000000000000e+00 -7.607482096307656150e+01
4.000000000000000000e+00 -7.607482096307656150e+01
4.000000000000000000e+00 -7.607482096307656150e+01
4.000000000000000000e+00 -7.607482096307656150e+01
4.000000000000000000e+00 -7.607482096307656150e+01
4.000000000000000000e+00 -7.607482096307656150e+01
4.000000000000000000e+00 -7.607482096307656150e+01
4.000000000000000000e+00 -7.607482096307656150e+01
4.000000000000000000e+00 -7.607482096307656150e+01
4.000000000000000000e+00 -7.607482096307656150e+01
4.000000000000000000e+00 -7.607482096307656150e+01
4.000000000000000000e+00 -7.607482096307656150e+01
4.000000000000000000e+00 -7.607482096307656150e+01
4.000000000000000000e+00 -7.607482096307656150e+01
4.000000000000000000e+00 -7.607482096307656150e+01
4.000000000000000000e+00 -7.607482096307656150e+01
