6.917690817229194368e-310 2.897083952468134528e-316
0.000000000000000000e+00 2.112601168158417764e+01
0.000000000000000000e+00 2.079396052110681126e+01
0.000000000000000000e+00 2.079396052110681126e+01
0.000000000000000000e+00 2.079396052110681126e+01
0.000000000000000000e+00 1.917292062195239311e+01
0.000000000000000000e+00 1.809743263371456834e+01
0.000000000000000000e+00 1.809743263371456834e+01
0.000000000000000000e+00 1.809743263371456834e+01
0.000000000000000000e+00 1.809743263371456834e+01
0.000000000000000000e+00 1.809743263371456834e+01
0.000000000000000000e+00 1.529250252497056017e+01
0.000000000000000000e+00 1.529250252497056017e+01
0.000000000000000000e+00 1.512734470916546670e+01
0.000000000000000000e+00 1.480408969743152880e+01
0.000000000000000000e+00 1.348910053439987600e+01
0.000000000000000000e+00 3.774290988769080535e+00
0.000000000000000000e+00 3.774290988769080535e+00
0.000000000000000000e+00 3.774290988769080535e+00
0.000000000000000000e+00 3.774290988769080535e+00
0.000000000000000000e+00 3.774290988769080535e+00
0.000000000000000000e+00 3.774290988769080535e+00
0.000000000000000000e+00 3.774290988769080535e+00
0.000000000000000000e+00 3.774290988769080535e+00
0.000000000000000000e+00 3.774290988769080535e+00
0.000000000000000000e+00 3.774290988769080535e+00
0.000000000000000000e+00 3.774290988769080535e+00
0.000000000000000000e+00 3.774290988769080535e+00
0.000000000000000000e+00 3.774290988769080535e+00
0.000000000000000000e+00 3.774290988769080535e+00
0.000000000000000000e+00 3.774290988769080535e+00
