1.180917401413963229e-312 1.180917401413963229e-312
0.000000000000000000e+00 8.598833998489043839e-01
0.000000000000000000e+00 8.598833998489043839e-01
0.000000000000000000e+00 8.598833998489043839e-01
0.000000000000000000e+00 8.367886563499487007e-01
0.000000000000000000e+00 8.359923618201446638e-02
0.000000000000000000e+00 6.712727986528897739e-02
0.000000000000000000e+00 6.712727986528897739e-02
0.000000000000000000e+00 6.712727986528897739e-02
0.000000000000000000e+00 6.712727986528897739e-02
0.000000000000000000e+00 6.712727986528897739e-02
0.000000000000000000e+00 6.712727986528897739e-02
0.000000000000000000e+00 6.712727986528897739e-02
0.000000000000000000e+00 3.903349572200864870e-02
0.000000000000000000e+00 2.750258260089090412e-02
0.000000000000000000e+00 1.357873460326977644e-02
0.000000000000000000e+00 7.707346629258937827e-03
0.000000000000000000e+00 7.707346629258937827e-03
0.000000000000000000e+00 7.707346629258937827e-03
0.000000000000000000e+00 7.707346629258937827e-03
0.000000000000000000e+00 7.707346629258937827e-03
0.000000000000000000e+00 7.707346629258937827e-03
0.000000000000000000e+00 7.707346629258937827e-03
0.000000000000000000e+00 7.707346629258937827e-03
0.000000000000000000e+00 0.000000000000000000e+00
0.000000000000000000e+00 0.000000000000000000e+00
0.000000000000000000e+00 0.000000000000000000e+00
0.000000000000000000e+00 0.000000000000000000e+00
0.000000000000000000e+00 0.000000000000000000e+00
0.000000000000000000e+00 0.000000000000000000e+00
0.000000000000000000e+00 0.000000000000000000e+00
1.000000000000000000e+00 9.354440566768386089e-01
1.000000000000000000e+00 8.757936610149669177e-01
1.000000000000000000e+00 4.608210122361702243e-01
1.000000000000000000e+00 4.608210122361702243e-01
1.000000000000000000e+00 3.237122642093522851e-01
1.000000000000000000e+00 3.237122642093522851e-01
1.000000000000000000e+00 3.237122642093522851e-01
1.000000000000000000e+00 3.237122642093522851e-01
1.000000000000000000e+00 1.235456032512766700e-01
1.000000000000000000e+00 1.191100628478617141e-01
1.000000000000000000e+00 1.191100628478617141e-01
1.000000000000000000e+00 6.229045877849790150e-03
1.000000000000000000e+00 8.008972390719349506e-04
1.000000000000000000e+00 8.008972390719349506e-04
1.000000000000000000e+00 8.008972390719349506e-04
1.000000000000000000e+00 0.000000000000000000e+00
1.000000000000000000e+00 0.000000000000000000e+00
1.000000000000000000e+00 0.000000000000000000e+00
1.000000000000000000e+00 0.000000000000000000e+00
1.000000000000000000e+00 0.000000000000000000e+00
1.000000000000000000e+00 0.000000000000000000e+00
1.000000000000000000e+00 0.000000000000000000e+00
1.000000000000000000e+00 0.000000000000000000e+00
1.000000000000000000e+00 0.000000000000000000e+00
1.000000000000000000e+00 0.000000000000000000e+00
1.000000000000000000e+00 0.000000000000000000e+00
1.000000000000000000e+00 0.000000000000000000e+00
1.000000000000000000e+00 0.000000000000000000e+00
1.000000000000000000e+00 0.000000000000000000e+00
1.000000000000000000e+00 0.000000000000000000e+00
2.000000000000000000e+00 4.517739384641318301e-01
2.000000000000000000e+00 4.517739384641318301e-01
2.000000000000000000e+00 1.329245634769783968e-01
2.000000000000000000e+00 1.329245634769783968e-01
2.000000000000000000e+00 1.329245634769783968e-01
2.000000000000000000e+00 1.329245634769783968e-01
2.000000000000000000e+00 2.868218862860378443e-02
2.000000000000000000e+00 2.868218862860378443e-02
2.000000000000000000e+00 2.868218862860378443e-02
2.000000000000000000e+00 2.868218862860378443e-02
2.000000000000000000e+00 2.868218862860378443e-02
2.000000000000000000e+00 1.646090534979425396e-02
2.000000000000000000e+00 1.646090534979425396e-02
2.000000000000000000e+00 3.891864376847670778e-03
2.000000000000000000e+00 2.152637828093811184e-03
2.000000000000000000e+00 9.634183286573672284e-04
2.000000000000000000e+00 9.634183286573672284e-04
2.000000000000000000e+00 9.634183286573672284e-04
2.000000000000000000e+00 9.634183286573672284e-04
2.000000000000000000e+00 9.634183286573672284e-04
2.000000000000000000e+00 4.064421074023250122e-04
2.000000000000000000e+00 4.064421074023250122e-04
2.000000000000000000e+00 4.064421074023250122e-04
2.000000000000000000e+00 4.064421074023250122e-04
2.000000000000000000e+00 4.064421074023250122e-04
2.000000000000000000e+00 4.064421074023250122e-04
2.000000000000000000e+00 4.064421074023250122e-04
2.000000000000000000e+00 4.064421074023250122e-04
2.000000000000000000e+00 4.064421074023250122e-04
2.000000000000000000e+00 4.064421074023250122e-04
3.000000000000000000e+00 9.963259878035849448e-01
3.000000000000000000e+00 3.939866519796367816e-01
3.000000000000000000e+00 3.939866519796367816e-01
3.000000000000000000e+00 2.752559369782087706e-01
3.000000000000000000e+00 2.752559369782087706e-01
3.000000000000000000e+00 2.752559369782087706e-01
3.000000000000000000e+00 2.752559369782087706e-01
3.000000000000000000e+00 5.439395485168160849e-02
3.000000000000000000e+00 5.439395485168160849e-02
3.000000000000000000e+00 5.439395485168160849e-02
3.000000000000000000e+00 5.439395485168160849e-02
3.000000000000000000e+00 5.893410557333722544e-03
3.000000000000000000e+00 1.292642010990800163e-03
3.000000000000000000e+00 1.292642010990800163e-03
3.000000000000000000e+00 1.031158679891087775e-03
3.000000000000000000e+00 1.031158679891087775e-03
3.000000000000000000e+00 1.031158679891087775e-03
3.000000000000000000e+00 1.031158679891087775e-03
3.000000000000000000e+00 1.031158679891087775e-03
3.000000000000000000e+00 1.031158679891087775e-03
3.000000000000000000e+00 1.031158679891087775e-03
3.000000000000000000e+00 0.000000000000000000e+00
3.000000000000000000e+00 0.000000000000000000e+00
3.000000000000000000e+00 0.000000000000000000e+00
3.000000000000000000e+00 0.000000000000000000e+00
3.000000000000000000e+00 0.000000000000000000e+00
3.000000000000000000e+00 0.000000000000000000e+00
3.000000000000000000e+00 0.000000000000000000e+00
3.000000000000000000e+00 0.000000000000000000e+00
3.000000000000000000e+00 0.000000000000000000e+00
4.000000000000000000e+00 1.061948145015421341e+00
4.000000000000000000e+00 8.345387130345771620e-03
4.000000000000000000e+00 8.345387130345771620e-03
4.000000000000000000e+00 8.345387130345771620e-03
4.000000000000000000e+00 8.345387130345771620e-03
4.000000000000000000e+00 8.345387130345771620e-03
4.000000000000000000e+00 8.345387130345771620e-03
4.000000000000000000e+00 8.345387130345771620e-03
4.000000000000000000e+00 8.345387130345771620e-03
4.000000000000000000e+00 8.345387130345771620e-03
4.000000000000000000e+00 8.345387130345771620e-03
4.000000000000000000e+00 5.486968449931396014e-03
4.000000000000000000e+00 5.486968449931396014e-03
4.000000000000000000e+00 5.486968449931396014e-03
4.000000000000000000e+00 9.634183286573672284e-04
4.000000000000000000e+00 9.634183286573672284e-04
4.000000000000000000e+00 9.634183286573672284e-04
4.000000000000000000e+00 4.741824586360455585e-04
4.000000000000000000e+00 4.741824586360455585e-04
4.000000000000000000e+00 4.741824586360455585e-04
4.000000000000000000e+00 1.374320706099759230e-04
4.000000000000000000e+00 1.374320706099759230e-04
4.000000000000000000e+00 1.374320706099759230e-04
4.000000000000000000e+00 1.374320706099759230e-04
4.000000000000000000e+00 1.374320706099759230e-04
4.000000000000000000e+00 1.374320706099759230e-04
4.000000000000000000e+00 1.374320706099759230e-04
4.000000000000000000e+00 1.374320706099759230e-04
4.000000000000000000e+00 1.374320706099759230e-04
4.000000000000000000e+00 1.374320706099759230e-04
5.000000000000000000e+00 9.663808070445155662e-01
5.000000000000000000e+00 1.789328565051402642e-01
5.000000000000000000e+00 1.789328565051402642e-01
5.000000000000000000e+00 1.789328565051402642e-01
5.000000000000000000e+00 1.789328565051402642e-01
5.000000000000000000e+00 1.789328565051402642e-01
5.000000000000000000e+00 1.769918852330973069e-01
5.000000000000000000e+00 1.769918852330973069e-01
5.000000000000000000e+00 1.769918852330973069e-01
5.000000000000000000e+00 1.769918852330973069e-01
5.000000000000000000e+00 1.769918852330973069e-01
5.000000000000000000e+00 1.769918852330973069e-01
5.000000000000000000e+00 5.629223187522219840e-02
5.000000000000000000e+00 5.629223187522219840e-02
5.000000000000000000e+00 3.700128518499705421e-02
5.000000000000000000e+00 5.607395741013566741e-03
5.000000000000000000e+00 5.607395741013566741e-03
5.000000000000000000e+00 1.374320706099770343e-04
5.000000000000000000e+00 1.505341138527136294e-05
5.000000000000000000e+00 0.000000000000000000e+00
5.000000000000000000e+00 0.000000000000000000e+00
5.000000000000000000e+00 0.000000000000000000e+00
5.000000000000000000e+00 0.000000000000000000e+00
5.000000000000000000e+00 0.000000000000000000e+00
5.000000000000000000e+00 0.000000000000000000e+00
5.000000000000000000e+00 0.000000000000000000e+00
5.000000000000000000e+00 0.000000000000000000e+00
5.000000000000000000e+00 0.000000000000000000e+00
5.000000000000000000e+00 0.000000000000000000e+00
5.000000000000000000e+00 0.000000000000000000e+00
6.000000000000000000e+00 6.656222185014397663e-01
6.000000000000000000e+00 3.470330136461861059e-01
6.000000000000000000e+00 3.470330136461861059e-01
6.000000000000000000e+00 1.005041096395913568e-02
6.000000000000000000e+00 1.005041096395913568e-02
6.000000000000000000e+00 1.005041096395913568e-02
6.000000000000000000e+00 1.005041096395913568e-02
6.000000000000000000e+00 1.005041096395913568e-02
6.000000000000000000e+00 1.005041096395913568e-02
6.000000000000000000e+00 1.005041096395913568e-02
6.000000000000000000e+00 0.000000000000000000e+00
6.000000000000000000e+00 0.000000000000000000e+00
6.000000000000000000e+00 0.000000000000000000e+00
6.000000000000000000e+00 0.000000000000000000e+00
6.000000000000000000e+00 0.000000000000000000e+00
6.000000000000000000e+00 0.000000000000000000e+00
6.000000000000000000e+00 0.000000000000000000e+00
6.000000000000000000e+00 0.000000000000000000e+00
6.000000000000000000e+00 0.000000000000000000e+00
6.000000000000000000e+00 0.000000000000000000e+00
6.000000000000000000e+00 0.000000000000000000e+00
6.000000000000000000e+00 0.000000000000000000e+00
6.000000000000000000e+00 0.000000000000000000e+00
6.000000000000000000e+00 0.000000000000000000e+00
6.000000000000000000e+00 0.000000000000000000e+00
6.000000000000000000e+00 0.000000000000000000e+00
6.000000000000000000e+00 0.000000000000000000e+00
6.000000000000000000e+00 0.000000000000000000e+00
6.000000000000000000e+00 0.000000000000000000e+00
6.000000000000000000e+00 0.000000000000000000e+00
7.000000000000000000e+00 8.959467603889900156e-01
7.000000000000000000e+00 1.408408756617213486e-01
7.000000000000000000e+00 1.408408756617213486e-01
7.000000000000000000e+00 1.408408756617213486e-01
7.000000000000000000e+00 1.408408756617213486e-01
7.000000000000000000e+00 1.408408756617213486e-01
7.000000000000000000e+00 1.408408756617213486e-01
7.000000000000000000e+00 1.408408756617213486e-01
7.000000000000000000e+00 1.408408756617213486e-01
7.000000000000000000e+00 1.408408756617213486e-01
7.000000000000000000e+00 1.184929277191635322e-01
7.000000000000000000e+00 1.184929277191635322e-01
7.000000000000000000e+00 2.860148163201571038e-04
7.000000000000000000e+00 2.860148163201571038e-04
7.000000000000000000e+00 2.860148163201571038e-04
7.000000000000000000e+00 2.860148163201571038e-04
7.000000000000000000e+00 2.860148163201571038e-04
7.000000000000000000e+00 2.860148163201571038e-04
7.000000000000000000e+00 2.860148163201571038e-04
7.000000000000000000e+00 2.860148163201571038e-04
7.000000000000000000e+00 2.860148163201571038e-04
7.000000000000000000e+00 2.860148163201571038e-04
7.000000000000000000e+00 2.860148163201571038e-04
7.000000000000000000e+00 2.860148163201571038e-04
7.000000000000000000e+00 2.860148163201571038e-04
7.000000000000000000e+00 2.860148163201571038e-04
7.000000000000000000e+00 6.969171937625537674e-05
7.000000000000000000e+00 6.969171937625537674e-05
7.000000000000000000e+00 6.969171937625537674e-05
7.000000000000000000e+00 6.969171937625537674e-05
8.000000000000000000e+00 6.419913058533238681e-01
8.000000000000000000e+00 3.559686156774184984e-01
8.000000000000000000e+00 3.559686156774184984e-01
8.000000000000000000e+00 3.559686156774184984e-01
8.000000000000000000e+00 3.559686156774184984e-01
8.000000000000000000e+00 3.559686156774184984e-01
8.000000000000000000e+00 6.762868096250673755e-02
8.000000000000000000e+00 6.762868096250673755e-02
8.000000000000000000e+00 6.762868096250673755e-02
8.000000000000000000e+00 6.762868096250673755e-02
8.000000000000000000e+00 6.762868096250673755e-02
8.000000000000000000e+00 6.762868096250673755e-02
8.000000000000000000e+00 1.646090534979421927e-02
8.000000000000000000e+00 1.646090534979421927e-02
8.000000000000000000e+00 1.881676423158925530e-03
8.000000000000000000e+00 1.881676423158925530e-03
8.000000000000000000e+00 0.000000000000000000e+00
8.000000000000000000e+00 0.000000000000000000e+00
8.000000000000000000e+00 0.000000000000000000e+00
8.000000000000000000e+00 0.000000000000000000e+00
8.000000000000000000e+00 0.000000000000000000e+00
8.000000000000000000e+00 0.000000000000000000e+00
8.000000000000000000e+00 0.000000000000000000e+00
8.000000000000000000e+00 0.000000000000000000e+00
8.000000000000000000e+00 0.000000000000000000e+00
8.000000000000000000e+00 0.000000000000000000e+00
8.000000000000000000e+00 0.000000000000000000e+00
8.000000000000000000e+00 0.000000000000000000e+00
8.000000000000000000e+00 0.000000000000000000e+00
8.000000000000000000e+00 0.000000000000000000e+00
9.000000000000000000e+00 2.469742281484104546e-02
9.000000000000000000e+00 2.469742281484104546e-02
9.000000000000000000e+00 2.469742281484104546e-02
9.000000000000000000e+00 2.469742281484104546e-02
9.000000000000000000e+00 2.469742281484104546e-02
9.000000000000000000e+00 2.469742281484104546e-02
9.000000000000000000e+00 2.469742281484104546e-02
9.000000000000000000e+00 2.469742281484104546e-02
9.000000000000000000e+00 2.469742281484104546e-02
9.000000000000000000e+00 2.469742281484104546e-02
9.000000000000000000e+00 2.469742281484104546e-02
9.000000000000000000e+00 0.000000000000000000e+00
9.000000000000000000e+00 0.000000000000000000e+00
9.000000000000000000e+00 0.000000000000000000e+00
9.000000000000000000e+00 0.000000000000000000e+00
9.000000000000000000e+00 0.000000000000000000e+00
9.000000000000000000e+00 0.000000000000000000e+00
9.000000000000000000e+00 0.000000000000000000e+00
9.000000000000000000e+00 0.000000000000000000e+00
9.000000000000000000e+00 0.000000000000000000e+00
9.000000000000000000e+00 0.000000000000000000e+00
9.000000000000000000e+00 0.000000000000000000e+00
9.000000000000000000e+00 0.000000000000000000e+00
9.000000000000000000e+00 0.000000000000000000e+00
9.000000000000000000e+00 0.000000000000000000e+00
9.000000000000000000e+00 0.000000000000000000e+00
9.000000000000000000e+00 0.000000000000000000e+00
9.000000000000000000e+00 0.000000000000000000e+00
9.000000000000000000e+00 0.000000000000000000e+00
9.000000000000000000e+00 0.000000000000000000e+00
