1.180917401572064235e-312 2.453358457655394258e-316
0.000000000000000000e+00 8.598833998489043839e-01
0.000000000000000000e+00 8.598833998489043839e-01
0.000000000000000000e+00 8.598833998489043839e-01
0.000000000000000000e+00 8.367886563499487007e-01
0.000000000000000000e+00 8.359923618201446638e-02
0.000000000000000000e+00 6.712727986528897739e-02
0.000000000000000000e+00 6.712727986528897739e-02
0.000000000000000000e+00 6.712727986528897739e-02
0.000000000000000000e+00 6.712727986528897739e-02
0.000000000000000000e+00 6.712727986528897739e-02
0.000000000000000000e+00 6.712727986528897739e-02
0.000000000000000000e+00 6.712727986528897739e-02
0.000000000000000000e+00 2.291129212838308171e-02
0.000000000000000000e+00 2.291129212838308171e-02
0.000000000000000000e+00 5.163320105148077634e-03
0.000000000000000000e+00 2.554619665456054570e-03
0.000000000000000000e+00 2.554619665456054570e-03
0.000000000000000000e+00 2.554619665456054570e-03
0.000000000000000000e+00 2.554619665456054570e-03
0.000000000000000000e+00 2.554619665456054570e-03
0.000000000000000000e+00 2.554619665456054570e-03
0.000000000000000000e+00 2.152637828093809883e-03
0.000000000000000000e+00 2.152637828093809883e-03
0.000000000000000000e+00 2.152637828093809883e-03
0.000000000000000000e+00 2.152637828093809883e-03
0.000000000000000000e+00 2.139535784851075758e-03
0.000000000000000000e+00 2.139535784851075758e-03
0.000000000000000000e+00 2.139535784851075758e-03
0.000000000000000000e+00 2.139535784851075758e-03
0.000000000000000000e+00 2.139535784851075758e-03
1.000000000000000000e+00 9.354440566768386089e-01
1.000000000000000000e+00 8.757936610149669177e-01
1.000000000000000000e+00 4.608210122361702243e-01
1.000000000000000000e+00 4.608210122361702243e-01
1.000000000000000000e+00 3.237122642093522851e-01
1.000000000000000000e+00 3.237122642093522851e-01
1.000000000000000000e+00 3.237122642093522851e-01
1.000000000000000000e+00 3.237122642093522851e-01
1.000000000000000000e+00 1.235456032512766700e-01
1.000000000000000000e+00 1.191100628478617141e-01
1.000000000000000000e+00 6.096631611034902289e-04
1.000000000000000000e+00 6.096631611034902289e-04
1.000000000000000000e+00 6.096631611034902289e-04
1.000000000000000000e+00 6.096631611034902289e-04
1.000000000000000000e+00 6.096631611034902289e-04
1.000000000000000000e+00 6.096631611034902289e-04
1.000000000000000000e+00 6.096631611034902289e-04
1.000000000000000000e+00 6.096631611034902289e-04
1.000000000000000000e+00 6.096631611034902289e-04
1.000000000000000000e+00 6.096631611034902289e-04
1.000000000000000000e+00 6.096631611034902289e-04
1.000000000000000000e+00 6.096631611034902289e-04
1.000000000000000000e+00 6.096631611034902289e-04
1.000000000000000000e+00 6.096631611034902289e-04
1.000000000000000000e+00 6.096631611034902289e-04
1.000000000000000000e+00 6.096631611034902289e-04
1.000000000000000000e+00 6.096631611034902289e-04
1.000000000000000000e+00 6.096631611034902289e-04
1.000000000000000000e+00 6.096631611034902289e-04
1.000000000000000000e+00 6.096631611034902289e-04
2.000000000000000000e+00 4.517739384641318301e-01
2.000000000000000000e+00 4.517739384641318301e-01
2.000000000000000000e+00 1.329245634769783968e-01
2.000000000000000000e+00 1.329245634769783968e-01
2.000000000000000000e+00 1.329245634769783968e-01
2.000000000000000000e+00 1.329245634769783968e-01
2.000000000000000000e+00 2.868218862860378443e-02
2.000000000000000000e+00 2.868218862860378443e-02
2.000000000000000000e+00 2.868218862860378443e-02
2.000000000000000000e+00 2.868218862860378443e-02
2.000000000000000000e+00 2.868218862860378443e-02
2.000000000000000000e+00 3.402070973071306351e-03
2.000000000000000000e+00 2.715189386898995169e-04
2.000000000000000000e+00 2.715189386898995169e-04
2.000000000000000000e+00 2.715189386898995169e-04
2.000000000000000000e+00 2.715189386898995169e-04
2.000000000000000000e+00 2.715189386898995169e-04
2.000000000000000000e+00 2.709614049348894492e-04
2.000000000000000000e+00 2.709614049348894492e-04
2.000000000000000000e+00 2.709614049348894492e-04
2.000000000000000000e+00 2.709614049348894492e-04
2.000000000000000000e+00 2.709614049348894492e-04
2.000000000000000000e+00 2.709614049348894492e-04
2.000000000000000000e+00 2.709614049348894492e-04
2.000000000000000000e+00 2.709614049348894492e-04
2.000000000000000000e+00 2.709614049348894492e-04
2.000000000000000000e+00 2.709614049348894492e-04
2.000000000000000000e+00 2.709614049348894492e-04
2.000000000000000000e+00 2.709614049348894492e-04
2.000000000000000000e+00 2.709614049348894492e-04
3.000000000000000000e+00 9.963259878035849448e-01
3.000000000000000000e+00 3.939866519796367816e-01
3.000000000000000000e+00 3.939866519796367816e-01
3.000000000000000000e+00 2.752559369782087706e-01
3.000000000000000000e+00 2.752559369782087706e-01
3.000000000000000000e+00 2.752559369782087706e-01
3.000000000000000000e+00 2.752559369782087706e-01
3.000000000000000000e+00 5.439395485168160849e-02
3.000000000000000000e+00 5.439395485168160849e-02
3.000000000000000000e+00 5.439395485168160849e-02
3.000000000000000000e+00 5.439395485168160849e-02
3.000000000000000000e+00 1.319431507919035032e-02
3.000000000000000000e+00 2.854572825651463313e-04
3.000000000000000000e+00 2.854572825651463313e-04
3.000000000000000000e+00 2.854572825651463313e-04
3.000000000000000000e+00 2.854572825651463313e-04
3.000000000000000000e+00 2.854572825651463313e-04
3.000000000000000000e+00 2.854572825651463313e-04
3.000000000000000000e+00 2.854572825651463313e-04
3.000000000000000000e+00 2.854572825651463313e-04
3.000000000000000000e+00 2.854572825651463313e-04
3.000000000000000000e+00 2.854572825651463313e-04
3.000000000000000000e+00 2.854572825651463313e-04
3.000000000000000000e+00 2.854572825651463313e-04
3.000000000000000000e+00 2.854572825651463313e-04
3.000000000000000000e+00 2.854572825651463313e-04
3.000000000000000000e+00 2.854572825651463313e-04
3.000000000000000000e+00 2.854572825651463313e-04
3.000000000000000000e+00 2.854572825651463313e-04
3.000000000000000000e+00 2.854572825651463313e-04
4.000000000000000000e+00 1.061948145015421341e+00
4.000000000000000000e+00 8.345387130345771620e-03
4.000000000000000000e+00 8.345387130345771620e-03
4.000000000000000000e+00 8.345387130345771620e-03
4.000000000000000000e+00 8.345387130345771620e-03
4.000000000000000000e+00 8.345387130345771620e-03
4.000000000000000000e+00 8.345387130345771620e-03
4.000000000000000000e+00 8.345387130345771620e-03
4.000000000000000000e+00 8.345387130345771620e-03
4.000000000000000000e+00 8.345387130345771620e-03
4.000000000000000000e+00 8.345387130345771620e-03
4.000000000000000000e+00 8.345387130345771620e-03
4.000000000000000000e+00 1.016105268505820662e-03
4.000000000000000000e+00 8.951204436686405717e-04
4.000000000000000000e+00 8.951204436686405717e-04
4.000000000000000000e+00 3.913886960170587129e-04
4.000000000000000000e+00 3.913886960170587129e-04
4.000000000000000000e+00 3.913886960170587129e-04
4.000000000000000000e+00 3.913886960170587129e-04
4.000000000000000000e+00 2.854572825651448677e-04
4.000000000000000000e+00 2.854572825651448677e-04
4.000000000000000000e+00 2.854572825651448677e-04
4.000000000000000000e+00 2.854572825651448677e-04
4.000000000000000000e+00 2.854572825651448677e-04
4.000000000000000000e+00 2.854572825651448677e-04
4.000000000000000000e+00 2.854572825651448677e-04
4.000000000000000000e+00 2.854572825651448677e-04
4.000000000000000000e+00 2.854572825651448677e-04
4.000000000000000000e+00 2.854572825651448677e-04
4.000000000000000000e+00 2.854572825651448677e-04
5.000000000000000000e+00 9.663808070445155662e-01
5.000000000000000000e+00 1.789328565051402642e-01
5.000000000000000000e+00 1.789328565051402642e-01
5.000000000000000000e+00 1.789328565051402642e-01
5.000000000000000000e+00 1.789328565051402642e-01
5.000000000000000000e+00 1.789328565051402642e-01
5.000000000000000000e+00 1.769918852330973069e-01
5.000000000000000000e+00 1.769918852330973069e-01
5.000000000000000000e+00 1.769918852330973069e-01
5.000000000000000000e+00 1.769918852330973069e-01
5.000000000000000000e+00 1.769918852330973069e-01
5.000000000000000000e+00 3.861200020322104638e-03
5.000000000000000000e+00 3.861200020322104638e-03
5.000000000000000000e+00 3.861200020322104638e-03
5.000000000000000000e+00 3.861200020322104638e-03
5.000000000000000000e+00 1.573081489760862987e-03
5.000000000000000000e+00 1.573081489760862987e-03
5.000000000000000000e+00 1.573081489760862987e-03
5.000000000000000000e+00 1.573081489760862987e-03
5.000000000000000000e+00 1.573081489760862987e-03
5.000000000000000000e+00 1.573081489760862987e-03
5.000000000000000000e+00 1.573081489760862987e-03
5.000000000000000000e+00 1.573081489760862987e-03
5.000000000000000000e+00 1.573081489760862987e-03
5.000000000000000000e+00 1.573081489760862987e-03
5.000000000000000000e+00 1.573081489760862987e-03
5.000000000000000000e+00 1.573081489760862987e-03
5.000000000000000000e+00 1.573081489760862987e-03
5.000000000000000000e+00 1.573081489760862987e-03
5.000000000000000000e+00 1.573081489760862987e-03
6.000000000000000000e+00 6.656222185014397663e-01
6.000000000000000000e+00 3.470330136461861059e-01
6.000000000000000000e+00 3.470330136461861059e-01
6.000000000000000000e+00 1.005041096395913568e-02
6.000000000000000000e+00 1.005041096395913568e-02
6.000000000000000000e+00 1.005041096395913568e-02
6.000000000000000000e+00 1.005041096395913568e-02
6.000000000000000000e+00 1.005041096395913568e-02
6.000000000000000000e+00 1.005041096395913568e-02
6.000000000000000000e+00 1.005041096395913568e-02
6.000000000000000000e+00 3.388968929828562685e-03
6.000000000000000000e+00 3.388968929828562685e-03
6.000000000000000000e+00 1.153537339115791273e-03
6.000000000000000000e+00 1.119527780060179363e-03
6.000000000000000000e+00 7.300904521856595468e-04
6.000000000000000000e+00 7.300904521856595468e-04
6.000000000000000000e+00 6.141234311435707707e-04
6.000000000000000000e+00 6.141234311435707707e-04
6.000000000000000000e+00 6.141234311435707707e-04
6.000000000000000000e+00 6.141234311435707707e-04
6.000000000000000000e+00 6.141234311435707707e-04
6.000000000000000000e+00 6.141234311435707707e-04
6.000000000000000000e+00 6.141234311435707707e-04
6.000000000000000000e+00 6.141234311435707707e-04
6.000000000000000000e+00 6.141234311435707707e-04
6.000000000000000000e+00 6.141234311435707707e-04
6.000000000000000000e+00 6.141234311435707707e-04
6.000000000000000000e+00 6.141234311435707707e-04
6.000000000000000000e+00 6.141234311435707707e-04
6.000000000000000000e+00 6.141234311435707707e-04
7.000000000000000000e+00 8.959467603889900156e-01
7.000000000000000000e+00 1.408408756617213486e-01
7.000000000000000000e+00 1.408408756617213486e-01
7.000000000000000000e+00 1.408408756617213486e-01
7.000000000000000000e+00 1.408408756617213486e-01
7.000000000000000000e+00 1.408408756617213486e-01
7.000000000000000000e+00 1.408408756617213486e-01
7.000000000000000000e+00 1.408408756617213486e-01
7.000000000000000000e+00 1.408408756617213486e-01
7.000000000000000000e+00 1.408408756617213486e-01
7.000000000000000000e+00 1.016105268505816976e-03
7.000000000000000000e+00 1.016105268505816976e-03
7.000000000000000000e+00 1.016105268505816976e-03
7.000000000000000000e+00 1.016105268505816976e-03
7.000000000000000000e+00 1.016105268505816976e-03
7.000000000000000000e+00 1.016105268505816976e-03
7.000000000000000000e+00 1.016105268505816976e-03
7.000000000000000000e+00 1.016105268505816976e-03
7.000000000000000000e+00 1.016105268505816976e-03
7.000000000000000000e+00 1.016105268505816976e-03
7.000000000000000000e+00 1.016105268505816976e-03
7.000000000000000000e+00 1.016105268505816976e-03
7.000000000000000000e+00 1.016105268505816976e-03
7.000000000000000000e+00 1.016105268505816976e-03
7.000000000000000000e+00 1.016105268505816976e-03
7.000000000000000000e+00 1.016105268505816976e-03
7.000000000000000000e+00 1.016105268505816976e-03
7.000000000000000000e+00 1.016105268505816976e-03
7.000000000000000000e+00 1.016105268505816976e-03
7.000000000000000000e+00 1.016105268505816976e-03
8.000000000000000000e+00 6.419913058533238681e-01
8.000000000000000000e+00 3.559686156774184984e-01
8.000000000000000000e+00 3.559686156774184984e-01
8.000000000000000000e+00 3.559686156774184984e-01
8.000000000000000000e+00 3.559686156774184984e-01
8.000000000000000000e+00 3.559686156774184984e-01
8.000000000000000000e+00 6.762868096250673755e-02
8.000000000000000000e+00 6.762868096250673755e-02
8.000000000000000000e+00 6.762868096250673755e-02
8.000000000000000000e+00 6.762868096250673755e-02
8.000000000000000000e+00 3.746041423224778094e-02
8.000000000000000000e+00 3.746041423224778094e-02
8.000000000000000000e+00 3.746041423224778094e-02
8.000000000000000000e+00 3.535237910455479166e-02
8.000000000000000000e+00 3.535237910455479166e-02
8.000000000000000000e+00 3.535237910455479166e-02
8.000000000000000000e+00 3.535237910455479166e-02
8.000000000000000000e+00 3.535237910455479166e-02
8.000000000000000000e+00 3.535237910455479166e-02
8.000000000000000000e+00 3.535237910455479166e-02
8.000000000000000000e+00 3.535237910455479166e-02
8.000000000000000000e+00 3.535237910455479166e-02
8.000000000000000000e+00 3.166791728457085675e-02
8.000000000000000000e+00 2.805760745400327077e-02
8.000000000000000000e+00 1.772594943991203514e-02
8.000000000000000000e+00 1.292642010990800163e-03
8.000000000000000000e+00 1.292642010990800163e-03
8.000000000000000000e+00 1.031158679891087775e-03
8.000000000000000000e+00 6.252741062437702823e-04
8.000000000000000000e+00 3.531976337988668776e-04
9.000000000000000000e+00 2.469742281484104546e-02
9.000000000000000000e+00 2.469742281484104546e-02
9.000000000000000000e+00 2.469742281484104546e-02
9.000000000000000000e+00 2.469742281484104546e-02
9.000000000000000000e+00 2.469742281484104546e-02
9.000000000000000000e+00 2.469742281484104546e-02
9.000000000000000000e+00 2.469742281484104546e-02
9.000000000000000000e+00 2.469742281484104546e-02
9.000000000000000000e+00 2.469742281484104546e-02
9.000000000000000000e+00 2.469742281484104546e-02
9.000000000000000000e+00 2.469742281484104546e-02
9.000000000000000000e+00 2.469742281484104546e-02
9.000000000000000000e+00 1.573081489760862987e-03
9.000000000000000000e+00 1.573081489760862987e-03
9.000000000000000000e+00 1.505341138527136294e-05
9.000000000000000000e+00 1.505341138527136294e-05
9.000000000000000000e+00 1.505341138527136294e-05
9.000000000000000000e+00 1.505341138527136294e-05
9.000000000000000000e+00 1.505341138527136294e-05
9.000000000000000000e+00 1.505341138527136294e-05
9.000000000000000000e+00 1.505341138527136294e-05
9.000000000000000000e+00 0.000000000000000000e+00
9.000000000000000000e+00 0.000000000000000000e+00
9.000000000000000000e+00 0.000000000000000000e+00
9.000000000000000000e+00 0.000000000000000000e+00
9.000000000000000000e+00 0.000000000000000000e+00
9.000000000000000000e+00 0.000000000000000000e+00
9.000000000000000000e+00 0.000000000000000000e+00
9.000000000000000000e+00 0.000000000000000000e+00
9.000000000000000000e+00 0.000000000000000000e+00
