6.940792352976331791e-310 6.940792352976331791e-310
0.000000000000000000e+00 -4.913726213393240227e-01
0.000000000000000000e+00 -8.894920590475300370e-01
0.000000000000000000e+00 -8.894920590475300370e-01
0.000000000000000000e+00 -8.894920590475300370e-01
0.000000000000000000e+00 -8.894920590475300370e-01
0.000000000000000000e+00 -8.894920590475300370e-01
0.000000000000000000e+00 -8.894920590475300370e-01
0.000000000000000000e+00 -2.380417614486506128e+00
0.000000000000000000e+00 -2.380417614486506128e+00
0.000000000000000000e+00 -3.820750105141462072e+00
0.000000000000000000e+00 -3.820750105141462072e+00
0.000000000000000000e+00 -3.820750105141462072e+00
0.000000000000000000e+00 -3.820750105141462072e+00
0.000000000000000000e+00 -3.820750105141462072e+00
0.000000000000000000e+00 -3.820750105141462072e+00
0.000000000000000000e+00 -3.820750105141462072e+00
0.000000000000000000e+00 -3.820750105141462072e+00
0.000000000000000000e+00 -3.820750105141462072e+00
0.000000000000000000e+00 -3.820750105141462072e+00
0.000000000000000000e+00 -5.980132867393999518e+00
0.000000000000000000e+00 -5.980132867393999518e+00
0.000000000000000000e+00 -5.980132867393999518e+00
0.000000000000000000e+00 -5.980132867393999518e+00
0.000000000000000000e+00 -5.980132867393999518e+00
0.000000000000000000e+00 -5.980132867393999518e+00
0.000000000000000000e+00 -5.980132867393999518e+00
0.000000000000000000e+00 -5.980132867393999518e+00
0.000000000000000000e+00 -5.980132867393999518e+00
0.000000000000000000e+00 -5.980132867393999518e+00
0.000000000000000000e+00 -5.980132867393999518e+00
1.000000000000000000e+00 1.197010007209800220e+00
1.000000000000000000e+00 -1.908493751643738634e-01
1.000000000000000000e+00 -1.908493751643738634e-01
1.000000000000000000e+00 -2.508944445089823283e+00
1.000000000000000000e+00 -3.379960808642548109e+00
1.000000000000000000e+00 -3.379960808642548109e+00
1.000000000000000000e+00 -3.379960808642548109e+00
1.000000000000000000e+00 -5.588100135096977006e+00
1.000000000000000000e+00 -5.588100135096977006e+00
1.000000000000000000e+00 -5.956595196537914028e+00
1.000000000000000000e+00 -5.956595196537914028e+00
1.000000000000000000e+00 -5.956595196537914028e+00
1.000000000000000000e+00 -7.860341537206948281e+00
1.000000000000000000e+00 -7.860341537206948281e+00
1.000000000000000000e+00 -7.860341537206948281e+00
1.000000000000000000e+00 -7.860341537206948281e+00
1.000000000000000000e+00 -7.860341537206948281e+00
1.000000000000000000e+00 -7.860341537206948281e+00
1.000000000000000000e+00 -7.860341537206948281e+00
1.000000000000000000e+00 -7.860341537206948281e+00
1.000000000000000000e+00 -7.860341537206948281e+00
1.000000000000000000e+00 -7.860341537206948281e+00
1.000000000000000000e+00 -7.860341537206948281e+00
1.000000000000000000e+00 -7.860341537206948281e+00
1.000000000000000000e+00 -7.860341537206948281e+00
1.000000000000000000e+00 -7.860341537206948281e+00
1.000000000000000000e+00 -7.860341537206948281e+00
1.000000000000000000e+00 -7.860341537206948281e+00
1.000000000000000000e+00 -7.860341537206948281e+00
1.000000000000000000e+00 -7.860341537206948281e+00
2.000000000000000000e+00 2.776923062972583622e+00
2.000000000000000000e+00 2.194706731890425200e+00
2.000000000000000000e+00 2.194706731890425200e+00
2.000000000000000000e+00 2.194706731890425200e+00
2.000000000000000000e+00 1.634197785125565572e+00
2.000000000000000000e+00 1.634197785125565572e+00
2.000000000000000000e+00 1.634197785125565572e+00
2.000000000000000000e+00 1.620499326702427911e+00
2.000000000000000000e+00 -5.644256438696367839e-01
2.000000000000000000e+00 -2.390024704303469250e+00
2.000000000000000000e+00 -2.390024704303469250e+00
2.000000000000000000e+00 -2.390024704303469250e+00
2.000000000000000000e+00 -2.390024704303469250e+00
2.000000000000000000e+00 -2.390024704303469250e+00
2.000000000000000000e+00 -2.827967129421584236e+00
2.000000000000000000e+00 -2.827967129421584236e+00
2.000000000000000000e+00 -2.827967129421584236e+00
2.000000000000000000e+00 -2.827967129421584236e+00
2.000000000000000000e+00 -2.827967129421584236e+00
2.000000000000000000e+00 -2.827967129421584236e+00
2.000000000000000000e+00 -3.370226910062366521e+00
2.000000000000000000e+00 -5.226174289677054219e+00
2.000000000000000000e+00 -5.226174289677054219e+00
2.000000000000000000e+00 -5.226174289677054219e+00
2.000000000000000000e+00 -5.226174289677054219e+00
2.000000000000000000e+00 -5.226174289677054219e+00
2.000000000000000000e+00 -5.226174289677054219e+00
2.000000000000000000e+00 -5.226174289677054219e+00
2.000000000000000000e+00 -5.226174289677054219e+00
2.000000000000000000e+00 -5.226174289677054219e+00
3.000000000000000000e+00 5.653925168101815446e-01
3.000000000000000000e+00 -2.021194395609972327e-02
3.000000000000000000e+00 -2.741856749513595926e+00
3.000000000000000000e+00 -2.741856749513595926e+00
3.000000000000000000e+00 -2.741856749513595926e+00
3.000000000000000000e+00 -2.741856749513595926e+00
3.000000000000000000e+00 -2.741856749513595926e+00
3.000000000000000000e+00 -2.741856749513595926e+00
3.000000000000000000e+00 -2.741856749513595926e+00
3.000000000000000000e+00 -2.741856749513595926e+00
3.000000000000000000e+00 -2.741856749513595926e+00
3.000000000000000000e+00 -3.503461908524993618e+00
3.000000000000000000e+00 -3.503461908524993618e+00
3.000000000000000000e+00 -3.503461908524993618e+00
3.000000000000000000e+00 -3.503461908524993618e+00
3.000000000000000000e+00 -3.757728383063492217e+00
3.000000000000000000e+00 -3.757728383063492217e+00
3.000000000000000000e+00 -3.757728383063492217e+00
3.000000000000000000e+00 -3.757728383063492217e+00
3.000000000000000000e+00 -3.757728383063492217e+00
3.000000000000000000e+00 -5.800795429989072716e+00
3.000000000000000000e+00 -5.800795429989072716e+00
3.000000000000000000e+00 -5.800795429989072716e+00
3.000000000000000000e+00 -5.800795429989072716e+00
3.000000000000000000e+00 -5.800795429989072716e+00
3.000000000000000000e+00 -5.800795429989072716e+00
3.000000000000000000e+00 -5.800795429989072716e+00
3.000000000000000000e+00 -5.800795429989072716e+00
3.000000000000000000e+00 -6.063933466362152913e+00
3.000000000000000000e+00 -6.063933466362152913e+00
